	velocity	Amplitude
0	-146.99695509100002	0.3384279
1	-146.79084531026402	0.2852117
2	-146.584735529528	0.32468262
3	-146.37862574879202	0.29856563
4	-146.17251596805602	0.35608792
5	-145.96640618732002	0.25001052
6	-145.76029640658402	0.26734573
7	-145.554186625848	0.20821495
8	-145.34807684511202	0.26812148
9	-145.14196706437602	0.28920734
10	-144.93585728364002	0.2625208
11	-144.72974750290402	0.27388382
12	-144.523637722168	0.32798737
13	-144.31752794143202	0.31600398
14	-144.11141816069602	0.22250502
15	-143.90530837996002	0.23853913
16	-143.69919859922402	0.31570318
17	-143.493088818488	0.29491168
18	-143.286979037752	0.26342112
19	-143.08086925701602	0.23297514
20	-142.87475947628002	0.23653096
21	-142.66864969554402	0.28594908
22	-142.462539914808	0.26804495
23	-142.256430134072	0.30026126
24	-142.05032035333602	0.34380665
25	-141.84421057260002	0.29632667
26	-141.63810079186402	0.2878434
27	-141.431991011128	0.2633115
28	-141.225881230392	0.23270527
29	-141.01977144965602	0.2801536
30	-140.81366166892002	0.3073854
31	-140.60755188818402	0.23081858
32	-140.401442107448	0.39633304
33	-140.195332326712	0.28871608
34	-139.98922254597602	0.3199907
35	-139.78311276524002	0.2597003
36	-139.57700298450402	0.31394354
37	-139.37089320376802	0.2366361
38	-139.164783423032	0.30812076
39	-138.95867364229602	0.3115033
40	-138.75256386156002	0.26985553
41	-138.54645408082402	0.35491648
42	-138.34034430008802	0.22636163
43	-138.134234519352	0.28029916
44	-137.928124738616	0.26241478
45	-137.72201495788002	0.22168219
46	-137.51590517714402	0.3044049
47	-137.30979539640802	0.29403934
48	-137.103685615672	0.24493423
49	-136.897575834936	0.23684414
50	-136.69146605420002	0.2616368
51	-136.48535627346402	0.2616057
52	-136.27924649272802	0.32029858
53	-136.073136711992	0.24945574
54	-135.867026931256	0.25460532
55	-135.66091715052002	0.2752211
56	-135.45480736978402	0.2343516
57	-135.24869758904802	0.32392234
58	-135.042587808312	0.29262382
59	-134.836478027576	0.3181172
60	-134.63036824684002	0.32237625
61	-134.42425846610402	0.26533347
62	-134.21814868536802	0.2827891
63	-134.012038904632	0.2066613
64	-133.805929123896	0.25278774
65	-133.59981934316002	0.20743895
66	-133.39370956242402	0.26492667
67	-133.18759978168802	0.25994992
68	-132.981490000952	0.2737443
69	-132.775380220216	0.29152724
70	-132.56927043948002	0.27862564
71	-132.36316065874402	0.21691543
72	-132.15705087800802	0.2477797
73	-131.950941097272	0.27072453
74	-131.744831316536	0.2559579
75	-131.53872153580002	0.2786784
76	-131.33261175506402	0.24838427
77	-131.12650197432802	0.25602633
78	-130.92039219359202	0.30819282
79	-130.714282412856	0.29109642
80	-130.50817263212002	0.30880427
81	-130.302062851384	0.26591334
82	-130.09595307064802	0.247028
83	-129.88984328991202	0.29708242
84	-129.683733509176	0.2990155
85	-129.47762372844002	0.2511878
86	-129.271513947704	0.3010362
87	-129.06540416696802	0.28372568
88	-128.85929438623202	0.2483865
89	-128.653184605496	0.23825431
90	-128.44707482476002	0.23983218
91	-128.240965044024	0.3010237
92	-128.03485526328802	0.2552353
93	-127.82874548255201	0.2503189
94	-127.62263570181601	0.31641445
95	-127.41652592108001	0.25172323
96	-127.21041614034401	0.24393202
97	-127.00430635960802	0.28971428
98	-126.79819657887201	0.22829987
99	-126.59208679813601	0.28866884
100	-126.38597701740001	0.31211576
101	-126.17986723666401	0.3200744
102	-125.97375745592802	0.29096693
103	-125.76764767519201	0.30589294
104	-125.56153789445601	0.2801757
105	-125.35542811372	0.263604
106	-125.14931833298401	0.25519714
107	-124.94320855224802	0.26709133
108	-124.73709877151201	0.31449488
109	-124.53098899077601	0.26962999
110	-124.32487921004	0.25142345
111	-124.11876942930401	0.22084323
112	-123.91265964856801	0.22847901
113	-123.70654986783201	0.3436035
114	-123.50044008709601	0.2951191
115	-123.29433030636001	0.28213263
116	-123.08822052562401	0.3104192
117	-122.88211074488801	0.24681073
118	-122.67600096415201	0.31719387
119	-122.46989118341601	0.2577224
120	-122.26378140268001	0.2715962
121	-122.05767162194401	0.24891078
122	-121.85156184120801	0.2109265
123	-121.64545206047201	0.2337309
124	-121.43934227973601	0.31518424
125	-121.23323249900001	0.29026908
126	-121.02712271826401	0.33489084
127	-120.82101293752801	0.2759327
128	-120.61490315679201	0.2562018
129	-120.40879337605601	0.2929538
130	-120.20268359532001	0.33568522
131	-119.99657381458401	0.26181638
132	-119.79046403384801	0.2721653
133	-119.58435425311202	0.31070277
134	-119.37824447237601	0.2846019
135	-119.17213469164001	0.3151697
136	-118.966024910904	0.27725393
137	-118.75991513016801	0.29007477
138	-118.55380534943201	0.25744036
139	-118.34769556869601	0.25431865
140	-118.14158578796001	0.27454042
141	-117.935476007224	0.21986935
142	-117.72936622648801	0.32920703
143	-117.52325644575201	0.2561396
144	-117.31714666501601	0.27612042
145	-117.11103688428001	0.21821038
146	-116.904927103544	0.24466155
147	-116.69881732280801	0.299376
148	-116.49270754207201	0.30276084
149	-116.28659776133601	0.3158977
150	-116.08048798060001	0.36856145
151	-115.874378199864	0.23571911
152	-115.66826841912801	0.27016345
153	-115.46215863839201	0.25697896
154	-115.25604885765601	0.29069135
155	-115.04993907692001	0.2534749
156	-114.84382929618401	0.29184854
157	-114.63771951544801	0.2521226
158	-114.43160973471201	0.3363053
159	-114.22549995397601	0.25843745
160	-114.01939017324001	0.30278218
161	-113.81328039250401	0.28967175
162	-113.607170611768	0.25179455
163	-113.40106083103201	0.25611532
164	-113.19495105029601	0.28293064
165	-112.98884126956001	0.26762515
166	-112.78273148882401	0.2613602
167	-112.576621708088	0.2523883
168	-112.37051192735201	0.25200844
169	-112.16440214661601	0.2916312
170	-111.95829236588001	0.27827528
171	-111.75218258514401	0.2895538
172	-111.546072804408	0.2547672
173	-111.33996302367201	0.25109494
174	-111.13385324293603	0.3528405
175	-110.92774346220001	0.2276694
176	-110.72163368146401	0.30499724
177	-110.515523900728	0.2566368
178	-110.30941411999201	0.27519125
179	-110.10330433925601	0.20699535
180	-109.89719455852001	0.29895788
181	-109.69108477778401	0.2482246
182	-109.484974997048	0.25918448
183	-109.27886521631201	0.31228405
184	-109.07275543557601	0.24220796
185	-108.86664565484001	0.26583916
186	-108.66053587410401	0.25833395
187	-108.454426093368	0.2900716
188	-108.248316312632	0.22772007
189	-108.04220653189601	0.32263833
190	-107.83609675116001	0.27721497
191	-107.62998697042401	0.21914658
192	-107.423877189688	0.30529302
193	-107.217767408952	0.3007617
194	-107.01165762821601	0.2745965
195	-106.80554784748001	0.3318789
196	-106.59943806674401	0.309929
197	-106.39332828600801	0.2641678
198	-106.187218505272	0.24900918
199	-105.98110872453601	0.26892215
200	-105.77499894380001	0.26885408
201	-105.56888916306401	0.2903233
202	-105.36277938232801	0.25979292
203	-105.156669601592	0.3206186
204	-104.95055982085601	0.21307349
205	-104.74445004012001	0.27020884
206	-104.53834025938401	0.31199503
207	-104.33223047864801	0.27305102
208	-104.126120697912	0.31559116
209	-103.92001091717601	0.29634684
210	-103.71390113644	0.32844958
211	-103.50779135570401	0.27693337
212	-103.30168157496801	0.3151173
213	-103.095571794232	0.30226663
214	-102.88946201349601	0.30907297
215	-102.68335223276	0.21408576
216	-102.47724245202402	0.28275335
217	-102.27113267128802	0.27886608
218	-102.065022890552	0.29733524
219	-101.858913109816	0.28312576
220	-101.65280332908002	0.3094434
221	-101.44669354834402	0.2906055
222	-101.24058376760802	0.31342176
223	-101.034473986872	0.2675792
224	-100.828364206136	0.36051995
225	-100.62225442540002	0.23185971
226	-100.41614464466402	0.23587728
227	-100.21003486392802	0.25655532
228	-100.003925083192	0.27642882
229	-99.797815302456	0.2725172
230	-99.59170552172002	0.30879432
231	-99.38559574098402	0.2668152
232	-99.17948596024802	0.28590578
233	-98.973376179512	0.25076565
234	-98.767266398776	0.27153602
235	-98.56115661804002	0.21834433
236	-98.35504683730402	0.27428323
237	-98.14893705656802	0.30309784
238	-97.942827275832	0.34289768
239	-97.736717495096	0.30095232
240	-97.53060771436002	0.31176627
241	-97.324497933624	0.24256332
242	-97.11838815288802	0.24038798
243	-96.91227837215202	0.2071464
244	-96.706168591416	0.27162632
245	-96.50005881068	0.26982877
246	-96.293949029944	0.28878906
247	-96.08783924920802	0.21948975
248	-95.88172946847202	0.26869646
249	-95.675619687736	0.2529556
250	-95.469509907	0.23393404
251	-95.263400126264	0.2299846
252	-95.05729034552802	0.28121597
253	-94.85118056479202	0.28113732
254	-94.645070784056	0.29205453
255	-94.43896100332	0.24868767
256	-94.232851222584	0.35105798
257	-94.02674144184802	0.2511915
258	-93.82063166111202	0.22081889
259	-93.614521880376	0.28321683
260	-93.40841209964	0.32672963
261	-93.20230231890402	0.27269915
262	-92.99619253816802	0.28409684
263	-92.79008275743202	0.21921152
264	-92.583972976696	0.2581274
265	-92.37786319596	0.3075548
266	-92.17175341522402	0.2534232
267	-91.96564363448802	0.26577887
268	-91.75953385375202	0.23003006
269	-91.553424073016	0.28442347
270	-91.34731429228	0.2558471
271	-91.14120451154402	0.2866224
272	-90.935094730808	0.26708305
273	-90.72898495007202	0.29475015
274	-90.522875169336	0.24477278
275	-90.3167653886	0.21591602
276	-90.110655607864	0.28251335
277	-89.904545827128	0.25427058
278	-89.69843604639202	0.2280984
279	-89.492326265656	0.22756733
280	-89.28621648492	0.25771374
281	-89.080106704184	0.33091795
282	-88.873996923448	0.24418679
283	-88.66788714271202	0.24824032
284	-88.46177736197602	0.31047332
285	-88.25566758124	0.23377165
286	-88.049557800504	0.26771533
287	-87.843448019768	0.24461156
288	-87.63733823903202	0.28842482
289	-87.43122845829602	0.29127902
290	-87.22511867756	0.28644377
291	-87.019008896824	0.24123767
292	-86.812899116088	0.1696672
293	-86.60678933535202	0.3347309
294	-86.40067955461602	0.27485952
295	-86.19456977388	0.29465503
296	-85.988459993144	0.27813423
297	-85.782350212408	0.3008981
298	-85.576240431672	0.2530746
299	-85.37013065093602	0.24078438
300	-85.1640208702	0.27801567
301	-84.957911089464	0.21526654
302	-84.751801308728	0.23525575
303	-84.545691527992	0.2232639
304	-84.33958174725602	0.3221769
305	-84.13347196652	0.26465786
306	-83.927362185784	0.25825837
307	-83.721252405048	0.24826759
308	-83.515142624312	0.268319
309	-83.30903284357602	0.22721186
310	-83.10292306284	0.28115392
311	-82.896813282104	0.307657
312	-82.690703501368	0.2873335
313	-82.484593720632	0.26657695
314	-82.27848393989602	0.27164975
315	-82.07237415916	0.2816586
316	-81.866264378424	0.31916583
317	-81.660154597688	0.2725461
318	-81.454044816952	0.24157366
319	-81.247935036216	0.30813324
320	-81.04182525548	0.30569708
321	-80.835715474744	0.24768996
322	-80.62960569400802	0.33121863
323	-80.423495913272	0.2742693
324	-80.217386132536	0.26935127
325	-80.01127635180002	0.22428544
326	-79.805166571064	0.28310943
327	-79.599056790328	0.233851
328	-79.392947009592	0.28560805
329	-79.186837228856	0.3549976
330	-78.98072744812002	0.22156537
331	-78.774617667384	0.33045852
332	-78.568507886648	0.32584625
333	-78.362398105912	0.34837708
334	-78.156288325176	0.29584983
335	-77.95017854444002	0.3050527
336	-77.744068763704	0.23878925
337	-77.53795898296801	0.32305568
338	-77.33184920223201	0.29401606
339	-77.12573942149601	0.30738735
340	-76.91962964076001	0.25919247
341	-76.71351986002401	0.23532969
342	-76.50741007928801	0.28887874
343	-76.30130029855201	0.26004413
344	-76.09519051781601	0.27498803
345	-75.88908073708001	0.288927
346	-75.68297095634401	0.29037243
347	-75.47686117560801	0.25219017
348	-75.27075139487202	0.25893426
349	-75.06464161413601	0.24888223
350	-74.85853183340001	0.24341518
351	-74.65242205266401	0.32293457
352	-74.44631227192801	0.31718343
353	-74.24020249119202	0.24063696
354	-74.03409271045601	0.2536731
355	-73.82798292972001	0.2567593
356	-73.62187314898401	0.20416734
357	-73.41576336824801	0.27482072
358	-73.20965358751201	0.26804042
359	-73.00354380677601	0.29299578
360	-72.79743402604001	0.34820294
361	-72.59132424530401	0.31929132
362	-72.38521446456801	0.2531517
363	-72.17910468383201	0.2414379
364	-71.97299490309601	0.23830082
365	-71.76688512236001	0.23164548
366	-71.56077534162401	0.23794985
367	-71.35466556088801	0.26789933
368	-71.14855578015201	0.21874996
369	-70.94244599941601	0.33218884
370	-70.73633621868001	0.23470174
371	-70.53022643794401	0.24017815
372	-70.32411665720801	0.36397758
373	-70.11800687647201	0.3206032
374	-69.91189709573601	0.27749762
375	-69.70578731500001	0.2528412
376	-69.49967753426401	0.27898607
377	-69.29356775352801	0.26141018
378	-69.08745797279201	0.27244684
379	-68.88134819205601	0.27280262
380	-68.67523841132001	0.23114783
381	-68.46912863058401	0.29581723
382	-68.26301884984801	0.2853359
383	-68.05690906911201	0.27042398
384	-67.850799288376	0.21848422
385	-67.64468950764001	0.32291728
386	-67.43857972690401	0.30973566
387	-67.23246994616801	0.29538
388	-67.02636016543201	0.2906077
389	-66.820250384696	0.29415584
390	-66.61414060396001	0.23386018
391	-66.40803082322401	0.25120372
392	-66.20192104248801	0.2744218
393	-65.99581126175201	0.24233124
394	-65.78970148101601	0.3318897
395	-65.58359170028001	0.2288731
396	-65.37748191954401	0.26800847
397	-65.17137213880801	0.2264372
398	-64.96526235807201	0.26320744
399	-64.75915257733601	0.23216051
400	-64.55304279660001	0.30799615
401	-64.34693301586401	0.22274137
402	-64.140823235128	0.2756055
403	-63.93471345439201	0.28676325
404	-63.728603673656	0.2755295
405	-63.52249389292002	0.2708603
406	-63.31638411218401	0.25403848
407	-63.110274331448004	0.20542231
408	-62.90416455071201	0.25761226
409	-62.698054769976004	0.2593568
410	-62.49194498924002	0.2946248
411	-62.28583520850401	0.23136505
412	-62.079725427768004	0.21813208
413	-61.87361564703201	0.29177856
414	-61.667505866296004	0.1989045
415	-61.461396085560004	0.20058253
416	-61.25528630482401	0.31014588
417	-61.049176524088004	0.27808246
418	-60.84306674335201	0.2380718
419	-60.63695696261601	0.33655512
420	-60.430847181880004	0.25707972
421	-60.22473740114401	0.1700425
422	-60.018627620408004	0.23623966
423	-59.81251783967201	0.2798216
424	-59.60640805893601	0.207036
425	-59.400298278200005	0.30492574
426	-59.19418849746401	0.2834025
427	-58.988078716728005	0.2522695
428	-58.78196893599202	0.2914276
429	-58.57585915525601	0.27946973
430	-58.369749374520005	0.1819638
431	-58.16363959378401	0.36127588
432	-57.957529813048005	0.24266455
433	-57.751420032312005	0.2735733
434	-57.54531025157601	0.30267584
435	-57.339200470840005	0.2723266
436	-57.13309069010401	0.2639805
437	-56.926980909368005	0.22923186
438	-56.720871128632005	0.26044595
439	-56.51476134789601	0.2225649
440	-56.308651567160005	0.23110747
441	-56.10254178642401	0.20645243
442	-55.89643200568801	0.20592341
443	-55.690322224952006	0.29267257
444	-55.48421244421601	0.19930021
445	-55.278102663480006	0.31991273
446	-55.071992882744	0.22750509
447	-54.86588310200801	0.22577278
448	-54.659773321272006	0.19225286
449	-54.45366354053601	0.35819134
450	-54.247553759800006	0.26565534
451	-54.041443979064006	0.21456157
452	-53.83533419832801	0.28977355
453	-53.629224417592006	0.29579026
454	-53.42311463685601	0.2273634
455	-53.217004856120006	0.29562166
456	-53.010895075384006	0.22064252
457	-52.80478529464801	0.2273204
458	-52.598675513912006	0.22863051
459	-52.39256573317601	0.28283042
460	-52.186455952440014	0.23400962
461	-51.98034617170401	0.24408649
462	-51.774236390968014	0.2208212
463	-51.56812661023201	0.33686945
464	-51.362016829496	0.26642358
465	-51.155907048760014	0.26336235
466	-50.94979726802401	0.25817478
467	-50.743687487288014	0.3002173
468	-50.53757770655201	0.25322425
469	-50.331467925816	0.33099097
470	-50.125358145080014	0.28483364
471	-49.91924836434401	0.17683227
472	-49.713138583608014	0.1966884
473	-49.50702880287201	0.32842287
474	-49.30091902213601	0.27719238
475	-49.094809241400014	0.2374496
476	-48.88869946066401	0.22306961
477	-48.682589679928	0.2465769
478	-48.47647989919201	0.21625593
479	-48.27037011845601	0.18629442
480	-48.064260337720015	0.22316515
481	-47.85815055698401	0.19455275
482	-47.652040776248	0.2891618
483	-47.445930995512015	0.26236117
484	-47.23982121477601	0.2128526
485	-47.033711434040015	0.16103694
486	-46.82760165330401	0.22765617
487	-46.621491872568	0.29655418
488	-46.415382091832015	0.2879597
489	-46.20927231109601	0.30788708
490	-46.00316253036	0.23877618
491	-45.79705274962401	0.23128006
492	-45.590942968888	0.27298424
493	-45.384833188152015	0.26195085
494	-45.17872340741601	0.18650796
495	-44.97261362668	0.34973013
496	-44.76650384594401	0.23814002
497	-44.56039406520801	0.26595002
498	-44.354284284472016	0.27271682
499	-44.14817450373601	0.24959588
500	-43.942064723	0.3025365
501	-43.73595494226401	0.30932623
502	-43.52984516152801	0.26978466
503	-43.323735380792016	0.2545007
504	-43.11762560005601	0.2615583
505	-42.91151581932	0.28655675
506	-42.705406038584016	0.26910904
507	-42.49929625784801	0.2513025
508	-42.293186477112	0.29759374
509	-42.08707669637601	0.24366201
510	-41.88096691564	0.249661
511	-41.674857134904016	0.24459542
512	-41.46874735416801	0.2771592
513	-41.262637573432	0.3010896
514	-41.05652779269601	0.26898044
515	-40.85041801196001	0.24339162
516	-40.64430823122402	0.24681576
517	-40.43819845048801	0.2331512
518	-40.232088669752	0.21121392
519	-40.02597888901601	0.19702297
520	-39.81986910828001	0.26934686
521	-39.613759327544	0.18243012
522	-39.40764954680801	0.2326554
523	-39.201539766072	0.20751694
524	-38.99542998533602	0.22538635
525	-38.78932020460001	0.21015921
526	-38.583210423864	0.22547376
527	-38.37710064312801	0.250966
528	-38.170990862392	0.3045045
529	-37.96488108165602	0.33660468
530	-37.75877130092001	0.28595442
531	-37.552661520184	0.3064751
532	-37.34655173944801	0.33982706
533	-37.140441958712	0.22955549
534	-36.93433217797602	0.22034144
535	-36.72822239724001	0.28747433
536	-36.522112616504	0.25595462
537	-36.31600283576801	0.29468948
538	-36.10989305503201	0.2603615
539	-35.903783274296	0.26251677
540	-35.69767349356001	0.19524448
541	-35.491563712824004	0.22217913
542	-35.28545393208801	0.2611329
543	-35.07934415135201	0.3200686
544	-34.873234370616004	0.27978498
545	-34.66712458988001	0.25113034
546	-34.461014809144004	0.3101264
547	-34.25490502840802	0.29361457
548	-34.04879524767201	0.23096769
549	-33.842685466936004	0.19591449
550	-33.63657568620001	0.19307213
551	-33.430465905464004	0.22132519
552	-33.224356124728004	0.24432948
553	-33.01824634399201	0.26107112
554	-32.812136563256004	0.2196945
555	-32.60602678252001	0.22450438
556	-32.399917001784004	0.18646272
557	-32.193807221048004	0.20761845
558	-31.98769744031201	0.30036458
559	-31.781587659576005	0.20602241
560	-31.575477878840015	0.23300585
561	-31.369368098104008	0.29066634
562	-31.163258317368005	0.22202677
563	-30.957148536632012	0.27776107
564	-30.751038755896005	0.34249467
565	-30.54492897516	0.28732824
566	-30.33881919442401	0.27132276
567	-30.132709413688005	0.28435892
568	-29.926599632952012	0.2618448
569	-29.72048985221601	0.23158945
570	-29.51438007148	0.30889937
571	-29.308270290744012	0.27299485
572	-29.102160510008005	0.30803132
573	-28.896050729272012	0.32327825
574	-28.68994094853601	0.3829035
575	-28.483831167800002	0.3014878
576	-28.277721387064013	0.29891014
577	-28.071611606328005	0.32918042
578	-27.865501825592016	0.40087637
579	-27.65939204485601	0.3317334
580	-27.453282264120002	0.33664855
581	-27.247172483384013	0.3362344
582	-27.041062702648006	0.3372571
583	-26.834952921912002	0.21063659
584	-26.62884314117601	0.2671281
585	-26.422733360440006	0.28427726
586	-26.216623579704013	0.2506579
587	-26.01051379896801	0.2654317
588	-25.804404018232002	0.27727708
589	-25.59829423749601	0.3084826
590	-25.392184456760006	0.27335358
591	-25.186074676024013	0.247272
592	-24.97996489528801	0.36283362
593	-24.773855114552003	0.27417746
594	-24.567745333816013	0.25021324
595	-24.361635553080006	0.29696268
596	-24.155525772344	0.2547677
597	-23.94941599160801	0.31576872
598	-23.743306210872003	0.30011624
599	-23.537196430136014	0.29089728
600	-23.331086649400007	0.25158256
601	-23.124976868664003	0.24245082
602	-22.91886708792801	0.34762454
603	-22.712757307192007	0.3632931
604	-22.506647526456014	0.3380223
605	-22.300537745720007	0.30299592
606	-22.094427964984003	0.2424404
607	-21.88831818424801	0.271623
608	-21.682208403512007	0.31775323
609	-21.476098622776014	0.24467959
610	-21.26998884204001	0.28388992
611	-21.063879061304004	0.24240465
612	-20.857769280568014	0.18069991
613	-20.651659499832007	0.28229222
614	-20.445549719096	0.22862718
615	-20.23943993836001	0.3723465
616	-20.033330157624004	0.31578255
617	-19.827220376888015	0.30074942
618	-19.621110596152008	0.25184056
619	-19.415000815416	0.30553803
620	-19.20889103468001	0.26295516
621	-19.002781253944004	0.33203572
622	-18.796671473208015	0.20876496
623	-18.590561692472008	0.28422078
624	-18.384451911736004	0.3202381
625	-18.17834213100001	0.26917464
626	-17.972232350264008	0.36329103
627	-17.766122569528	0.20645157
628	-17.560012788792008	0.2543975
629	-17.353903008056005	0.30182117
630	-17.14779322732001	0.23876931
631	-16.94168344658401	0.2654352
632	-16.735573665848	0.2749887
633	-16.529463885112012	0.15713902
634	-16.323354104376005	0.24123603
635	-16.117244323640016	0.21921164
636	-15.911134542904009	0.28033102
637	-15.705024762168003	0.25718158
638	-15.498914981431998	0.29987535
639	-15.292805200696021	0.1816504
640	-15.086695419960016	0.25683823
641	-14.880585639224009	0.23770179
642	-14.674475858488004	0.2669153
643	-14.468366077751998	0.20934714
644	-14.262256297016021	0.26341873
645	-14.056146516280016	0.19700328
646	-13.85003673554401	0.26703614
647	-13.643926954808006	0.27830517
648	-13.437817174071998	0.2104038
649	-13.231707393335993	0.225401
650	-13.025597612600016	0.14278436
651	-12.819487831864011	0.17368478
652	-12.613378051128006	0.19436288
653	-12.407268270392	0.3005233
654	-12.201158489655993	0.16172552
655	-11.995048708920018	0.11668969
656	-11.788938928184011	0.115087524
657	-11.582829147448006	0.17091207
658	-11.376719366712	0.19556297
659	-11.170609585975996	0.1928406
660	-10.964499805240019	0.23195133
661	-10.758390024504013	0.1525976
662	-10.552280243768008	0.2066761
663	-10.346170463032001	0.15218303
664	-10.140060682295996	0.22988857
665	-9.933950901560019	0.19154006
666	-9.727841120824014	0.2324016
667	-9.521731340088008	0.24812979
668	-9.315621559352003	0.10895726
669	-9.109511778615998	0.20449112
670	-8.903401997880021	0.1743359
671	-8.697292217144016	0.10723752
672	-8.491182436408009	0.17031214
673	-8.285072655672003	0.17850073
674	-8.078962874935998	0.0766387
675	-7.872853094200021	0.2846247
676	-7.666743313464016	0.19567406
677	-7.460633532728011	0.23775871
678	-7.2545237519920045	0.2122543
679	-7.048413971255999	0.29187042
680	-6.842304190519993	0.20111853
681	-6.636194409784017	0.17877458
682	-6.430084629048011	0.13264966
683	-6.223974848312006	0.1627545
684	-6.017865067576	0.2611935
685	-5.811755286839994	0.18902493
686	-5.605645506104018	0.17433324
687	-5.399535725368012	0.27199143
688	-5.193425944632007	0.23777214
689	-4.987316163896001	0.34114462
690	-4.781206383159995	0.21651332
691	-4.5750966024240185	0.21235546
692	-4.368986821688013	0.21829501
693	-4.162877040952008	0.18512774
694	-3.956767260216002	0.15626183
695	-3.750657479479996	0.25124684
696	-3.5445476987440196	0.31508127
697	-3.338437918008014	0.2860196
698	-3.1323281372720087	0.2196269
699	-2.926218356536003	0.19264902
700	-2.720108575799997	0.15021038
701	-2.513998795064021	0.21062715
702	-2.307889014328015	0.25899732
703	-2.1017792335920094	0.15346238
704	-1.8956694528560039	0.33376354
705	-1.6895596721199981	0.14617467
706	-1.4834498913840215	0.11708239
707	-1.277340110648016	0.17220247
708	-1.0712303299120103	0.09652153
709	-0.8651205491760047	0.1990937
710	-0.6590107684399991	0.049454823
711	-0.45290098770399345	0.046132624
712	-0.24679120696801693	0.06922847
713	-0.04068142623201129	0.052915946
714	0.16542835450399435	0.050319836
715	0.37153813523999996	0.061501194
716	0.5776479159760056	0.07087274
717	0.7837576967119821	0.060935497
718	0.9898674774479878	0.069635734
719	1.1959772581839934	0.034293815
720	1.402087038919999	0.059672028
721	1.6081968196560046	0.1575405
722	1.8143066003919812	0.07485385
723	2.020416381127987	0.13354763
724	2.2265261618639927	0.14379628
725	2.432635942599998	0.16270244
726	2.6387457233360037	0.16983894
727	2.84485550407198	0.14875226
728	3.050965284807986	0.07466285
729	3.2570750655439915	0.14341047
730	3.4631848462799972	0.091516
731	3.669294627016003	0.1004108
732	3.8754044077519794	0.06580953
733	4.081514188487985	0.15339091
734	4.287623969223991	0.22049195
735	4.493733749959996	0.080285326
736	4.699843530696002	0.19152251
737	4.905953311431978	0.12452676
738	5.112063092167984	0.07129873
739	5.31817287290399	0.12523146
740	5.524282653639995	0.21496482
741	5.730392434376001	0.12230869
742	5.936502215112006	0.14039963
743	6.142611995847983	0.11070761
744	6.3487217765839885	0.12137676
745	6.554831557319995	0.2080011
746	6.760941338056	0.22415638
747	6.967051118792005	0.1924399
748	7.173160899527982	0.20822372
749	7.379270680263987	0.26730824
750	7.5853804609999935	0.21033098
751	7.791490241735999	0.15176596
752	7.997600022472005	0.24849902
753	8.203709803207982	0.2548865
754	8.409819583943987	0.1583009
755	8.615929364679992	0.22796464
756	8.822039145415998	0.22379999
757	9.028148926152003	0.2690442
758	9.23425870688798	0.22750896
759	9.440368487623985	0.27202055
760	9.646478268359992	0.21479535
761	9.852588049095997	0.22496676
762	10.058697829832003	0.293354
763	10.26480761056798	0.25307208
764	10.470917391303985	0.25404578
765	10.67702717203999	0.22691184
766	10.883136952775995	0.2663254
767	11.089246733512002	0.26036668
768	11.295356514248008	0.26091254
769	11.501466294983985	0.32825023
770	11.70757607571999	0.25941533
771	11.913685856455995	0.23860198
772	12.119795637192	0.22432397
773	12.325905417928006	0.24029762
774	12.532015198663983	0.19440359
775	12.738124979399988	0.26217353
776	12.944234760135995	0.29708704
777	13.150344540872	0.15831727
778	13.356454321608005	0.26965868
779	13.562564102343982	0.30197367
780	13.768673883079988	0.29384708
781	13.974783663815993	0.23223655
782	14.180893444552	0.2502591
783	14.387003225288005	0.18582389
784	14.593113006023982	0.30691242
785	14.799222786759987	0.26955906
786	15.005332567495993	0.3371786
787	15.211442348231998	0.31854042
788	15.417552128968003	0.3011332
789	15.62366190970398	0.26212087
790	15.829771690439985	0.22997236
791	16.03588147117599	0.25769234
792	16.241991251911998	0.26041704
793	16.448101032648	0.24708067
794	16.65421081338398	0.26808733
795	16.860320594119983	0.26709282
796	17.06643037485599	0.22355601
797	17.272540155591997	0.21908249
798	17.478649936328	0.22925735
799	17.684759717064008	0.27647287
800	17.890869497799983	0.2593915
801	18.09697927853599	0.31769642
802	18.303089059271993	0.32412797
803	18.509198840008	0.29338756
804	18.715308620744008	0.263456
805	18.921418401479983	0.2275739
806	19.12752818221599	0.2367178
807	19.333637962951993	0.25209004
808	19.539747743688	0.2338207
809	19.745857524424004	0.28427833
810	19.951967305159982	0.312228
811	20.15807708589599	0.3541628
812	20.364186866631993	0.2621578
813	20.570296647368	0.27146256
814	20.776406428104004	0.26131535
815	20.982516208839982	0.26734796
816	21.188625989575986	0.22388454
817	21.394735770311993	0.3011655
818	21.600845551048	0.27091146
819	21.806955331784003	0.31318074
820	22.013065112519982	0.26881272
821	22.219174893255985	0.30111986
822	22.425284673991992	0.35376364
823	22.631394454727996	0.25096002
824	22.837504235464003	0.28512496
825	23.043614016199978	0.30595303
826	23.249723796935985	0.30766428
827	23.455833577671992	0.27967262
828	23.661943358407996	0.20850295
829	23.868053139144003	0.27693677
830	24.074162919880006	0.29917383
831	24.280272700615985	0.326621
832	24.48638248135199	0.24840887
833	24.692492262087995	0.22685704
834	24.898602042824002	0.20894913
835	25.104711823560006	0.2879539
836	25.310821604295985	0.2748064
837	25.516931385031988	0.2801271
838	25.723041165767995	0.24966902
839	25.929150946504	0.2943301
840	26.135260727240006	0.25242305
841	26.34137050797598	0.21939164
842	26.547480288711988	0.30435863
843	26.753590069447995	0.3102248
844	26.959699850184	0.24405397
845	27.165809630920005	0.29890227
846	27.37191941165598	0.30485877
847	27.578029192391988	0.23182267
848	27.78413897312799	0.34988007
849	27.990248753863998	0.21824056
850	28.196358534600005	0.27778763
851	28.40246831533598	0.2715119
852	28.608578096071987	0.37956798
853	28.81468787680799	0.28749084
854	29.020797657543998	0.30829895
855	29.22690743828	0.2607164
856	29.43301721901598	0.25094634
857	29.639126999751984	0.2834748
858	29.84523678048799	0.33188975
859	30.051346561223998	0.26558542
860	30.25745634196	0.25526407
861	30.463566122696008	0.24885716
862	30.669675903431983	0.3156831
863	30.87578568416799	0.2644881
864	31.081895464903994	0.31521812
865	31.28800524564	0.23057377
866	31.494115026376008	0.29928172
867	31.700224807111983	0.302272
868	31.90633458784799	0.2902634
869	32.11244436858399	0.286799
870	32.31855414932	0.27625135
871	32.52466393005601	0.1857672
872	32.73077371079198	0.28613263
873	32.936883491527986	0.31017804
874	33.14299327226399	0.20968068
875	33.349103053	0.2928601
876	33.55521283373601	0.2699747
877	33.76132261447198	0.25613678
878	33.967432395207986	0.23727857
879	34.17354217594399	0.30012932
880	34.37965195668	0.239103
881	34.58576173741601	0.28160828
882	34.79187151815198	0.21910211
883	34.997981298887986	0.3521737
884	35.20409107962399	0.2395806
885	35.41020086036	0.27523527
886	35.616310641096	0.28329116
887	35.82242042183198	0.34078023
888	36.028530202567985	0.2380927
889	36.23463998330399	0.31776255
890	36.44074976404	0.27162957
891	36.646859544776	0.33054247
892	36.85296932551201	0.31305388
893	37.059079106247985	0.24563332
894	37.26518888698399	0.23996146
895	37.47129866771999	0.28456497
896	37.677408448456	0.24793875
897	37.883518229192006	0.2751872
898	38.089628009927985	0.23750132
899	38.29573779066399	0.32395893
900	38.50184757139999	0.25277632
901	38.707957352136	0.30157283
902	38.914067132872006	0.23928733
903	39.120176913607985	0.2962131
904	39.326286694343985	0.2706551
905	39.53239647507999	0.2705237
906	39.738506255816	0.32374564
907	39.944616036552006	0.29091668
908	40.150725817287984	0.21827708
909	40.356835598023984	0.26863062
910	40.56294537875999	0.21728832
911	40.769055159496	0.2746462
912	40.975164940232006	0.31741732
913	41.18127472096798	0.27774876
914	41.387384501703984	0.29659274
915	41.59349428243999	0.272165
916	41.799604063176	0.33756104
917	42.005713843912005	0.2841209
918	42.21182362464798	0.21900904
919	42.417933405383984	0.29949024
920	42.62404318611999	0.26500288
921	42.830152966856	0.24939981
922	43.036262747592005	0.33211428
923	43.242372528328005	0.19423652
924	43.448482309063984	0.3055527
925	43.65459208979999	0.29487357
926	43.860701870536	0.31988493
927	44.066811651272	0.31539652
928	44.272921432008005	0.24024566
929	44.47903121274398	0.2507856
930	44.68514099347999	0.27359483
931	44.891250774216	0.22598292
932	45.097360554952	0.25725406
933	45.303470335688004	0.2609734
934	45.50958011642398	0.21897139
935	45.71568989715999	0.35422876
936	45.92179967789599	0.29156044
937	46.127909458632	0.34274763
938	46.334019239368004	0.31249067
939	46.54012902010398	0.29414275
940	46.74623880083999	0.24020694
941	46.95234858157599	0.29628235
942	47.158458362312	0.26599547
943	47.364568143048004	0.3681342
944	47.57067792378398	0.23096067
945	47.77678770451998	0.26129293
946	47.98289748525599	0.3059519
947	48.189007265992	0.29171413
948	48.395117046728004	0.28959215
949	48.60122682746401	0.24822696
950	48.80733660819998	0.26757634
951	49.01344638893599	0.3257912
952	49.219556169671996	0.2615757
953	49.425665950408	0.27756774
954	49.63177573114401	0.24027164
955	49.83788551187998	0.26240343
956	50.04399529261599	0.24077292
957	50.250105073351996	0.29894456
958	50.456214854088	0.23153043
959	50.662324634824	0.26321918
960	50.86843441555998	0.26685524
961	51.07454419629599	0.23206949
962	51.280653977031996	0.24117152
963	51.486763757768	0.31541374
964	51.692873538504	0.22708891
965	51.89898331923998	0.26925695
966	52.10509309997599	0.25362825
967	52.311202880711996	0.26252308
968	52.517312661447995	0.23154818
969	52.723422442184	0.22750887
970	52.92953222291998	0.2483502
971	53.13564200365599	0.31449524
972	53.341751784391995	0.24523602
973	53.547861565127995	0.3314094
974	53.753971345864	0.24813072
975	53.96008112659998	0.2667039
976	54.16619090733599	0.24349086
977	54.37230068807199	0.29824907
978	54.578410468807995	0.26026428
979	54.784520249544	0.24076043
980	54.99063003028001	0.2844078
981	55.19673981101599	0.2989833
982	55.40284959175199	0.25321212
983	55.608959372487995	0.27920884
984	55.815069153224	0.30274248
985	56.02117893396001	0.29042003
986	56.22728871469598	0.22433724
987	56.43339849543199	0.2575232
988	56.639508276167994	0.26774833
989	56.845618056904	0.30424356
990	57.05172783764001	0.28792578
991	57.25783761837598	0.32742235
992	57.46394739911199	0.25929907
993	57.670057179847994	0.2355578
994	57.876166960584	0.34490287
995	58.08227674132001	0.2753724
996	58.28838652205598	0.2271058
997	58.49449630279199	0.2536584
998	58.700606083527994	0.25921553
999	58.906715864264	0.31953418
1000	59.112825645	0.27951902
1001	59.31893542573598	0.26986074
1002	59.52504520647199	0.26225746
1003	59.731154987207994	0.29493096
1004	59.937264767944	0.3146425
1005	60.14337454868	0.19210196
1006	60.34948432941598	0.24781974
1007	60.555594110151986	0.28539717
1008	60.76170389088799	0.27160472
1009	60.967813671624	0.2630788
1010	61.17392345236	0.24648455
1011	61.38003323309601	0.31782615
1012	61.586143013831986	0.25361502
1013	61.79225279456799	0.3165215
1014	61.99836257530399	0.2710711
1015	62.20447235604	0.2586706
1016	62.41058213677601	0.3532911
1017	62.616691917511986	0.31438655
1018	62.82280169824799	0.27149424
1019	63.02891147898399	0.28140587
1020	63.23502125972	0.28266644
1021	63.44113104045601	0.3056879
1022	63.647240821191986	0.34619486
1023	63.853350601927986	0.28714228
1024	64.059460382664	0.2722976
1025	64.2655701634	0.22843653
1026	64.471679944136	0.3544102
1027	64.67778972487199	0.3133048
1028	64.88389950560799	0.2881161
1029	65.090009286344	0.24976678
1030	65.29611906708	0.28435865
1031	65.502228847816	0.2986914
1032	65.70833862855199	0.25317562
1033	65.91444840928798	0.28279936
1034	66.120558190024	0.25874087
1035	66.32666797076	0.28210878
1036	66.532777751496	0.26400736
1037	66.73888753223198	0.26712263
1038	66.94499731296798	0.22912359
1039	67.15110709370398	0.23945059
1040	67.35721687444	0.24936777
1041	67.563326655176	0.3405106
1042	67.76943643591201	0.28652993
1043	67.97554621664798	0.3166204
1044	68.18165599738398	0.2612605
1045	68.38776577812	0.299573
1046	68.593875558856	0.23025152
1047	68.79998533959201	0.22341853
1048	69.00609512032798	0.3637818
1049	69.21220490106398	0.3307576
1050	69.4183146818	0.27452406
1051	69.624424462536	0.30072045
1052	69.83053424327201	0.27187207
1053	70.03664402400798	0.18690638
1054	70.24275380474398	0.27608982
1055	70.44886358548	0.24470423
1056	70.654973366216	0.29125595
1057	70.86108314695201	0.28653187
1058	71.06719292768798	0.2656741
1059	71.27330270842398	0.2751451
1060	71.47941248916	0.2875575
1061	71.685522269896	0.18091568
1062	71.891632050632	0.28671718
1063	72.09774183136798	0.23508249
1064	72.30385161210398	0.28252682
1065	72.50996139284	0.24575134
1066	72.716071173576	0.20107254
1067	72.922180954312	0.3013892
1068	73.12829073504798	0.26642576
1069	73.33440051578398	0.27891234
1070	73.54051029652	0.29892418
1071	73.746620077256	0.2953949
1072	73.952729857992	0.2817173
1073	74.15883963872801	0.30384803
1074	74.36494941946398	0.22482026
1075	74.5710592002	0.26058975
1076	74.777168980936	0.31573552
1077	74.983278761672	0.24119382
1078	75.18938854240801	0.23991193
1079	75.39549832314398	0.21254185
1080	75.60160810387998	0.27597895
1081	75.807717884616	0.2906918
1082	76.013827665352	0.21772674
1083	76.21993744608801	0.29005045
1084	76.42604722682398	0.30303848
1085	76.63215700755998	0.29241237
1086	76.838266788296	0.26603496
1087	77.044376569032	0.2601082
1088	77.25048634976801	0.23827109
1089	77.45659613050398	0.3096679
1090	77.66270591123998	0.2784136
1091	77.868815691976	0.28520373
1092	78.074925472712	0.23441705
1093	78.28103525344801	0.26701227
1094	78.48714503418398	0.28404742
1095	78.69325481491998	0.25345492
1096	78.899364595656	0.28749776
1097	79.105474376392	0.2319987
1098	79.31158415712801	0.25806582
1099	79.51769393786398	0.27333587
1100	79.72380371859998	0.3816128
1101	79.929913499336	0.25387996
1102	80.136023280072	0.2520268
1103	80.342133060808	0.25051713
1104	80.54824284154401	0.2857304
1105	80.75435262227998	0.25118867
1106	80.960462403016	0.26398054
1107	81.166572183752	0.25155655
1108	81.372681964488	0.2912223
1109	81.57879174522401	0.27642146
1110	81.78490152595998	0.23642303
1111	81.991011306696	0.26051003
1112	82.197121087432	0.28838068
1113	82.403230868168	0.24948491
1114	82.60934064890401	0.25661036
1115	82.81545042963998	0.25931057
1116	83.021560210376	0.29498115
1117	83.227669991112	0.25632137
1118	83.433779771848	0.25885695
1119	83.63988955258401	0.27293056
1120	83.84599933331998	0.23679909
1121	84.05210911405598	0.27966377
1122	84.258218894792	0.28619912
1123	84.464328675528	0.2870484
1124	84.67043845626401	0.2789837
1125	84.87654823699998	0.30048877
1126	85.08265801773598	0.2479246
1127	85.288767798472	0.259456
1128	85.494877579208	0.25635818
1129	85.70098735994401	0.25946605
1130	85.90709714068001	0.2461289
1131	86.11320692141598	0.31037313
1132	86.319316702152	0.27013922
1133	86.525426482888	0.24783573
1134	86.73153626362401	0.28595832
1135	86.93764604436001	0.28309146
1136	87.14375582509598	0.25001904
1137	87.349865605832	0.28642464
1138	87.555975386568	0.24794795
1139	87.76208516730401	0.28579423
1140	87.96819494804001	0.24949987
1141	88.17430472877598	0.22546884
1142	88.380414509512	0.23428571
1143	88.586524290248	0.298207
1144	88.79263407098401	0.28531197
1145	88.99874385172001	0.2699329
1146	89.20485363245598	0.2666571
1147	89.410963413192	0.28747115
1148	89.617073193928	0.31231853
1149	89.823182974664	0.2707238
1150	90.02929275540001	0.30557114
1151	90.23540253613598	0.2774098
1152	90.441512316872	0.28172827
1153	90.647622097608	0.25316074
1154	90.85373187834399	0.2338779
1155	91.05984165908	0.2733351
1156	91.26595143981598	0.25066143
1157	91.47206122055199	0.27360708
1158	91.67817100128799	0.28825366
1159	91.88428078202399	0.27176183
1160	92.09039056276	0.23132253
1161	92.296500343496	0.36515403
1162	92.50261012423199	0.3135436
1163	92.70871990496799	0.24446464
1164	92.91482968570399	0.30065393
1165	93.12093946644	0.22373268
1166	93.327049247176	0.27921987
1167	93.53315902791198	0.26421604
1168	93.73926880864799	0.26302737
1169	93.94537858938399	0.25938287
1170	94.15148837012	0.27630845
1171	94.357598150856	0.3448199
1172	94.56370793159198	0.27026185
1173	94.76981771232799	0.17686534
1174	94.97592749306399	0.2662772
1175	95.1820372738	0.27381843
1176	95.388147054536	0.24104717
1177	95.59425683527198	0.33028638
1178	95.80036661600799	0.29027355
1179	96.00647639674399	0.3003498
1180	96.21258617748	0.27523157
1181	96.418695958216	0.22582823
1182	96.62480573895198	0.23567814
1183	96.83091551968799	0.26908728
1184	97.03702530042399	0.28671598
1185	97.24313508116	0.2751121
1186	97.449244861896	0.239758
1187	97.65535464263198	0.278377
1188	97.86146442336799	0.25725728
1189	98.06757420410399	0.21322653
1190	98.27368398483999	0.30999458
1191	98.479793765576	0.28892136
1192	98.685903546312	0.2475596
1193	98.89201332704799	0.28105888
1194	99.09812310778399	0.28984144
1195	99.30423288851999	0.25380167
1196	99.510342669256	0.25873604
1197	99.716452449992	0.2511879
1198	99.92256223072799	0.21247077
1199	100.12867201146399	0.31375754
1200	100.33478179219999	0.251629
1201	100.540891572936	0.25551277
1202	100.747001353672	0.29592967
1203	100.95311113440799	0.21818992
1204	101.15922091514399	0.32111907
1205	101.36533069587999	0.24893229
1206	101.571440476616	0.2936172
1207	101.777550257352	0.2644122
1208	101.98366003808798	0.30789486
1209	102.18976981882399	0.23761798
1210	102.39587959955999	0.22186641
1211	102.601989380296	0.27254453
1212	102.808099161032	0.3265619
1213	103.01420894176798	0.2720304
1214	103.22031872250399	0.3191766
1215	103.42642850323999	0.266299
1216	103.632538283976	0.25716022
1217	103.838648064712	0.28740174
1218	104.04475784544798	0.2749043
1219	104.25086762618399	0.24169096
1220	104.45697740691999	0.30984604
1221	104.663087187656	0.22464696
1222	104.869196968392	0.23667625
1223	105.075306749128	0.20743315
1224	105.28141652986399	0.25759515
1225	105.48752631059999	0.31177074
1226	105.693636091336	0.2826718
1227	105.899745872072	0.31969252
1228	106.105855652808	0.24124448
1229	106.31196543354399	0.30129707
1230	106.51807521427999	0.27813607
1231	106.72418499501599	0.29266798
1232	106.930294775752	0.2108571
1233	107.136404556488	0.26992223
1234	107.34251433722399	0.2529068
1235	107.54862411795999	0.27206787
1236	107.75473389869599	0.27063322
1237	107.960843679432	0.29371604
1238	108.166953460168	0.31681693
1239	108.37306324090399	0.25011128
1240	108.57917302163999	0.33538482
1241	108.78528280237599	0.32951817
1242	108.991392583112	0.3092596
1243	109.197502363848	0.33598235
1244	109.40361214458399	0.26602152
1245	109.60972192531999	0.2506062
1246	109.81583170605599	0.26130435
1247	110.021941486792	0.26958376
1248	110.228051267528	0.25108722
1249	110.43416104826397	0.2359657
1250	110.64027082899999	0.21886006
1251	110.84638060973599	0.25996062
1252	111.052490390472	0.25733805
1253	111.258600171208	0.23420168
1254	111.464709951944	0.23455124
1255	111.67081973267999	0.28161442
1256	111.87692951341599	0.29056638
1257	112.083039294152	0.2659487
1258	112.289149074888	0.20710756
1259	112.495258855624	0.3115477
1260	112.70136863635999	0.303092
1261	112.90747841709599	0.2860622
1262	113.113588197832	0.27095434
1263	113.319697978568	0.32422933
1264	113.525807759304	0.29993662
1265	113.73191754003999	0.27523136
1266	113.93802732077599	0.30165
1267	114.144137101512	0.34801728
1268	114.350246882248	0.21720628
1269	114.556356662984	0.2683084
1270	114.76246644371999	0.3378304
1271	114.96857622445599	0.22430536
1272	115.174686005192	0.2757077
1273	115.38079578592797	0.24687544
1274	115.586905566664	0.2880538
1275	115.79301534739999	0.28759557
1276	115.99912512813601	0.26942694
1277	116.20523490887199	0.29484412
1278	116.41134468960797	0.24446245
1279	116.617454470344	0.2734134
1280	116.82356425107999	0.21962206
1281	117.02967403181601	0.29840475
1282	117.23578381255199	0.31644845
1283	117.44189359328797	0.27419662
1284	117.648003374024	0.27280164
1285	117.85411315475999	0.2637603
1286	118.06022293549601	0.2880752
1287	118.26633271623199	0.2336144
1288	118.47244249696797	0.30950373
1289	118.678552277704	0.27939236
1290	118.88466205843999	0.25529766
1291	119.09077183917601	0.2464173
1292	119.29688161991199	0.27850485
1293	119.50299140064797	0.24156147
1294	119.709101181384	0.27478766
1295	119.91521096211997	0.25617215
1296	120.12132074285601	0.28312254
1297	120.32743052359199	0.26588207
1298	120.53354030432803	0.2913288
1299	120.739650085064	0.3191543
1300	120.94575986579997	0.24110448
1301	121.15186964653601	0.2508016
1302	121.35797942727199	0.2559236
1303	121.56408920800803	0.2992618
1304	121.770198988744	0.25278935
1305	121.97630876947997	0.28420153
1306	122.18241855021601	0.2588924
1307	122.38852833095198	0.22915374
1308	122.59463811168803	0.27971667
1309	122.800747892424	0.28475413
1310	123.00685767315997	0.29817376
1311	123.21296745389601	0.26680773
1312	123.41907723463198	0.29706925
1313	123.62518701536803	0.31552443
1314	123.831296796104	0.27449143
1315	124.03740657683997	0.28650138
1316	124.24351635757601	0.32941705
1317	124.44962613831198	0.30041403
1318	124.65573591904803	0.29669693
1319	124.861845699784	0.28696737
1320	125.06795548051997	0.19361117
1321	125.27406526125601	0.2594933
1322	125.48017504199198	0.26448756
1323	125.68628482272801	0.26732475
1324	125.892394603464	0.28576663
1325	126.09850438419997	0.19709775
1326	126.30461416493601	0.20239505
1327	126.51072394567198	0.25597
1328	126.71683372640801	0.29601532
1329	126.922943507144	0.27810007
1330	127.12905328787997	0.26892677
1331	127.33516306861601	0.2602774
1332	127.54127284935198	0.2629725
1333	127.74738263008801	0.2644746
1334	127.953492410824	0.22073491
1335	128.15960219155997	0.29582593
1336	128.365711972296	0.2982228
1337	128.57182175303197	0.26181683
1338	128.77793153376803	0.30561107
1339	128.984041314504	0.28180236
1340	129.19015109523997	0.30095088
1341	129.396260875976	0.3036094
1342	129.60237065671197	0.21654505
1343	129.80848043744803	0.242344
1344	130.014590218184	0.26752752
1345	130.22069999891997	0.2691201
1346	130.426809779656	0.30386803
1347	130.63291956039197	0.30321193
1348	130.83902934112803	0.23074353
1349	131.045139121864	0.28601503
1350	131.25124890259997	0.2699644
1351	131.457358683336	0.26750934
1352	131.66346846407197	0.23385958
1353	131.86957824480803	0.32789138
1354	132.075688025544	0.25738558
1355	132.28179780627997	0.23425406
1356	132.487907587016	0.28872013
1357	132.69401736775197	0.25681287
1358	132.90012714848802	0.30744115
1359	133.106236929224	0.28119564
1360	133.31234670996002	0.25519204
1361	133.518456490696	0.31559998
1362	133.72456627143197	0.2960466
1363	133.93067605216802	0.23999053
1364	134.136785832904	0.266678
1365	134.34289561364002	0.28876925
1366	134.549005394376	0.22276527
1367	134.75511517511197	0.26639026
1368	134.96122495584802	0.3028964
1369	135.167334736584	0.29898185
1370	135.37344451732002	0.25102848
1371	135.579554298056	0.26583523
1372	135.78566407879197	0.26568207
1373	135.991773859528	0.29944652
1374	136.197883640264	0.28059605
1375	136.40399342100002	0.26307294
1376	136.610103201736	0.26114896
1377	136.81621298247197	0.25662974
1378	137.022322763208	0.2688117
1379	137.228432543944	0.25416607
1380	137.43454232468002	0.29851794
1381	137.640652105416	0.21176355
1382	137.84676188615197	0.26405996
1383	138.052871666888	0.28460974
1384	138.258981447624	0.30034035
1385	138.46509122836002	0.31784508
1386	138.671201009096	0.2666099
1387	138.87731078983197	0.24386796
1388	139.083420570568	0.27002332
1389	139.289530351304	0.24387342
1390	139.49564013204002	0.273899
1391	139.701749912776	0.24026047
1392	139.90785969351197	0.29202917
1393	140.113969474248	0.23963782
1394	140.320079254984	0.29849622
1395	140.52618903572002	0.33988023
1396	140.732298816456	0.2909387
1397	140.93840859719197	0.20733015
1398	141.144518377928	0.27497464
1399	141.350628158664	0.290802
1400	141.55673793940002	0.30365965
1401	141.762847720136	0.31539285
1402	141.96895750087197	0.2899239
1403	142.175067281608	0.2695182
1404	142.381177062344	0.33018416
1405	142.58728684308002	0.23663665
1406	142.793396623816	0.22564258
1407	142.99950640455197	0.2643183
1408	143.205616185288	0.28715008
1409	143.411725966024	0.31514066
1410	143.61783574676002	0.23842782
1411	143.823945527496	0.24140769
1412	144.03005530823197	0.22951682
1413	144.236165088968	0.25124988
1414	144.44227486970397	0.2833911
1415	144.64838465044002	0.2517154
1416	144.854494431176	0.32022598
1417	145.06060421191202	0.30458087
1418	145.266713992648	0.27205193
1419	145.47282377338396	0.24735548
1420	145.67893355412002	0.3264536
1421	145.885043334856	0.29299086
1422	146.09115311559202	0.2706142
1423	146.297262896328	0.26570535
1424	146.50337267706396	0.29512188
1425	146.70948245780002	0.28950307
1426	146.915592238536	0.2655353
1427	147.12170201927202	0.31789467
1428	147.327811800008	0.23423693
1429	147.53392158074396	0.3181061
1430	147.74003136148002	0.28095973
1431	147.946141142216	0.30564195
1432	148.15225092295202	0.2369701
1433	148.358360703688	0.28693298
1434	148.56447048442396	0.26539665
1435	148.77058026516002	0.20339575
1436	148.976690045896	0.25577503
1437	149.18279982663202	0.32176435
1438	149.388909607368	0.26641133
1439	149.59501938810396	0.2895603
1440	149.80112916884002	0.29906738
1441	150.007238949576	0.24181211
1442	150.21334873031202	0.33515805
1443	150.419458511048	0.31496608
1444	150.62556829178396	0.2472616
1445	150.83167807252002	0.27604926
1446	151.037787853256	0.30406263
1447	151.24389763399202	0.2161995
1448	151.450007414728	0.24497986
1449	151.65611719546396	0.28830066
1450	151.86222697620002	0.2801164
1451	152.068336756936	0.3417782
1452	152.27444653767202	0.30043077
1453	152.480556318408	0.2966498
1454	152.68666609914396	0.27586848
1455	152.89277587988002	0.31804127
1456	153.098885660616	0.27382833
1457	153.30499544135202	0.20359398
1458	153.511105222088	0.2696458
1459	153.71721500282396	0.3048346
1460	153.92332478356	0.26000437
1461	154.129434564296	0.27915972
1462	154.33554434503202	0.23830345
1463	154.541654125768	0.26169074
1464	154.74776390650396	0.3425805
1465	154.95387368724	0.28055266
1466	155.159983467976	0.28195795
1467	155.36609324871202	0.3601859
1468	155.572203029448	0.17649841
1469	155.77831281018396	0.29312056
1470	155.98442259092	0.29727447
1471	156.190532371656	0.28934097
1472	156.39664215239202	0.26962692
1473	156.602751933128	0.29359004
1474	156.80886171386396	0.19797803
1475	157.0149714946	0.25483096
1476	157.221081275336	0.30166018
1477	157.42719105607202	0.22521119
1478	157.633300836808	0.23986667
1479	157.83941061754402	0.24791387
1480	158.04552039828	0.31603545
1481	158.251630179016	0.28966004
1482	158.45773995975202	0.26350132
1483	158.663849740488	0.28154993
1484	158.86995952122402	0.28450635
1485	159.07606930196	0.35521933
1486	159.282179082696	0.255297
1487	159.48828886343202	0.28897682
1488	159.694398644168	0.2845882
1489	159.90050842490402	0.25706604
1490	160.10661820564	0.22763394
1491	160.312727986376	0.28496552
1492	160.51883776711202	0.23114102
1493	160.724947547848	0.22891138
1494	160.93105732858402	0.2555141
1495	161.13716710932	0.2531972
1496	161.34327689005596	0.23006688
1497	161.54938667079202	0.2333897
1498	161.755496451528	0.32333836
1499	161.96160623226402	0.24055006
