	velocity	Amplitude
0	-146.732230437	0.079611585
1	-146.52612083817502	0.065039665
2	-146.32001123934998	0.04048011
3	-146.113901640525	0.036136657
4	-145.9077920417	0.096676685
5	-145.70168244287498	0.07525854
6	-145.49557284404997	0.07419748
7	-145.289463245225	0.06791999
8	-145.08335364639998	0.08484508
9	-144.87724404757498	0.10818499
10	-144.67113444875	0.10429767
11	-144.465024849925	0.0504738
12	-144.2589152511	0.060642064
13	-144.05280565227497	0.067991324
14	-143.84669605345	0.06197219
15	-143.64058645462498	0.08170047
16	-143.4344768558	0.068074524
17	-143.228367256975	0.05762107
18	-143.02225765814998	0.09141564
19	-142.816148059325	0.06614587
20	-142.6100384605	0.026884574
21	-142.40392886167498	0.07309096
22	-142.19781926284998	0.059470765
23	-141.991709664025	0.093097195
24	-141.7856000652	0.06779058
25	-141.57949046637498	0.034941055
26	-141.37338086755	0.04957346
27	-141.167271268725	0.07815103
28	-140.9611616699	0.05108642
29	-140.75505207107497	0.082263425
30	-140.54894247225	0.030743882
31	-140.34283287342498	0.055115834
32	-140.1367232746	0.06629854
33	-139.93061367577496	0.050701067
34	-139.72450407694998	0.05797173
35	-139.518394478125	0.07732228
36	-139.3122848793	0.054169647
37	-139.106175280475	0.050512508
38	-138.90006568164998	0.07481929
39	-138.693956082825	0.08462544
40	-138.487846484	0.06449317
41	-138.28173688517498	0.048629746
42	-138.07562728635	0.08110481
43	-137.869517687525	0.07442937
44	-137.6634080887	0.044350382
45	-137.45729848987497	0.087506
46	-137.25118889105	0.08146166
47	-137.04507929222498	0.06613547
48	-136.8389696934	0.06629912
49	-136.63286009457497	0.056568474
50	-136.42675049574999	0.06451951
51	-136.220640896925	0.09403719
52	-136.0145312981	0.07166948
53	-135.808421699275	0.040633723
54	-135.60231210044998	0.05508031
55	-135.396202501625	0.07669566
56	-135.1900929028	0.060622044
57	-134.98398330397498	0.05730065
58	-134.77787370514997	0.038494494
59	-134.571764106325	0.08047268
60	-134.3656545075	0.05303416
61	-134.15954490867497	0.0850075
62	-133.95343530985	0.092238955
63	-133.74732571102498	0.06322013
64	-133.5412161122	0.08424023
65	-133.33510651337497	0.0806354
66	-133.12899691455	0.0867582
67	-132.92288731572498	0.053701513
68	-132.7167777169	0.047560647
69	-132.510668118075	0.0536474
70	-132.30455851924998	0.038039364
71	-132.098448920425	0.071645975
72	-131.8923393216	0.095156245
73	-131.68622972277498	0.049208257
74	-131.48012012394997	0.023863763
75	-131.274010525125	0.06818221
76	-131.06790092629998	0.05613625
77	-130.86179132747498	0.04209112
78	-130.65568172865	0.07006188
79	-130.449572129825	0.05422233
80	-130.243462531	0.09857015
81	-130.037352932175	0.07595538
82	-129.83124333335	0.059200637
83	-129.62513373452498	0.069820054
84	-129.4190241357	0.03978083
85	-129.212914536875	0.049319036
86	-129.00680493804998	0.108320475
87	-128.80069533922497	0.051514078
88	-128.5945857404	0.04891131
89	-128.38847614157498	0.055120513
90	-128.18236654275	0.035393935
91	-127.976256943925	0.08609346
92	-127.77014734509999	0.08843838
93	-127.56403774627499	0.04046279
94	-127.35792814744998	0.04025015
95	-127.15181854862499	0.07443639
96	-126.9457089498	0.0465363
97	-126.73959935097498	0.060845986
98	-126.53348975214999	0.043715168
99	-126.327380153325	0.0538575
100	-126.12127055449999	0.03929154
101	-125.91516095567499	0.062082205
102	-125.70905135684998	0.04322326
103	-125.50294175802499	0.06843528
104	-125.29683215919998	0.055307373
105	-125.090722560375	0.11056949
106	-124.88461296154999	0.07613446
107	-124.678503362725	0.08865581
108	-124.47239376389999	0.052053526
109	-124.26628416507499	0.06440459
110	-124.06017456624998	0.05862804
111	-123.85406496742499	0.06635356
112	-123.64795536859998	0.05677082
113	-123.44184576977499	0.07822854
114	-123.23573617094999	0.07616033
115	-123.029626572125	0.032453448
116	-122.82351697329999	0.03196884
117	-122.617407374475	0.032071944
118	-122.41129777564998	0.045942664
119	-122.20518817682499	0.044640873
120	-121.99907857799998	0.038214315
121	-121.792968979175	0.04682406
122	-121.58685938034998	0.09361136
123	-121.380749781525	0.06603946
124	-121.17464018269999	0.07110867
125	-120.968530583875	0.0891954
126	-120.76242098504999	0.057954766
127	-120.55631138622499	0.03679939
128	-120.35020178739998	0.059135906
129	-120.14409218857499	0.05819886
130	-119.93798258974999	0.07252242
131	-119.73187299092498	0.11063684
132	-119.52576339209999	0.03565692
133	-119.319653793275	0.06385699
134	-119.11354419444999	0.0404247
135	-118.90743459562499	0.073584236
136	-118.70132499679998	0.04260519
137	-118.49521539797499	0.06964271
138	-118.28910579914998	0.047333986
139	-118.082996200325	0.07366386
140	-117.87688660149999	0.054466456
141	-117.670777002675	0.07235319
142	-117.46466740384999	0.08048496
143	-117.25855780502499	0.07489507
144	-117.05244820619998	0.058322422
145	-116.84633860737499	0.07183914
146	-116.64022900855	0.043905888
147	-116.43411940972499	0.07213727
148	-116.22800981089999	0.021674767
149	-116.021900212075	0.078867055
150	-115.81579061324999	0.050569102
151	-115.609681014425	0.056612313
152	-115.40357141559998	0.043757834
153	-115.19746181677499	0.05333484
154	-114.99135221794998	0.06514157
155	-114.785242619125	0.06871657
156	-114.57913302029998	0.06620315
157	-114.373023421475	0.046131592
158	-114.16691382264999	0.06324238
159	-113.960804223825	0.080557436
160	-113.75469462499998	0.06283596
161	-113.54858502617499	0.03232199
162	-113.34247542735	0.031537298
163	-113.13636582852499	0.036554903
164	-112.93025622969999	0.084330164
165	-112.72414663087498	0.09402943
166	-112.51803703204999	0.046745293
167	-112.311927433225	0.08776279
168	-112.10581783439999	0.030232066
169	-111.89970823557499	0.034047004
170	-111.69359863674998	0.01849334
171	-111.487489037925	0.11334679
172	-111.28137943909998	0.07759647
173	-111.075269840275	0.06616301
174	-110.86916024144998	0.1070281
175	-110.663050642625	0.08765468
176	-110.45694104379999	0.065205805
177	-110.25083144497499	0.06378251
178	-110.04472184614998	0.048282832
179	-109.83861224732499	0.07761704
180	-109.6325026485	0.06551565
181	-109.42639304967499	0.075649805
182	-109.22028345084999	0.07093898
183	-109.014173852025	0.04485264
184	-108.80806425319999	0.06957264
185	-108.60195465437499	0.04495066
186	-108.39584505554998	0.06353638
187	-108.189735456725	0.044656567
188	-107.98362585789998	0.06760807
189	-107.777516259075	0.040045194
190	-107.57140666024998	0.055393524
191	-107.365297061425	0.053579006
192	-107.15918746259999	0.06691642
193	-106.953077863775	0.02647184
194	-106.74696826494998	0.06496549
195	-106.54085866612499	0.06563816
196	-106.3347490673	0.065283544
197	-106.12863946847499	0.09189683
198	-105.92252986964999	0.052663527
199	-105.71642027082498	0.06244617
200	-105.51031067199999	0.038693264
201	-105.304201073175	0.10293478
202	-105.09809147434999	0.060922228
203	-104.89198187552499	0.07053731
204	-104.68587227669998	0.06671101
205	-104.479762677875	0.048520923
206	-104.27365307904998	0.07270886
207	-104.067543480225	0.07071484
208	-103.86143388139999	0.07400421
209	-103.655324282575	0.034766283
210	-103.44921468374999	0.06026002
211	-103.24310508492499	0.06703891
212	-103.0369954861	0.046134003
213	-102.83088588727499	0.027205434
214	-102.62477628845	0.08771631
215	-102.41866668962498	0.030500935
216	-102.21255709079999	0.094095446
217	-102.006447491975	0.037557967
218	-101.80033789314999	0.057242025
219	-101.59422829432499	0.031059198
220	-101.38811869549998	0.06162547
221	-101.182009096675	0.042723224
222	-100.97589949784998	0.058343347
223	-100.769789899025	0.038338125
224	-100.56368030019998	0.076984175
225	-100.357570701375	0.06050487
226	-100.15146110254999	0.023776254
227	-99.94535150372499	0.0321238
228	-99.73924190489998	0.07008052
229	-99.53313230607499	0.08568925
230	-99.32702270725	0.07257471
231	-99.12091310842499	0.0907447
232	-98.91480350959999	0.07226904
233	-98.708693910775	0.09364067
234	-98.50258431194999	0.046072226
235	-98.296474713125	0.05307626
236	-98.09036511429998	0.080850184
237	-97.88425551547499	0.047379516
238	-97.67814591664998	0.081321456
239	-97.472036317825	0.077902526
240	-97.26592671899998	0.069259845
241	-97.059817120175	0.05596099
242	-96.85370752134999	0.040328052
243	-96.647597922525	0.063613415
244	-96.44148832369999	0.040178694
245	-96.23537872487499	0.056572795
246	-96.02926912605	0.04443404
247	-95.82315952722499	0.07203892
248	-95.6170499284	0.07273319
249	-95.41094032957498	0.072672196
250	-95.20483073074999	0.02380583
251	-94.998721131925	0.06106002
252	-94.79261153309999	0.05648408
253	-94.58650193427499	0.08856438
254	-94.38039233544998	0.07328598
255	-94.174282736625	0.05477395
256	-93.96817313779998	0.05360043
257	-93.762063538975	0.022209309
258	-93.55595394014998	0.07358446
259	-93.349844341325	0.056285597
260	-93.14373474249999	0.05019702
261	-92.93762514367499	0.025662897
262	-92.73151554484998	0.06935856
263	-92.52540594602499	0.02406708
264	-92.3192963472	0.06683658
265	-92.11318674837499	0.046582
266	-91.90707714954999	0.07904022
267	-91.700967550725	0.050668687
268	-91.49485795189999	0.044583052
269	-91.288748353075	0.06665853
270	-91.08263875424998	0.06376235
271	-90.876529155425	0.075001314
272	-90.67041955659998	0.054531075
273	-90.464309957775	0.04238717
274	-90.25820035894998	0.060194097
275	-90.052090760125	0.089694366
276	-89.84598116129999	0.020844383
277	-89.639871562475	0.05428755
278	-89.43376196364999	0.061815143
279	-89.22765236482499	0.07476468
280	-89.021542766	0.044017874
281	-88.81543316717499	0.058407895
282	-88.60932356834999	0.06875514
283	-88.40321396952498	0.09098334
284	-88.19710437069999	0.058835685
285	-87.990994771875	0.06394607
286	-87.78488517304999	0.044333186
287	-87.57877557422499	0.07728463
288	-87.37266597539998	0.050093923
289	-87.166556376575	0.09980255
290	-86.96044677774998	0.060855698
291	-86.754337178925	0.106570564
292	-86.54822758009999	0.054273397
293	-86.342117981275	0.066460386
294	-86.13600838244999	0.047443904
295	-85.92989878362499	0.06949262
296	-85.7237891848	0.044052556
297	-85.51767958597499	0.053689253
298	-85.31156998715	0.073519625
299	-85.10546038832499	0.09560119
300	-84.89935078949999	0.06324592
301	-84.693241190675	0.07769065
302	-84.48713159184999	0.014137845
303	-84.28102199302499	0.063331306
304	-84.07491239419998	0.04147459
305	-83.868802795375	0.060681216
306	-83.66269319654998	0.086279325
307	-83.456583597725	0.034906715
308	-83.25047399889998	0.059352323
309	-83.044364400075	0.031605512
310	-82.83825480124999	0.07068473
311	-82.632145202425	0.0956161
312	-82.42603560359998	0.057880305
313	-82.21992600477499	0.061392184
314	-82.01381640595	0.044697355
315	-81.80770680712499	0.060535595
316	-81.60159720829999	0.035278324
317	-81.395487609475	0.06402673
318	-81.18937801064999	0.054913893
319	-80.983268411825	0.06880476
320	-80.77715881299999	0.03668119
321	-80.57104921417499	0.068918295
322	-80.36493961534998	0.04624329
323	-80.15883001652499	0.036612496
324	-79.9527204177	0.0554885
325	-79.746610818875	0.051016577
326	-79.54050122004999	0.079827674
327	-79.334391621225	0.048818238
328	-79.12828202239999	0.042517796
329	-78.92217242357499	0.06882249
330	-78.71606282474998	0.07907056
331	-78.50995322592499	0.027915511
332	-78.3038436271	0.060979012
333	-78.097734028275	0.064753324
334	-77.89162442944999	0.042449333
335	-77.685514830625	0.051360503
336	-77.47940523179999	0.063711114
337	-77.27329563297499	0.07293755
338	-77.06718603414998	0.036783792
339	-76.86107643532499	0.043797474
340	-76.6549668365	0.060376257
341	-76.448857237675	0.049432173
342	-76.24274763884999	0.05117719
343	-76.036638040025	0.043840475
344	-75.83052844119999	0.062813856
345	-75.624418842375	0.043597467
346	-75.41830924354998	0.056717347
347	-75.21219964472499	0.06757076
348	-75.00609004589998	0.07691144
349	-74.799980447075	0.045312405
350	-74.59387084824999	0.068449184
351	-74.387761249425	0.061702643
352	-74.18165165059999	0.07139988
353	-73.975542051775	0.045102082
354	-73.76943245294999	0.046040136
355	-73.56332285412499	0.04515727
356	-73.35721325529998	0.043113887
357	-73.151103656475	0.08570135
358	-72.94499405764999	0.041453548
359	-72.738884458825	0.031194054
360	-72.53277485999999	0.069537535
361	-72.326665261175	0.071957365
362	-72.12055566234999	0.057920747
363	-71.91444606352499	0.07995193
364	-71.70833646469998	0.058586806
365	-71.50222686587499	0.03551904
366	-71.29611726705	0.060212128
367	-71.090007668225	0.058053024
368	-70.88389806939999	0.104613386
369	-70.677788470575	0.049732007
370	-70.47167887174999	0.05269681
371	-70.26556927292499	0.041845992
372	-70.05945967409998	0.07317146
373	-69.85335007527499	0.05591656
374	-69.64724047645	0.075306006
375	-69.441130877625	0.09445901
376	-69.23502127879999	0.04480209
377	-69.028911679975	0.07524582
378	-68.82280208114999	0.07928997
379	-68.61669248232499	0.03853122
380	-68.41058288349998	0.0619864
381	-68.20447328467499	0.07700905
382	-67.99836368585	0.10058394
383	-67.792254087025	0.058069825
384	-67.58614448819999	0.06223253
385	-67.380034889375	0.075676754
386	-67.17392529054999	0.0867451
387	-66.967815691725	0.051192913
388	-66.76170609289998	0.061028264
389	-66.55559649407499	0.122977965
390	-66.34948689524998	0.07497129
391	-66.143377296425	0.034698445
392	-65.93726769759999	0.040035576
393	-65.731158098775	0.0412638
394	-65.52504849994999	0.062213197
395	-65.318938901125	0.062229622
396	-65.11282930229999	0.096361786
397	-64.90671970347499	0.08187927
398	-64.70061010464998	0.07273805
399	-64.494500505825	0.060078844
400	-64.288390907	0.058446616
401	-64.082281308175	0.06726965
402	-63.87617170934999	0.055491086
403	-63.67006211052499	0.019013176
404	-63.463952511699986	0.06822324
405	-63.257842912874985	0.074745595
406	-63.05173331404998	0.0657778
407	-62.84562371522498	0.01262782
408	-62.639514116399994	0.06389759
409	-62.43340451757499	0.06560563
410	-62.22729491874999	0.08447256
411	-62.02118531992499	0.12345739
412	-61.81507572109999	0.056969993
413	-61.608966122274985	0.071083486
414	-61.402856523449984	0.05295168
415	-61.19674692462498	0.06887622
416	-60.990637325799995	0.03262232
417	-60.78452772697499	0.051069774
418	-60.57841812814999	0.06332907
419	-60.37230852932499	0.06447394
420	-60.16619893049999	0.064681105
421	-59.960089331674986	0.06328419
422	-59.753979732849984	0.07876937
423	-59.54787013402498	0.031496346
424	-59.341760535199995	0.059676006
425	-59.135650936374994	0.038896862
426	-58.92954133754999	0.050666504
427	-58.72343173872499	0.060636032
428	-58.51732213989999	0.06272233
429	-58.31121254107499	0.046091117
430	-58.105102942249985	0.098598614
431	-57.89899334342498	0.014164662
432	-57.69288374459998	0.046747997
433	-57.486774145774994	0.032626264
434	-57.28066454694999	0.019081801
435	-57.07455494812499	0.06455285
436	-56.86844534929999	0.06922589
437	-56.66233575047499	0.052445583
438	-56.456226151649986	0.049215302
439	-56.250116552824984	0.036552392
440	-56.04400695399998	0.058684416
441	-55.837897355174995	0.02021846
442	-55.63178775634999	0.016845658
443	-55.42567815752499	0.0519407
444	-55.21956855869999	0.10292154
445	-55.01345895987499	0.048406217
446	-54.80734936104999	0.0511638
447	-54.601239762224985	0.06183582
448	-54.39513016339998	0.033316933
449	-54.18902056457498	0.061067577
450	-53.982910965749994	0.0676153
451	-53.77680136692499	0.056021232
452	-53.57069176809999	0.04314316
453	-53.36458216927499	0.04564392
454	-53.15847257044999	0.03960524
455	-52.952362971624986	0.046784014
456	-52.746253372799984	0.04092358
457	-52.54014377397498	0.073894314
458	-52.334034175149995	0.05299429
459	-52.12792457632499	0.081085406
460	-51.92181497749999	0.01486848
461	-51.71570537867499	0.13175255
462	-51.50959577984999	0.06342886
463	-51.30348618102499	0.06509056
464	-51.097376582199985	0.06649518
465	-50.89126698337498	0.042028546
466	-50.685157384549996	0.062252317
467	-50.479047785724994	0.051114157
468	-50.27293818689999	0.05164427
469	-50.06682858807499	0.06591918
470	-49.86071898924999	0.061896555
471	-49.65460939042499	0.055564757
472	-49.448499791599986	0.03515466
473	-49.242390192774984	0.11470215
474	-49.03628059394998	0.06164059
475	-48.830170995124995	0.037816323
476	-48.62406139629999	0.03607103
477	-48.41795179747499	0.059451476
478	-48.21184219864999	0.092964455
479	-48.00573259982499	0.08935065
480	-47.799623000999986	0.02390985
481	-47.593513402174985	0.092791624
482	-47.38740380334998	0.054510683
483	-47.181294204524995	0.060128503
484	-46.975184605699994	0.07330621
485	-46.76907500687499	0.048682265
486	-46.56296540804999	0.051149283
487	-46.35685580922499	0.0071439557
488	-46.15074621039999	0.05293916
489	-45.944636611574985	0.06164726
490	-45.738527012749984	0.08662745
491	-45.53241741392498	0.025012966
492	-45.326307815099995	0.081701145
493	-45.12019821627499	0.07966753
494	-44.91408861744999	0.049371406
495	-44.70797901862499	0.09181051
496	-44.50186941979999	0.0857723
497	-44.295759820974986	0.043286104
498	-44.089650222149984	0.06467726
499	-43.88354062332498	0.045804687
500	-43.677431024499995	0.045038756
501	-43.471321425674994	0.05503201
502	-43.26521182684999	0.091753215
503	-43.05910222802499	0.014802717
504	-42.85299262919999	0.07644783
505	-42.64688303037499	0.054028466
506	-42.440773431549985	0.009138949
507	-42.23466383272498	0.08542761
508	-42.028554233899996	0.048451826
509	-41.822444635074994	0.043939658
510	-41.61633503624999	0.0733979
511	-41.41022543742499	0.040745277
512	-41.20411583859999	0.05573869
513	-40.99800623977499	0.048828825
514	-40.791896640949986	0.009311017
515	-40.585787042124984	0.082910076
516	-40.37967744329998	0.02252676
517	-40.173567844474995	0.07938631
518	-39.96745824564999	0.03804776
519	-39.76134864682499	0.09074785
520	-39.55523904799999	0.053072773
521	-39.34912944917499	0.04779732
522	-39.14301985034999	0.024926882
523	-38.936910251524985	0.055184152
524	-38.73080065269998	0.09806427
525	-38.524691053874996	0.019722056
526	-38.318581455049994	0.03547223
527	-38.11247185622499	-0.003612848
528	-37.90636225739999	0.08663594
529	-37.70025265857499	0.03694457
530	-37.49414305974999	0.080887124
531	-37.288033460924986	0.08930459
532	-37.081923862099984	0.055707373
533	-36.875814263275	0.04817662
534	-36.669704664449995	0.07818511
535	-36.46359506562499	0.045902446
536	-36.25748546679999	0.06513615
537	-36.05137586797499	0.05190056
538	-35.84526626914999	0.06206348
539	-35.63915667032499	0.0937158
540	-35.433047071499985	0.05238558
541	-35.22693747267498	0.050165586
542	-35.020827873849996	0.017635498
543	-34.814718275024994	0.11489938
544	-34.60860867619999	0.053883247
545	-34.40249907737499	0.06001988
546	-34.19638947854999	0.025648164
547	-33.99027987972499	0.07045915
548	-33.784170280899986	0.044175915
549	-33.578060682074984	0.061145652
550	-33.371951083249996	0.03671705
551	-33.165841484424995	0.010131944
552	-32.95973188559999	0.050831605
553	-32.75362228677499	0.02143923
554	-32.54751268794999	0.072588
555	-32.34140308912499	-0.006809728
556	-32.135293490299986	0.08177293
557	-31.92918389147498	0.06689713
558	-31.72307429264998	0.10465889
559	-31.516964693824992	0.06500655
560	-31.31085509499999	0.045062713
561	-31.10474549617499	0.026346665
562	-30.898635897349987	0.03477662
563	-30.692526298524985	0.07584421
564	-30.486416699699983	0.024645805
565	-30.280307100874982	0.046528958
566	-30.07419750204998	0.03796132
567	-29.868087903224993	0.021673754
568	-29.66197830439999	0.06865493
569	-29.45586870557499	0.05829715
570	-29.249759106749988	0.040845554
571	-29.043649507924986	0.031804863
572	-28.837539909099984	0.067826755
573	-28.631430310274983	0.062750325
574	-28.42532071144998	0.074580245
575	-28.219211112624993	0.053691886
576	-28.01310151379999	0.049750738
577	-27.80699191497499	0.022957006
578	-27.60088231614999	0.042257354
579	-27.394772717324987	0.109091565
580	-27.188663118499985	0.08374948
581	-26.982553519674983	0.0091688875
582	-26.77644392084998	0.09646305
583	-26.57033432202498	0.08790088
584	-26.364224723199992	0.057621673
585	-26.15811512437499	0.07856014
586	-25.95200552554999	0.056118272
587	-25.745895926724987	0.018283064
588	-25.539786327899986	0.01501484
589	-25.333676729074984	0.057359334
590	-25.127567130249982	0.024147317
591	-24.92145753142498	0.026911989
592	-24.715347932599993	0.085764706
593	-24.50923833377499	0.07177498
594	-24.30312873494999	0.023518689
595	-24.097019136124988	0.07803961
596	-23.890909537299986	0.033929043
597	-23.684799938474985	0.037747696
598	-23.478690339649983	0.01358388
599	-23.27258074082498	0.02599582
600	-23.06647114199998	0.01339763
601	-22.860361543174992	0.06423544
602	-22.65425194434999	0.014615063
603	-22.44814234552499	0.040625878
604	-22.242032746699987	0.019034166
605	-22.035923147874986	0.059771553
606	-21.829813549049984	0.060487404
607	-21.623703950224982	0.006617805
608	-21.41759435139998	0.035746746
609	-21.211484752574993	0.052008558
610	-21.00537515374999	0.016257294
611	-20.79926555492499	0.061320238
612	-20.593155956099988	0.02437601
613	-20.387046357274986	0.013929956
614	-20.180936758449985	0.02020613
615	-19.974827159624983	0.072999835
616	-19.76871756079998	0.065723464
617	-19.562607961974994	0.034567676
618	-19.356498363149992	0.016606286
619	-19.15038876432499	0.046756424
620	-18.94427916549999	0.033385087
621	-18.738169566674987	0.024581729
622	-18.532059967849985	0.027616981
623	-18.325950369024984	0.009345464
624	-18.119840770199982	-0.012062487
625	-17.91373117137498	0.050913412
626	-17.707621572549993	0.06126347
627	-17.50151197372499	0.021961922
628	-17.29540237489999	-0.009171069
629	-17.089292776074988	0.030528868
630	-16.883183177249986	0.012804212
631	-16.677073578424984	-0.017238736
632	-16.470963979599983	0.0057126638
633	-16.26485438077498	0.0039017424
634	-16.058744781949994	0.027572703
635	-15.852635183124992	0.013772296
636	-15.64652558429999	0.04055053
637	-15.440415985474974	0.02116646
638	-15.234306386649987	0.039717603
639	-15.028196787825	0.04935391
640	-14.822087188999983	-0.021602936
641	-14.615977590174996	-0.0070478953
642	-14.40986799134998	0.10580224
643	-14.203758392524993	0.013339815
644	-13.997648793699977	0.034757033
645	-13.79153919487499	0.04516701
646	-13.585429596049973	0.009279482
647	-13.379319997224986	0.02038261
648	-13.173210398399998	-0.025375048
649	-12.967100799574983	-0.010408636
650	-12.760991200749995	0.032021385
651	-12.55488160192498	0.04010712
652	-12.348772003099992	0.03379541
653	-12.142662404274976	0.014281258
654	-11.936552805449988	0.007943919
655	-11.730443206625	0.033114314
656	-11.524333607799985	0.07935239
657	-11.318224008974997	0.076367095
658	-11.112114410149982	-0.00033414783
659	-10.906004811324994	0.099375606
660	-10.699895212499978	0.086451225
661	-10.49378561367499	0.001405118
662	-10.287676014849975	0.037670754
663	-10.081566416024987	0.063440196
664	-9.8754568172	0.033765182
665	-9.669347218374984	0.040501103
666	-9.463237619549997	0.018608944
667	-9.25712802072498	0.022878125
668	-9.051018421899993	0.02913896
669	-8.844908823074977	0.05065801
670	-8.63879922424999	0.021644924
671	-8.432689625424974	0.031244213
672	-8.226580026599986	0.007872753
673	-8.020470427774999	0.0022583455
674	-7.814360828949982	0.074985325
675	-7.608251230124996	-0.017792404
676	-7.402141631299979	0.041445196
677	-7.196032032474992	0.020060027
678	-6.9899224336499755	0.049620852
679	-6.783812834824988	-0.00957842
680	-6.577703236000001	0.08581777
681	-6.371593637174985	-0.007937238
682	-6.165484038349998	0.009372465
683	-5.959374439524981	0.02372427
684	-5.753264840699995	0.03287452
685	-5.547155241874978	0.031584952
686	-5.34104564304999	0.06880165
687	-5.1349360442249745	0.019222602
688	-4.928826445399987	0.036945622
689	-4.7227168465750005	0.07384308
690	-4.516607247749984	0.024454668
691	-4.310497648924996	0.06496401
692	-4.10438805009998	0.050293896
693	-3.8982784512749933	0.033114333
694	-3.692168852449977	0.043734685
695	-3.4860592536249895	0.009637915
696	-3.2799496547999736	0.0045747533
697	-3.073840055974986	0.051620662
698	-2.867730457149999	0.062060945
699	-2.6616208583249827	0.018811274
700	-2.4555112594999957	0.09758688
701	-2.2494016606749794	0.06288155
702	-2.043292061849992	0.046141367
703	-1.8371824630249758	0.020471431
704	-1.6310728641999885	0.070430055
705	-1.4249632653749722	0.019267574
706	-1.2188536665499852	0.022910597
707	-1.012744067724998	0.0020128787
708	-0.8066344688999816	0.05312393
709	-0.6005248700749944	0.048076056
710	-0.3944152712499781	0.013587245
711	-0.1883056724249909	-0.025551103
712	0.017803926400025375	-0.0043869875
713	0.22391352522501257	-0.0035361722
714	0.43002312404999976	-0.02177167
715	0.636132722875016	-0.013992265
716	0.8422423217000032	0.039130714
717	1.0483519205250196	0.015788006
718	1.2544615193500066	0.010792339
719	1.460571118175023	-0.007609324
720	1.6666807170000102	0.0028384142
721	1.8727903158250265	-0.048041552
722	2.078899914650014	0.0018693851
723	2.285009513475001	0.021527084
724	2.491119112300017	0.0049537458
725	2.697228711125004	0.022060934
726	2.9033383099500205	-0.0026802244
727	3.109447908775008	-0.006361723
728	3.3155575076000243	-0.0020289877
729	3.5216671064250114	-0.008802304
730	3.7277767052500277	-0.026386462
731	3.9338863040750147	0.006391354
732	4.139995902900002	0.012606181
733	4.3461055017250185	-0.031602547
734	4.552215100550005	0.043727465
735	4.758324699375022	0.033789676
736	4.964434298200009	0.036330096
737	5.170543897025025	0.02576087
738	5.376653495850013	0.03862363
739	5.582763094674999	0.021307543
740	5.788872693500016	0.04375748
741	5.994982292325003	0.017390586
742	6.2010918911500195	0.040362954
743	6.407201489975007	0.035172418
744	6.613311088800023	0.041104306
745	6.81942068762501	0.046538033
746	7.025530286450026	0.023934515
747	7.231639885275014	0.03557104
748	7.437749484100001	0.13605356
749	7.643859082925017	0.015918158
750	7.8499686817500045	0.015244778
751	8.05607828057502	0.030012727
752	8.262187879400008	0.0401942
753	8.468297478225024	0.041188896
754	8.674407077050011	0.08611655
755	8.880516675875027	0.03024271
756	9.086626274700015	0.018929305
757	9.292735873525002	0.04991988
758	9.498845472350018	0.03241657
759	9.704955071175005	0.07520476
760	9.911064670000021	0.027663805
761	10.117174268825009	0.06929185
762	10.323283867650025	0.03055875
763	10.529393466475012	0.10663599
764	10.7355030653	0.071905896
765	10.941612664125016	0.04630011
766	11.147722262950003	0.07909278
767	11.353831861775019	0.050055604
768	11.559941460600006	0.05191592
769	11.766051059425022	0.020982385
770	11.97216065825001	0.0707733
771	12.178270257075026	0.082036525
772	12.384379855900013	0.048634488
773	12.590489454725	0.024363043
774	12.796599053550016	0.026523769
775	13.002708652375004	0.020270668
776	13.20881825120002	0.04850814
777	13.414927850025007	0.01305697
778	13.621037448850023	0.009740563
779	13.82714704767501	0.05060917
780	14.033256646500027	0.029421166
781	14.239366245325014	0.054911878
782	14.445475844150002	0.0671691
783	14.651585442975017	0.015100993
784	14.857695041800005	0.025148366
785	15.06380464062502	0.037565496
786	15.269914239450008	0.03766489
787	15.476023838275024	0.063570455
788	15.682133437100012	0.061631665
789	15.888243035924999	0.06262794
790	16.094352634750017	0.09428784
791	16.300462233575004	0.07547445
792	16.50657183240002	0.05364095
793	16.712681431225008	0.069610804
794	16.918791030050023	0.041827776
795	17.12490062887501	0.09459334
796	17.331010227700027	0.046906758
797	17.537119826525014	0.024359174
798	17.743229425350002	0.057305872
799	17.949339024175018	0.08959524
800	18.155448623000005	0.0693212
801	18.36155822182502	0.018726343
802	18.56766782065001	0.04273809
803	18.773777419475024	0.030243644
804	18.979887018300012	0.05551398
805	19.185996617125028	0.0539169
806	19.392106215950015	0.034966424
807	19.598215814775003	0.045595776
808	19.80432541360002	0.050916612
809	20.010435012425006	0.040930294
810	20.216544611250022	0.04375847
811	20.42265421007501	0.035803903
812	20.628763808900025	0.05245555
813	20.834873407725013	0.058979407
814	21.04098300655003	0.043077823
815	21.247092605375016	0.03757088
816	21.453202204200004	0.067348875
817	21.65931180302502	0.060959145
818	21.865421401850007	0.05812265
819	22.071531000675023	0.026592672
820	22.27764059950001	0.081967324
821	22.483750198325026	0.07633117
822	22.689859797150014	0.050706442
823	22.895969395975	0.06349113
824	23.102078994800017	0.07254194
825	23.308188593625005	0.053924702
826	23.51429819245002	0.05263095
827	23.720407791275008	0.09080567
828	23.926517390100024	0.016655605
829	24.13262698892501	0.05053688
830	24.338736587750027	0.06753804
831	24.544846186575015	0.030335931
832	24.750955785400002	0.07571631
833	24.957065384225018	0.059021294
834	25.163174983050006	0.08336798
835	25.36928458187502	0.04504145
836	25.57539418070001	0.05023923
837	25.781503779525025	0.06565235
838	25.987613378350012	0.055223495
839	26.193722977175028	0.058441352
840	26.399832576000016	0.038970906
841	26.605942174825003	0.017784676
842	26.81205177365002	0.06296254
843	27.018161372475006	0.09200149
844	27.224270971300022	0.100646265
845	27.43038057012501	0.043794088
846	27.636490168950026	0.04960397
847	27.842599767775013	0.047272973
848	28.0487093666	0.060756985
849	28.254818965425017	0.04291684
850	28.460928564250004	0.017633932
851	28.66703816307502	0.016869966
852	28.873147761900007	0.043474168
853	29.079257360725023	0.06990884
854	29.28536695955001	0.05108538
855	29.491476558375027	0.05173455
856	29.697586157200014	0.04078435
857	29.903695756025	0.07435861
858	30.109805354850018	0.0269208
859	30.315914953675005	0.06465155
860	30.52202455250002	0.0703157
861	30.72813415132501	0.0649943
862	30.934243750150024	0.028447414
863	31.14035334897501	0.06523796
864	31.346462947800028	0.07523717
865	31.552572546625015	0.055842377
866	31.758682145450003	0.072689794
867	31.96479174427502	0.080854
868	32.170901343100006	0.07455091
869	32.37701094192502	0.06834361
870	32.58312054075001	0.062003247
871	32.789230139575025	0.06470383
872	32.99533973840001	0.05893013
873	33.201449337225	0.08377285
874	33.407558936050016	0.041686885
875	33.613668534875	0.07458058
876	33.81977813370002	0.053067602
877	34.02588773252501	0.07940681
878	34.23199733135002	0.06868124
879	34.43810693017501	0.07426627
880	34.644216529000026	0.02550565
881	34.850326127825014	0.041337274
882	35.05643572665	0.103138216
883	35.26254532547502	0.07300095
884	35.468654924300004	0.055913493
885	35.67476452312502	0.06084666
886	35.88087412195001	0.09201665
887	36.086983720775024	0.0895102
888	36.29309331960001	0.072006345
889	36.49920291842503	0.043410167
890	36.705312517250015	0.043771733
891	36.911422116075	0.07360861
892	37.11753171490002	0.039528657
893	37.323641313725005	0.044084262
894	37.52975091255002	0.053801395
895	37.73586051137501	0.051246144
896	37.941970110200025	0.059948985
897	38.14807970902501	0.08246347
898	38.35418930785003	0.037634045
899	38.560298906675015	0.087070115
900	38.7664085055	0.080534466
901	38.97251810432502	0.058420762
902	39.178627703150006	0.06535225
903	39.38473730197502	0.047810197
904	39.59084690080001	0.06863918
905	39.796956499625026	0.074678116
906	40.00306609845001	0.06675525
907	40.209175697275	0.05900846
908	40.415285296100016	0.058466498
909	40.621394894925004	0.07217335
910	40.82750449375002	0.08350055
911	41.03361409257501	0.07930988
912	41.23972369140002	0.0373501
913	41.44583329022501	0.0059545976
914	41.65194288905003	0.071459316
915	41.858052487875014	0.06295103
916	42.0641620867	0.08185174
917	42.27027168552502	0.030746227
918	42.476381284350005	0.04342235
919	42.68249088317502	0.055393122
920	42.88860048200001	0.050918005
921	43.094710080825024	0.05960922
922	43.30081967965001	0.034763694
923	43.50692927847503	0.062565975
924	43.713038877300015	0.07072716
925	43.919148476125	0.05942732
926	44.12525807495002	0.03915725
927	44.331367673775006	0.030654335
928	44.53747727260002	0.03945043
929	44.74358687142501	0.04155527
930	44.949696470250025	0.055569567
931	45.15580606907501	0.0733456
932	45.3619156679	0.096949406
933	45.568025266725016	0.07289948
934	45.77413486555	0.06856322
935	45.98024446437502	0.04523862
936	46.18635406320001	0.07798042
937	46.39246366202502	0.06523173
938	46.59857326085001	0.04447753
939	46.804682859675026	0.05314496
940	47.01079245850001	0.06562581
941	47.216902057325	0.073072
942	47.42301165615002	0.07882374
943	47.629121254975004	0.08312308
944	47.83523085380002	0.050787427
945	48.04134045262501	0.06440964
946	48.24745005145002	0.032651775
947	48.45355965027501	0.059656184
948	48.65966924910003	0.056954324
949	48.865778847925014	0.07728813
950	49.07188844675	0.046595916
951	49.27799804557502	0.062146876
952	49.484107644400005	0.075038105
953	49.69021724322502	0.09094427
954	49.89632684205001	0.059753627
955	50.102436440875024	0.055739053
956	50.30854603970001	0.06756439
957	50.514655638525	0.05013326
958	50.720765237350015	0.023063388
959	50.926874836175	0.063847594
960	51.13298443500002	0.08116851
961	51.339094033825006	0.05766663
962	51.54520363265002	0.041613623
963	51.75131323147501	0.07061538
964	51.957422830300025	0.05672776
965	52.16353242912501	0.02963844
966	52.36964202795	0.07231764
967	52.575751626775016	0.048965205
968	52.781861225600004	0.05762445
969	52.98797082442502	0.024003047
970	53.19408042325001	0.01919391
971	53.40019002207502	0.082206085
972	53.60629962090001	0.06447746
973	53.812409219725026	0.037072472
974	54.018518818550014	0.03838794
975	54.224628417375	0.08765951
976	54.43073801620002	0.039902236
977	54.636847615025005	0.07425159
978	54.84295721385002	0.055221822
979	55.04906681267501	0.09380478
980	55.255176411500024	0.034366377
981	55.46128601032501	0.08170078
982	55.66739560915003	0.08352535
983	55.873505207975015	0.055069897
984	56.0796148068	0.061499897
985	56.28572440562502	0.05236
986	56.491834004450006	0.040669404
987	56.69794360327502	0.06251231
988	56.90405320210001	0.07995813
989	57.110162800925025	0.05617789
990	57.31627239975001	0.029143265
991	57.522381998575	0.07286652
992	57.728491597400016	0.07069945
993	57.934601196225	0.045058385
994	58.14071079505002	0.06387129
995	58.34682039387501	0.077467225
996	58.55292999270002	0.084033184
997	58.75903959152501	0.049931604
998	58.965149190350026	0.040860258
999	59.17125878917501	0.044809464
1000	59.377368388	0.054740462
1001	59.58347798682502	0.05209578
1002	59.789587585650004	0.04140104
1003	59.99569718447502	0.07661697
1004	60.20180678330001	0.029695561
1005	60.40791638212502	0.09770852
1006	60.61402598095001	0.040484697
1007	60.82013557977503	0.0718081
1008	61.026245178600014	0.061951853
1009	61.232354777425	0.056178696
1010	61.43846437625002	0.049965095
1011	61.644573975075005	0.02994639
1012	61.85068357390002	0.029917132
1013	62.05679317272501	0.08891901
1014	62.262902771550024	0.09581251
1015	62.46901237037501	0.084600136
1016	62.6751219692	0.08412871
1017	62.881231568025015	0.056024052
1018	63.08734116685	0.048261967
1019	63.29345076567502	0.045132175
1020	63.499560364500006	0.074157156
1021	63.70566996332502	0.06541304
1022	63.91177956215001	0.07348837
1023	64.11788916097503	0.06227088
1024	64.32399875980002	0.07719074
1025	64.530108358625	0.04893408
1026	64.73621795745002	0.050812107
1027	64.942327556275	0.04964456
1028	65.14843715510003	0.055805102
1029	65.354546753925	0.043179438
1030	65.56065635275003	0.03304776
1031	65.76676595157501	0.034206178
1032	65.97287555040003	0.0338021
1033	66.17898514922501	0.031327836
1034	66.38509474805001	0.024143819
1035	66.59120434687502	0.05918599
1036	66.79731394570001	0.06888745
1037	67.00342354452502	0.04324746
1038	67.20953314335001	0.061069712
1039	67.41564274217502	0.043319944
1040	67.62175234100002	0.035951816
1041	67.827861939825	0.07263897
1042	68.03397153865002	0.052313417
1043	68.240081137475	0.0483744
1044	68.44619073630003	0.04017496
1045	68.652300335125	0.065433905
1046	68.85840993395003	0.029979613
1047	69.06451953277501	0.061762862
1048	69.27062913160003	0.045973994
1049	69.47673873042501	0.048088185
1050	69.68284832925	0.03896455
1051	69.88895792807502	0.08734749
1052	70.09506752690001	0.038216773
1053	70.30117712572502	0.05030541
1054	70.50728672455001	0.053543188
1055	70.71339632337502	0.040498003
1056	70.91950592220002	0.057986528
1057	71.12561552102503	0.059046913
1058	71.33172511985002	0.07021904
1059	71.537834718675	0.065918036
1060	71.74394431750002	0.055412307
1061	71.950053916325	0.07732946
1062	72.15616351515003	0.0625125
1063	72.36227311397501	0.05910784
1064	72.56838271280003	0.080610156
1065	72.77449231162501	0.0559394
1066	72.98060191045	0.065561004
1067	73.18671150927501	0.06184419
1068	73.39282110810001	0.06861375
1069	73.59893070692502	0.04301869
1070	73.80504030575001	0.04348871
1071	74.01114990457502	0.06415464
1072	74.21725950340002	0.040355075
1073	74.42336910222502	0.025414223
1074	74.62947870105002	0.091305114
1075	74.835588299875	0.05150558
1076	75.04169789870002	0.044394433
1077	75.247807497525	0.053370066
1078	75.45391709635003	0.07123907
1079	75.660026695175	0.058613975
1080	75.86613629400003	0.068808675
1081	76.07224589282501	0.094391115
1082	76.27835549165003	0.05755922
1083	76.48446509047501	0.046188183
1084	76.6905746893	0.037972532
1085	76.89668428812502	0.044141736
1086	77.10279388695001	0.04902383
1087	77.30890348577502	0.0537609
1088	77.51501308460001	0.029479623
1089	77.72112268342502	0.032481667
1090	77.92723228225002	0.051508576
1091	78.13334188107503	0.026004162
1092	78.33945147990002	0.06528656
1093	78.545561078725	0.021717126
1094	78.75167067755002	0.035954244
1095	78.957780276375	0.10185814
1096	79.16388987520003	0.06558607
1097	79.36999947402501	0.033054437
1098	79.57610907285003	0.062098693
1099	79.78221867167501	0.06757186
1100	79.9883282705	0.075610824
1101	80.19443786932501	0.037047423
1102	80.40054746815001	0.041744053
1103	80.60665706697502	0.05229034
1104	80.81276666580001	0.07225713
1105	81.01887626462502	0.03307368
1106	81.22498586345002	0.019002974
1107	81.43109546227502	0.075290866
1108	81.63720506110002	0.04558122
1109	81.843314659925	0.054077994
1110	82.04942425875002	0.062470473
1111	82.255533857575	0.050967004
1112	82.46164345640003	0.037757456
1113	82.667753055225	0.053296424
1114	82.87386265405003	0.061556384
1115	83.07997225287501	0.022495909
1116	83.28608185170003	0.054351218
1117	83.49219145052501	0.02134649
1118	83.69830104935001	0.07903309
1119	83.90441064817502	0.06320531
1120	84.11052024700001	0.051334824
1121	84.31662984582502	0.069634765
1122	84.52273944465001	0.056515478
1123	84.72884904347502	0.06674814
1124	84.93495864230002	0.051724996
1125	85.141068241125	0.038651716
1126	85.34717783995002	0.058290333
1127	85.553287438775	0.0440831
1128	85.75939703760002	0.07455261
1129	85.965506636425	0.06052807
1130	86.17161623525003	0.042996716
1131	86.37772583407501	0.09147741
1132	86.58383543290003	0.0465175
1133	86.78994503172501	0.032427117
1134	86.99605463055	0.04063267
1135	87.20216422937501	0.03207562
1136	87.40827382820001	0.081066325
1137	87.61438342702502	0.07281432
1138	87.82049302585001	0.056606933
1139	88.02660262467502	0.062500834
1140	88.23271222350002	0.03536462
1141	88.43882182232502	0.025914835
1142	88.64493142115002	0.073826104
1143	88.851041019975	0.06753537
1144	89.05715061880002	0.01722847
1145	89.263260217625	0.09392086
1146	89.46936981645003	0.039079193
1147	89.675479415275	0.05166404
1148	89.88158901410003	0.032947585
1149	90.08769861292501	0.050878588
1150	90.29380821175	0.04625854
1151	90.49991781057501	0.085017905
1152	90.70602740940001	0.060763303
1153	90.91213700822502	0.044231057
1154	91.11824660705001	0.06417462
1155	91.32435620587502	0.050004065
1156	91.53046580470001	0.08965076
1157	91.73657540352502	0.04380787
1158	91.94268500235002	0.07080957
1159	92.148794601175	0.078030154
1160	92.35490420000002	0.08472897
1161	92.561013798825	0.060285747
1162	92.76712339765002	0.053399503
1163	92.973232996475	0.020054057
1164	93.17934259530003	0.04979912
1165	93.38545219412501	0.0675993
1166	93.59156179295003	0.089571916
1167	93.79767139177501	0.10030768
1168	94.0037809906	0.04685294
1169	94.20989058942502	0.049580432
1170	94.41600018825001	0.048051424
1171	94.62210978707502	0.036530316
1172	94.82821938590001	0.03756019
1173	95.03432898472502	0.048742022
1174	95.24043858355002	0.051575683
1175	95.44654818237503	0.06274093
1176	95.65265778120002	0.06355055
1177	95.858767380025	0.06559518
1178	96.06487697885002	0.08959055
1179	96.270986577675	0.06786403
1180	96.47709617650003	0.04693429
1181	96.683205775325	0.023165064
1182	96.88931537415003	0.06509786
1183	97.09542497297501	0.102105275
1184	97.3015345718	0.043931708
1185	97.50764417062501	0.08935355
1186	97.71375376945001	0.089352414
1187	97.91986336827502	0.06450729
1188	98.12597296710001	0.039294213
1189	98.33208256592502	0.0766916
1190	98.53819216475001	0.0822706
1191	98.74430176357502	0.10515188
1192	98.95041136240002	0.0683891
1193	99.156520961225	0.047323275
1194	99.36263056005002	0.040330157
1195	99.568740158875	0.047239758
1196	99.77484975770003	0.06190306
1197	99.980959356525	0.052595638
1198	100.18706895535003	0.05293542
1199	100.39317855417501	0.05617871
1200	100.59928815300003	0.06385812
1201	100.80539775182501	0.076085664
1202	101.01150735065	0.053826775
1203	101.21761694947502	0.099399924
1204	101.42372654830001	0.09606887
1205	101.62983614712502	0.05694041
1206	101.83594574595001	0.03755719
1207	102.04205534477502	0.07150639
1208	102.24816494360002	0.07245355
1209	102.454274542425	0.055128515
1210	102.66038414125002	0.11660227
1211	102.866493740075	0.05177815
1212	103.07260333890002	0.070318066
1213	103.278712937725	0.04890713
1214	103.48482253655003	0.05448234
1215	103.69093213537501	0.044761043
1216	103.89704173420003	0.04638298
1217	104.10315133302501	0.060461633
1218	104.30926093185	0.062003776
1219	104.51537053067501	0.09612639
1220	104.72148012950001	0.051711716
1221	104.92758972832502	0.102251954
1222	105.13369932715001	0.042926412
1223	105.33980892597502	0.07843757
1224	105.54591852480002	0.056908198
1225	105.75202812362502	0.039747853
1226	105.95813772245002	0.07126541
1227	106.164247321275	0.06881017
1228	106.37035692010002	0.07849917
1229	106.576466518925	0.035760894
1230	106.78257611775003	0.081217825
1231	106.988685716575	0.05372093
1232	107.19479531540003	0.06393257
1233	107.40090491422501	0.046252437
1234	107.60701451305	0.08312557
1235	107.81312411187501	0.029096674
1236	108.01923371070001	0.07799095
1237	108.22534330952502	0.044251166
1238	108.43145290835001	0.0780296
1239	108.63756250717502	0.049612448
1240	108.84367210600001	0.05484917
1241	109.04978170482502	0.041937668
1242	109.25589130365002	0.037439425
1243	109.462000902475	0.040867563
1244	109.66811050130002	0.04652504
1245	109.874220100125	0.096689105
1246	110.08032969895002	0.036475573
1247	110.286439297775	0.05468686
1248	110.49254889660003	0.048923813
1249	110.69865849542501	0.048561603
1250	110.90476809425003	0.05028387
1251	111.11087769307501	0.08073261
1252	111.3169872919	0.075985044
1253	111.52309689072501	0.08368035
1254	111.72920648955001	0.08068158
1255	111.93531608837502	0.07763247
1256	112.14142568720001	0.04625073
1257	112.34753528602502	0.020459298
1258	112.55364488485002	0.06433623
1259	112.75975448367502	0.074423835
1260	112.96586408250002	0.062471822
1261	113.171973681325	0.045145217
1262	113.37808328015002	0.04384391
1263	113.584192878975	0.071716316
1264	113.79030247780003	0.07445632
1265	113.996412076625	0.06514315
1266	114.20252167545003	0.05628709
1267	114.40863127427501	0.017845659
1268	114.6147408731	0.08250128
1269	114.82085047192501	0.04109623
1270	115.02696007075001	0.060673796
1271	115.23306966957502	0.05130496
1272	115.43917926840001	0.09306975
1273	115.64528886722499	0.09846113
1274	115.85139846605004	0.035640292
1275	116.05750806487502	0.035524555
1276	116.26361766370002	0.07017271
1277	116.469727262525	0.067896895
1278	116.67583686134999	0.054093417
1279	116.88194646017504	0.07331773
1280	117.08805605900002	0.07347939
1281	117.294165657825	0.0761015
1282	117.50027525665	0.07831917
1283	117.70638485547505	0.044243738
1284	117.91249445430003	0.04289741
1285	118.11860405312501	0.06654123
1286	118.32471365195	0.036108077
1287	118.53082325077499	0.034288056
1288	118.73693284960004	0.04840511
1289	118.94304244842502	0.056024052
1290	119.14915204725001	0.06496056
1291	119.355261646075	0.05728119
1292	119.56137124490004	0.085081264
1293	119.76748084372504	0.054748338
1294	119.97359044255002	0.087660424
1295	120.179700041375	0.055720728
1296	120.3858096402	0.049181845
1297	120.59191923902505	0.042751517
1298	120.79802883785003	0.06347034
1299	121.004138436675	0.06629636
1300	121.2102480355	0.050720237
1301	121.41635763432498	0.082511835
1302	121.62246723315003	0.037920784
1303	121.82857683197503	0.0698385
1304	122.03468643080001	0.04611758
1305	122.24079602962499	0.06143145
1306	122.44690562845004	0.100298256
1307	122.65301522727503	0.053865865
1308	122.85912482610001	0.050025217
1309	123.065234424925	0.04079902
1310	123.27134402374999	0.025730168
1311	123.47745362257504	0.058958076
1312	123.68356322140002	0.04664592
1313	123.889672820225	0.06872192
1314	124.09578241905	0.06812402
1315	124.30189201787505	0.081597075
1316	124.50800161670003	0.08809786
1317	124.71411121552502	0.06669422
1318	124.92022081435	0.06808938
1319	125.12633041317498	0.03416653
1320	125.33244001200003	0.07309392
1321	125.53854961082503	0.04897068
1322	125.74465920965001	0.04402425
1323	125.95076880847499	0.065181315
1324	126.15687840730004	0.08589194
1325	126.36298800612504	0.091342814
1326	126.56909760495002	0.051865943
1327	126.77520720377501	0.028306259
1328	126.98131680259999	0.08974179
1329	127.18742640142504	0.05162017
1330	127.39353600025002	0.052971575
1331	127.59964559907502	0.062383667
1332	127.8057551979	0.051870696
1333	128.01186479672504	0.061739303
1334	128.21797439555004	0.08252905
1335	128.42408399437502	0.051069617
1336	128.6301935932	0.06989915
1337	128.83630319202499	0.05223284
1338	129.04241279085005	0.051101033
1339	129.24852238967503	0.07324387
1340	129.4546319885	0.06329928
1341	129.660741587325	0.07338537
1342	129.86685118615006	0.049490917
1343	130.07296078497504	0.02966259
1344	130.27907038380002	0.07807402
1345	130.485179982625	0.07720888
1346	130.69128958145	0.03413199
1347	130.89739918027504	0.07204531
1348	131.10350877910003	0.050325375
1349	131.309618377925	0.05830615
1350	131.51572797675001	0.05155345
1351	131.72183757557505	0.09261914
1352	131.92794717440003	0.055863522
1353	132.134056773225	0.045147143
1354	132.34016637205002	0.06948647
1355	132.546275970875	0.042151764
1356	132.75238556970004	0.051721066
1357	132.95849516852502	0.07776395
1358	133.16460476735003	0.063934095
1359	133.370714366175	0.06536372
1360	133.576823965	0.1041943
1361	133.78293356382503	0.057591926
1362	133.98904316265003	0.10208113
1363	134.19515276147501	0.04273161
1364	134.4012623603	0.08389245
1365	134.60737195912503	0.07098775
1366	134.81348155795004	0.07471609
1367	135.01959115677502	0.04699096
1368	135.2257007556	0.051714126
1369	135.43181035442498	0.022709683
1370	135.63791995325005	0.08362428
1371	135.84402955207503	0.052449238
1372	136.0501391509	0.04089656
1373	136.256248749725	0.087116465
1374	136.46235834855005	0.04207915
1375	136.66846794737504	0.055469368
1376	136.87457754620002	0.036767688
1377	137.080687145025	0.047958095
1378	137.28679674385	0.07809224
1379	137.49290634267504	0.07442892
1380	137.69901594150002	0.055780128
1381	137.905125540325	0.0410694
1382	138.11123513915	0.0787893
1383	138.31734473797505	0.04836078
1384	138.52345433680003	0.08929169
1385	138.729563935625	0.039038166
1386	138.93567353445002	0.05065959
1387	139.141783133275	0.11250545
1388	139.34789273210004	0.07190035
1389	139.55400233092502	0.063487545
1390	139.76011192975002	0.08233043
1391	139.966221528575	0.0897654
1392	140.17233112740004	0.048076212
1393	140.37844072622502	0.074145004
1394	140.58455032505003	0.060173046
1395	140.790659923875	0.04737548
1396	140.9967695227	0.03957909
1397	141.20287912152503	0.037795562
1398	141.40898872035004	0.05508682
1399	141.61509831917502	0.04294212
1400	141.821207918	0.0807444
1401	142.02731751682504	0.07642037
1402	142.23342711565004	0.039421923
1403	142.43953671447503	0.106291465
1404	142.6456463133	0.1026406
1405	142.851755912125	0.05014107
1406	143.05786551095005	0.03896311
1407	143.26397510977503	0.04102907
1408	143.4700847086	0.057401925
1409	143.676194307425	0.06660659
1410	143.88230390625006	0.024050508
1411	144.08841350507504	0.07850419
1412	144.29452310390002	0.037736375
1413	144.500632702725	0.03509718
1414	144.70674230155	0.07757173
1415	144.91285190037505	0.07474512
1416	145.11896149920003	0.053484656
1417	145.325071098025	0.09556454
1418	145.53118069685002	0.046814512
1419	145.737290295675	0.069362596
1420	145.94339989450003	0.08510294
1421	146.149509493325	0.038403846
1422	146.35561909215002	0.03993192
1423	146.561728690975	0.032417625
1424	146.76783828980004	0.04595566
1425	146.97394788862502	0.06129552
1426	147.18005748745003	0.03490824
1427	147.386167086275	0.06753921
1428	147.5922766851	0.031605355
1429	147.79838628392503	0.047336742
1430	148.00449588275004	0.07602479
1431	148.21060548157502	0.08026271
1432	148.4167150804	0.040675476
1433	148.62282467922503	0.048567556
1434	148.82893427805004	0.05451416
1435	149.03504387687502	0.07697951
1436	149.2411534757	0.08059999
1437	149.44726307452498	0.03383367
1438	149.65337267335005	0.017111365
1439	149.85948227217503	0.063725695
1440	150.065591871	0.060923688
1441	150.271701469825	0.08536441
1442	150.47781106865006	0.103664204
1443	150.68392066747504	0.083154306
1444	150.89003026630002	0.03173086
1445	151.096139865125	0.064638615
1446	151.30224946395	0.048963435
1447	151.50835906277504	0.0607665
1448	151.71446866160002	0.053551335
1449	151.920578260425	0.063129306
1450	152.12668785925	0.06599555
1451	152.33279745807505	0.073205106
1452	152.53890705690003	0.07122187
1453	152.745016655725	0.07235353
1454	152.95112625455002	0.07087189
1455	153.157235853375	0.06784589
1456	153.36334545220004	0.028474407
1457	153.56945505102502	0.03924994
1458	153.77556464985003	0.051743906
1459	153.981674248675	0.050280377
1460	154.18778384750004	0.056463975
1461	154.39389344632502	0.046235405
1462	154.60000304515003	0.08302044
1463	154.806112643975	0.03705293
1464	155.0122222428	0.06452901
1465	155.21833184162503	0.07689888
1466	155.42444144045004	0.07353752
1467	155.63055103927502	0.07855955
1468	155.8366606381	0.05477021
1469	156.04277023692498	0.015452656
1470	156.24887983575005	0.04601278
1471	156.45498943457503	0.09844288
1472	156.6610990334	0.066909984
1473	156.867208632225	0.08305973
1474	157.07331823105005	0.048031934
1475	157.27942782987503	0.09107284
1476	157.4855374287	0.043994505
1477	157.691647027525	0.059608463
1478	157.89775662635	0.043650147
1479	158.10386622517504	0.051311024
1480	158.30997582400002	0.048666857
1481	158.516085422825	0.058219373
1482	158.72219502165	0.08196054
1483	158.92830462047505	0.040330444
1484	159.13441421930003	0.06078316
1485	159.340523818125	0.041698266
1486	159.54663341695002	0.017745316
1487	159.752743015775	0.044123285
1488	159.95885261460003	0.05815668
1489	160.164962213425	0.10499731
1490	160.37107181225002	0.059148412
1491	160.577181411075	0.023457713
1492	160.78329100990004	0.03886284
1493	160.98940060872502	0.05549971
1494	161.19551020755003	0.049389206
1495	161.401619806375	0.03999085
1496	161.6077294052	0.042558163
1497	161.81383900402503	0.074921004
1498	162.01994860285004	0.058582895
1499	162.22605820167502	0.094228804
