	velocity	Amplitude
0	-153.19347372000001	1.7360698
1	-152.987359681195	1.7016611
2	-152.78124564239002	1.6027911
3	-152.575131603585	1.6193713
4	-152.36901756478002	1.6707836
5	-152.162903525975	1.7091413
6	-151.95678948717	1.6491352
7	-151.750675448365	1.6478857
8	-151.54456140956	1.7083145
9	-151.33844737075503	1.7566978
10	-151.13233333195	1.6253281
11	-150.926219293145	1.6905298
12	-150.72010525434	1.6932184
13	-150.51399121553501	1.6729655
14	-150.30787717673002	1.6762731
15	-150.10176313792502	1.6473392
16	-149.89564909912	1.594588
17	-149.68953506031502	1.601011
18	-149.48342102151	1.6636152
19	-149.27730698270503	1.6294857
20	-149.0711929439	1.6296542
21	-148.865078905095	1.5922695
22	-148.65896486629	1.7086774
23	-148.452850827485	1.678208
24	-148.24673678868	1.670243
25	-148.040622749875	1.7377144
26	-147.83450871107	1.6221249
27	-147.62839467226502	1.7058115
28	-147.42228063346	1.6778073
29	-147.21616659465502	1.6766281
30	-147.01005255585	1.6505313
31	-146.803938517045	1.6837668
32	-146.59782447824003	1.6701872
33	-146.391710439435	1.692571
34	-146.18559640063003	1.6038693
35	-145.979482361825	1.7208452
36	-145.77336832302	1.610121
37	-145.567254284215	1.6898396
38	-145.36114024541	1.7483883
39	-145.15502620660502	1.6627505
40	-144.94891216780002	1.614685
41	-144.742798128995	1.6193234
42	-144.53668409019002	1.6151268
43	-144.330570051385	1.638906
44	-144.12445601258003	1.6383522
45	-143.918341973775	1.6399074
46	-143.71222793497	1.5945728
47	-143.506113896165	1.6590967
48	-143.29999985736	1.6330265
49	-143.093885818555	1.6753936
50	-142.88777177975	1.6436622
51	-142.68165774094498	1.6128974
52	-142.47554370214002	1.6773541
53	-142.269429663335	1.6751467
54	-142.06331562453002	1.6609455
55	-141.85720158572502	1.6249539
56	-141.65108754692	1.6657062
57	-141.44497350811503	1.6288072
58	-141.23885946931	1.6446097
59	-141.03274543050503	1.7373557
60	-140.8266313917	1.6576499
61	-140.620517352895	1.6158876
62	-140.41440331409	1.6363858
63	-140.208289275285	1.7050282
64	-140.00217523648	1.6345528
65	-139.79606119767502	1.6210573
66	-139.58994715887	1.6597762
67	-139.38383312006502	1.6819369
68	-139.17771908126	1.6235782
69	-138.97160504245502	1.703673
70	-138.76549100365	1.7057016
71	-138.559376964845	1.759119
72	-138.35326292604	1.691198
73	-138.147148887235	1.6588676
74	-137.94103484843	1.6895758
75	-137.734920809625	1.7034545
76	-137.52880677081998	1.7092606
77	-137.322692732015	1.643269
78	-137.11657869321	1.7101413
79	-136.91046465440502	1.7431172
80	-136.70435061560002	1.7748872
81	-136.498236576795	1.6414824
82	-136.29212253799002	1.599009
83	-136.086008499185	1.6185814
84	-135.87989446038003	1.6681439
85	-135.673780421575	1.6860814
86	-135.46766638277	1.6939439
87	-135.261552343965	1.7218492
88	-135.05543830516	1.6421195
89	-134.849324266355	1.6022832
90	-134.64321022755001	1.6695364
91	-134.437096188745	1.6828698
92	-134.23098214994002	1.6611267
93	-134.024868111135	1.6491531
94	-133.81875407233002	1.6656511
95	-133.612640033525	1.6911235
96	-133.40652599472	1.6607751
97	-133.200411955915	1.6011047
98	-132.99429791711	1.6216501
99	-132.788183878305	1.6687739
100	-132.5820698395	1.6467961
101	-132.37595580069498	1.6811962
102	-132.16984176189	1.6360261
103	-131.96372772308501	1.6257758
104	-131.75761368428002	1.6295865
105	-131.55149964547502	1.6349728
106	-131.34538560667	1.6592426
107	-131.13927156786502	1.6813956
108	-130.93315752906	1.6967025
109	-130.727043490255	1.719198
110	-130.52092945145	1.6190228
111	-130.314815412645	1.6895908
112	-130.10870137384	1.6401118
113	-129.902587335035	1.6616622
114	-129.69647329623	1.6989152
115	-129.490359257425	1.6245382
116	-129.28424521862001	1.66627
117	-129.07813117981502	1.6555917
118	-128.87201714101	1.6547846
119	-128.665903102205	1.6599944
120	-128.4597890634	1.6513038
121	-128.253675024595	1.6399238
122	-128.04756098579	1.6615067
123	-127.841446946985	1.708036
124	-127.63533290818	1.6974732
125	-127.429218869375	1.6072481
126	-127.22310483057001	1.7689146
127	-127.01699079176501	1.6503096
128	-126.81087675296	1.7763115
129	-126.604762714155	1.7011542
130	-126.39864867535	1.7208885
131	-126.192534636545	1.6389736
132	-125.98642059774001	1.636305
133	-125.780306558935	1.6763855
134	-125.57419252013	1.7248917
135	-125.368078481325	1.6365602
136	-125.16196444252002	1.5950212
137	-124.95585040371502	1.6546155
138	-124.74973636491	1.7148844
139	-124.54362232610501	1.6847044
140	-124.33750828730001	1.6477906
141	-124.13139424849501	1.6247592
142	-123.92528020969002	1.6355733
143	-123.719166170885	1.654089
144	-123.51305213208	1.6882445
145	-123.30693809327501	1.7122377
146	-123.10082405447001	1.6858908
147	-122.89471001566501	1.7099009
148	-122.68859597686	1.6453263
149	-122.482481938055	1.7029303
150	-122.27636789925	1.6612058
151	-122.070253860445	1.7166346
152	-121.86413982164001	1.6128905
153	-121.658025782835	1.7325792
154	-121.45191174403	1.6350335
155	-121.245797705225	1.6308055
156	-121.03968366642	1.6119454
157	-120.833569627615	1.6703397
158	-120.62745558881	1.8093504
159	-120.42134155000502	1.7097448
160	-120.21522751120001	1.6672747
161	-120.00911347239501	1.5991144
162	-119.80299943359002	1.5817015
163	-119.596885394785	1.7341603
164	-119.39077135598002	1.6130643
165	-119.18465731717501	1.6898589
166	-118.97854327837001	1.6756105
167	-118.77242923956501	1.6027223
168	-118.56631520076	1.6874806
169	-118.36020116195502	1.6587787
170	-118.15408712315	1.643406
171	-117.94797308434501	1.65762
172	-117.74185904554001	1.6318388
173	-117.535745006735	1.6693224
174	-117.32963096793002	1.6309268
175	-117.123516929125	1.6217971
176	-116.91740289032	1.7320735
177	-116.71128885151501	1.707756
178	-116.50517481271	1.6481767
179	-116.29906077390501	1.6226697
180	-116.0929467351	1.6432942
181	-115.886832696295	1.7371938
182	-115.68071865749002	1.6654366
183	-115.474604618685	1.6787895
184	-115.26849057988002	1.6374273
185	-115.06237654107501	1.6915088
186	-114.85626250227001	1.6921593
187	-114.65014846346502	1.717303
188	-114.44403442466	1.6851038
189	-114.23792038585502	1.67951
190	-114.03180634705001	1.6279418
191	-113.82569230824501	1.6780456
192	-113.61957826944001	1.6757039
193	-113.413464230635	1.66839
194	-113.20735019183002	1.6825416
195	-113.001236153025	1.6709783
196	-112.79512211422	1.7011368
197	-112.58900807541501	1.6582265
198	-112.38289403661	1.6915472
199	-112.17677999780501	1.7040437
200	-111.970665959	1.622808
201	-111.764551920195	1.6364399
202	-111.55843788139	1.6734114
203	-111.352323842585	1.5543683
204	-111.14620980378001	1.6410995
205	-110.940095764975	1.6306198
206	-110.73398172617001	1.5971363
207	-110.52786768736502	1.6541529
208	-110.32175364856	1.6919932
209	-110.11563960975502	1.7093525
210	-109.90952557095001	1.7178913
211	-109.70341153214501	1.6176546
212	-109.49729749334001	1.700437
213	-109.291183454535	1.5736946
214	-109.08506941573002	1.6205871
215	-108.878955376925	1.6359152
216	-108.67284133812001	1.6282125
217	-108.46672729931501	1.6646647
218	-108.26061326051	1.672937
219	-108.05449922170502	1.6850699
220	-107.8483851829	1.6323143
221	-107.642271144095	1.6568534
222	-107.43615710529001	1.7139466
223	-107.230043066485	1.6721737
224	-107.02392902768001	1.6044123
225	-106.817814988875	1.6391313
226	-106.61170095007	1.6937265
227	-106.405586911265	1.7082392
228	-106.19947287245999	1.6533006
229	-105.99335883365502	1.6371775
230	-105.78724479485001	1.6746013
231	-105.58113075604501	1.6218135
232	-105.37501671724002	1.601762
233	-105.168902678435	1.6653733
234	-104.96278863963002	1.6668073
235	-104.75667460082501	1.7366191
236	-104.55056056202001	1.7065967
237	-104.34444652321501	1.6653422
238	-104.13833248441	1.7092721
239	-103.93221844560502	1.6330966
240	-103.7261044068	1.6469965
241	-103.519990367995	1.651612
242	-103.31387632919001	1.6655141
243	-103.107762290385	1.7168707
244	-102.90164825158001	1.6461331
245	-102.695534212775	1.6252829
246	-102.48942017397	1.6545916
247	-102.283306135165	1.6255462
248	-102.07719209636	1.7257296
249	-101.87107805755501	1.6158652
250	-101.66496401875	1.652669
251	-101.458849979945	1.6886313
252	-101.25273594114002	1.6804422
253	-101.046621902335	1.6766497
254	-100.84050786353002	1.6612515
255	-100.63439382472501	1.7035322
256	-100.42827978592001	1.6025693
257	-100.22216574711501	1.6162248
258	-100.01605170831	1.7181985
259	-99.80993766950502	1.6597679
260	-99.6038236307	1.6237532
261	-99.39770959189501	1.5842048
262	-99.19159555309001	1.6904266
263	-98.985481514285	1.6201477
264	-98.77936747548002	1.6693296
265	-98.573253436675	1.6897506
266	-98.36713939787	1.6875398
267	-98.16102535906501	1.6598648
268	-97.95491132026	1.6740937
269	-97.74879728145501	1.7179174
270	-97.54268324265	1.7233697
271	-97.336569203845	1.679549
272	-97.13045516504	1.6987697
273	-96.92434112623499	1.6095334
274	-96.71822708743001	1.6790223
275	-96.51211304862501	1.61558
276	-96.30599900982001	1.6148157
277	-96.09988497101502	1.6876796
278	-95.89377093221	1.6577272
279	-95.68765689340502	1.7095044
280	-95.48154285460001	1.6548572
281	-95.27542881579501	1.5887749
282	-95.06931477699001	1.6219044
283	-94.863200738185	1.6204175
284	-94.65708669938002	1.6892692
285	-94.450972660575	1.6795763
286	-94.24485862177	1.6323947
287	-94.03874458296501	1.6746626
288	-93.83263054416	1.6974704
289	-93.62651650535501	1.6382363
290	-93.42040246655	1.6636136
291	-93.214288427745	1.6646906
292	-93.00817438894	1.7086426
293	-92.802060350135	1.6327691
294	-92.59594631133001	1.6806041
295	-92.389832272525	1.6945983
296	-92.18371823372	1.6685611
297	-91.977604194915	1.6810931
298	-91.77149015610999	1.7269892
299	-91.56537611730502	1.628055
300	-91.35926207850001	1.6550784
301	-91.15314803969501	1.6245282
302	-90.94703400089001	1.6806402
303	-90.740919962085	1.6672652
304	-90.53480592328002	1.630043
305	-90.328691884475	1.6141567
306	-90.12257784567001	1.5820758
307	-89.91646380686501	1.6997023
308	-89.71034976806	1.6169126
309	-89.50423572925502	1.6786721
310	-89.29812169045	1.6304233
311	-89.092007651645	1.6639948
312	-88.88589361284001	1.6902831
313	-88.679779574035	1.6766274
314	-88.47366553523001	1.6042211
315	-88.267551496425	1.6492239
316	-88.06143745762	1.7177415
317	-87.855323418815	1.6520886
318	-87.64920938001	1.6691976
319	-87.443095341205	1.6712956
320	-87.2369813024	1.6751845
321	-87.03086726359501	1.7036153
322	-86.82475322479002	1.6911628
323	-86.61863918598502	1.6308808
324	-86.41252514718	1.6680659
325	-86.20641110837501	1.7167042
326	-86.00029706957001	1.7698429
327	-85.79418303076501	1.6131582
328	-85.58806899196001	1.7144206
329	-85.381954953155	1.658785
330	-85.17584091435	1.6195908
331	-84.969726875545	1.6401414
332	-84.76361283674001	1.735501
333	-84.55749879793501	1.6045579
334	-84.35138475913	1.6474171
335	-84.145270720325	1.7431778
336	-83.93915668152	1.7064761
337	-83.733042642715	1.693658
338	-83.52692860391001	1.6717973
339	-83.320814565105	1.6576711
340	-83.1147005263	1.6946284
341	-82.908586487495	1.677128
342	-82.70247244869	1.6533743
343	-82.496358409885	1.7261486
344	-82.29024437108	1.6602712
345	-82.08413033227501	1.6434195
346	-81.87801629347001	1.6292325
347	-81.67190225466501	1.6340789
348	-81.46578821586002	1.699977
349	-81.259674177055	1.6321167
350	-81.05356013825	1.6613611
351	-80.84744609944501	1.6929144
352	-80.64133206064001	1.6643544
353	-80.43521802183501	1.6269454
354	-80.22910398303	1.6414502
355	-80.022989944225	1.6158301
356	-79.81687590542	1.638647
357	-79.61076186661501	1.6765966
358	-79.40464782781001	1.6198636
359	-79.198533789005	1.7194881
360	-78.9924197502	1.6734709
361	-78.786305711395	1.6510537
362	-78.58019167259	1.6632645
363	-78.374077633785	1.647324
364	-78.16796359498	1.657749
365	-77.961849556175	1.6639934
366	-77.75573551737	1.6763264
367	-77.549621478565	1.7520367
368	-77.34350743976002	1.6674554
369	-77.137393400955	1.6168478
370	-76.93127936215001	1.6507517
371	-76.72516532334501	1.6364393
372	-76.51905128454001	1.6896255
373	-76.31293724573501	1.650501
374	-76.10682320693	1.6488092
375	-75.900709168125	1.6084948
376	-75.69459512932	1.587307
377	-75.48848109051501	1.6428292
378	-75.28236705171001	1.6320574
379	-75.076253012905	1.6819413
380	-74.8701389741	1.6478405
381	-74.664024935295	1.6465161
382	-74.45791089649	1.6561455
383	-74.25179685768501	1.6350287
384	-74.04568281888001	1.6240193
385	-73.839568780075	1.6291286
386	-73.63345474127	1.6461251
387	-73.427340702465	1.6427522
388	-73.22122666366	1.6269302
389	-73.015112624855	1.6779642
390	-72.80899858605	1.6970335
391	-72.60288454724501	1.6694845
392	-72.39677050844001	1.6389333
393	-72.19065646963502	1.6013223
394	-71.98454243083002	1.6102239
395	-71.778428392025	1.622063
396	-71.57231435322001	1.7383231
397	-71.36620031441501	1.6669463
398	-71.16008627561001	1.624768
399	-70.95397223680501	1.6768316
400	-70.747858198	1.6444631
401	-70.541744159195	1.6556646
402	-70.33563012039001	1.6623006
403	-70.12951608158501	1.5676531
404	-69.92340204278001	1.6501696
405	-69.717288003975	1.6609592
406	-69.51117396517	1.6763105
407	-69.305059926365	1.645367
408	-69.09894588756	1.6924683
409	-68.89283184875501	1.6841311
410	-68.68671780995	1.620574
411	-68.480603771145	1.6590158
412	-68.27448973234	1.6609752
413	-68.068375693535	1.6840196
414	-67.86226165473002	1.6564773
415	-67.65614761592501	1.5850085
416	-67.45003357712001	1.6060257
417	-67.24391953831501	1.6275887
418	-67.03780549951001	1.6761842
419	-66.83169146070502	1.6694354
420	-66.6255774219	1.7173648
421	-66.419463383095	1.704684
422	-66.21334934429001	1.6293261
423	-66.00723530548501	1.7176943
424	-65.80112126668001	1.7062044
425	-65.595007227875	1.6942616
426	-65.38889318907	1.6435103
427	-65.182779150265	1.6181878
428	-64.97666511146001	1.6614716
429	-64.77055107265501	1.64073
430	-64.56443703385	1.6531013
431	-64.358322995045	1.6429702
432	-64.15220895624	1.6093451
433	-63.94609491743501	1.7064652
434	-63.739980878630014	1.6857909
435	-63.533866839825	1.5912062
436	-63.327752801020004	1.6491197
437	-63.12163876221501	1.6819474
438	-62.91552472341001	1.591729
439	-62.70941068460501	1.6424735
440	-62.5032966458	1.5948094
441	-62.297182606995	1.5607026
442	-62.09106856819	1.6695814
443	-61.88495452938501	1.6429935
444	-61.678840490580015	1.6915808
445	-61.472726451775	1.624008
446	-61.266612412970005	1.6713257
447	-61.06049837416501	1.6817113
448	-60.85438433536001	1.7541516
449	-60.64827029655501	1.5751342
450	-60.44215625775	1.6601326
451	-60.236042218945	1.6455257
452	-60.029928180140004	1.7116747
453	-59.823814141335006	1.6683106
454	-59.617700102530016	1.6885302
455	-59.411586063725004	1.6557162
456	-59.205472024920006	1.6733309
457	-58.99935798611501	1.6964612
458	-58.79324394731001	1.6778436
459	-58.58712990850501	1.6387328
460	-58.3810158697	1.6441557
461	-58.174901830895	1.6899357
462	-57.968787792090005	1.6373202
463	-57.76267375328501	1.6772568
464	-57.55655971448001	1.6772475
465	-57.350445675675	1.641672
466	-57.14433163687001	1.6841563
467	-56.93821759806501	1.6281275
468	-56.73210355926001	1.7115374
469	-56.52598952045501	1.6906365
470	-56.31987548165	1.730121
471	-56.113761442845004	1.6360681
472	-55.907647404040006	1.6745384
473	-55.70153336523501	1.7017543
474	-55.49541932643001	1.6501555
475	-55.289305287625	1.6290002
476	-55.08319124882	1.6185985
477	-54.877077210015	1.6380204
478	-54.67096317121001	1.6343182
479	-54.464849132405014	1.6531072
480	-54.2587350936	1.6394656
481	-54.052621054795004	1.6266949
482	-53.84650701599001	1.6939064
483	-53.64039297718501	1.6749655
484	-53.43427893838001	1.6117467
485	-53.228164899575	1.6475619
486	-53.02205086077	1.6368542
487	-52.815936821965	1.6896266
488	-52.609822783160006	1.6390564
489	-52.403708744355015	1.7386904
490	-52.19759470555	1.6493809
491	-51.991480666745005	1.6333206
492	-51.78536662794001	1.6254047
493	-51.57925258913501	1.6412427
494	-51.37313855033001	1.694424
495	-51.167024511525	1.6324542
496	-50.96091047272	1.6854094
497	-50.754796433915004	1.6319238
498	-50.548682395110006	1.7033885
499	-50.34256835630501	1.7095133
500	-50.1364543175	1.7085938
501	-49.930340278695006	1.6131072
502	-49.72422623989001	1.6576157
503	-49.51811220108501	1.6400335
504	-49.31199816228001	1.670236
505	-49.105884123475	1.6751106
506	-48.89977008467	1.667213
507	-48.693656045865005	1.7079624
508	-48.48754200706001	1.6873509
509	-48.28142796825501	1.6234057
510	-48.07531392945	1.6881819
511	-47.869199890645	1.6838948
512	-47.66308585184001	1.6728364
513	-47.45697181303501	1.6140369
514	-47.25085777423001	1.637083
515	-47.044743735425	1.6701237
516	-46.83862969662	1.6507223
517	-46.632515657815006	1.7079391
518	-46.42640161901001	1.6161643
519	-46.22028758020501	1.6046988
520	-46.0141735414	1.6473451
521	-45.808059502595	1.6775917
522	-45.60194546379	1.6685541
523	-45.395831424985005	1.6089077
524	-45.189717386180014	1.6525475
525	-44.983603347375	1.6615378
526	-44.777489308570004	1.6302565
527	-44.57137526976501	1.6951234
528	-44.36526123096001	1.6542504
529	-44.15914719215501	1.701915
530	-43.95303315335	1.6097136
531	-43.746919114545	1.6828332
532	-43.54080507574	1.7058394
533	-43.334691036935006	1.6137918
534	-43.12857699813001	1.705671
535	-42.922462959324996	1.5982221
536	-42.716348920520005	1.6812521
537	-42.51023488171501	1.5987757
538	-42.30412084291001	1.651138
539	-42.09800680410501	1.6056049
540	-41.8918927653	1.6859889
541	-41.685778726495	1.6468353
542	-41.479664687690004	1.6289545
543	-41.273550648885006	1.737258
544	-41.06743661008001	1.6043795
545	-40.861322571275	1.5904092
546	-40.65520853247	1.6793557
547	-40.44909449366501	1.6633992
548	-40.24298045486001	1.6250625
549	-40.03686641605501	1.6691939
550	-39.83075237725	1.6690845
551	-39.624638338445	1.7045369
552	-39.418524299640005	1.6902934
553	-39.21241026083501	1.6300051
554	-39.00629622203001	1.6162919
555	-38.800182183225	1.570276
556	-38.59406814442	1.7036145
557	-38.387954105615	1.6572161
558	-38.18184006681001	1.796045
559	-37.97572602800501	1.5928831
560	-37.7696119892	1.6290693
561	-37.563497950395	1.6715226
562	-37.357383911590006	1.6426903
563	-37.15126987278501	1.6070157
564	-36.94515583398001	1.6463089
565	-36.739041795175	1.624023
566	-36.53292775637	1.599964
567	-36.326813717565	1.7494869
568	-36.120699678760005	1.7358264
569	-35.91458563995501	1.6617728
570	-35.70847160115	1.6485218
571	-35.502357562345004	1.7331758
572	-35.29624352354001	1.6388853
573	-35.09012948473501	1.646555
574	-34.88401544593001	1.6657248
575	-34.677901407125	1.66265
576	-34.47178736832	1.6763963
577	-34.265673329515	1.6347324
578	-34.059559290710006	1.6467941
579	-33.85344525190501	1.6587732
580	-33.647331213099996	1.6739932
581	-33.441217174295	1.6270177
582	-33.23510313549001	1.6180352
583	-33.02898909668501	1.6599877
584	-32.82287505788001	1.5828682
585	-32.616761019075	1.6716706
586	-32.41064698027	1.6687067
587	-32.204532941465004	1.5736048
588	-31.998418902660006	1.6752869
589	-31.79230486385501	1.6236756
590	-31.586190825049997	1.6485394
591	-31.380076786245002	1.7330542
592	-31.173962747440005	1.5659038
593	-30.967848708635007	1.7023009
594	-30.76173466983001	1.6772206
595	-30.555620631024997	1.6649832
596	-30.349506592220003	1.695585
597	-30.143392553415005	1.6139969
598	-29.937278514610007	1.6955459
599	-29.73116447580501	1.62717
600	-29.525050436999997	1.6177024
601	-29.318936398195	1.6468781
602	-29.112822359390005	1.6321819
603	-28.906708320585007	1.6541687
604	-28.70059428178001	1.7474579
605	-28.494480242974998	1.6475875
606	-28.28836620417	1.6703867
607	-28.082252165365002	1.6840848
608	-27.876138126560008	1.6124488
609	-27.67002408775501	1.659915
610	-27.463910048949998	1.7072787
611	-27.257796010145	1.6192306
612	-27.051681971340003	1.6256443
613	-26.84556793253501	1.6329296
614	-26.63945389373001	1.6443981
615	-26.433339854925	1.7377491
616	-26.22722581612	1.6263517
617	-26.021111777315003	1.6493288
618	-25.814997738510005	1.6134355
619	-25.60888369970501	1.7253778
620	-25.4027696609	1.6347688
621	-25.196655622095	1.6477059
622	-24.990541583290003	1.5976169
623	-24.784427544485006	1.6469867
624	-24.578313505680008	1.5931965
625	-24.372199466875	1.6429701
626	-24.16608542807	1.6758276
627	-23.959971389265004	1.7002244
628	-23.753857350460006	1.6323587
629	-23.547743311655008	1.6055086
630	-23.341629272849996	1.6977768
631	-23.135515234045002	1.7699758
632	-22.929401195240004	1.6266382
633	-22.723287156435006	1.6423585
634	-22.51717311763001	1.6874791
635	-22.311059078824997	1.6408716
636	-22.104945040020016	1.6731979
637	-21.898831001215004	1.7440156
638	-21.692716962409992	1.618688
639	-21.48660292360501	1.662363
640	-21.280488884799997	1.6876014
641	-21.074374845995013	1.6074457
642	-20.868260807190005	1.6456323
643	-20.662146768384993	1.6493673
644	-20.45603272958001	1.6496474
645	-20.249918690774997	1.6589918
646	-20.043804651970014	1.696745
647	-19.837690613165	1.7777306
648	-19.63157657435999	1.7748088
649	-19.42546253555501	1.6749164
650	-19.219348496749998	1.628261
651	-19.013234457945014	1.6111937
652	-18.807120419140002	1.6731144
653	-18.60100638033499	1.701316
654	-18.39489234153001	1.7053936
655	-18.188778302724998	1.6483521
656	-17.982664263920014	1.6854843
657	-17.776550225115002	1.6240368
658	-17.57043618630999	1.6976984
659	-17.364322147505007	1.7168162
660	-17.1582081087	1.6753843
661	-16.952094069895015	1.6814407
662	-16.745980031090003	1.6580325
663	-16.53986599228499	1.6116754
664	-16.333751953480007	1.6795162
665	-16.127637914674995	1.6626749
666	-15.921523875870013	1.6896896
667	-15.715409837065003	1.6615043
668	-15.509295798259991	1.6602228
669	-15.303181759455008	1.6278458
670	-15.097067720649997	1.6400348
671	-14.890953681845014	1.6008956
672	-14.684839643040002	1.6046534
673	-14.478725604234992	1.674982
674	-14.272611565430008	1.6114618
675	-14.066497526624996	1.7513965
676	-13.860383487820014	1.6530466
677	-13.654269449015002	1.5884871
678	-13.44815541020999	1.6641256
679	-13.242041371405008	1.6027483
680	-13.035927332599996	1.63137
681	-12.829813293795015	1.6529322
682	-12.623699254990003	1.6363579
683	-12.41758521618499	1.6499099
684	-12.211471177380009	1.645635
685	-12.005357138574997	1.6564978
686	-11.799243099770013	1.6932124
687	-11.593129060965003	1.616027
688	-11.387015022159991	1.6628611
689	-11.180900983355007	1.6227047
690	-10.974786944549997	1.7189754
691	-10.768672905745014	1.5658886
692	-10.562558866940002	1.7276465
693	-10.35644482813499	1.6309706
694	-10.150330789330008	1.7456709
695	-9.944216750524996	1.6416909
696	-9.738102711720014	1.6734394
697	-9.531988672915002	1.5768515
698	-9.32587463410999	1.6709427
699	-9.119760595305008	1.6221497
700	-8.913646556499996	1.5856435
701	-8.707532517695014	1.5860515
702	-8.501418478890002	1.6280868
703	-8.29530444008499	1.6805865
704	-8.089190401280009	1.6010904
705	-7.883076362474996	1.6341217
706	-7.676962323670014	1.583393
707	-7.470848284865002	1.6699315
708	-7.26473424605999	1.6769724
709	-7.058620207255007	1.5460868
710	-6.852506168449996	1.6691816
711	-6.6463921296450135	1.6463046
712	-6.4402780908400015	1.6245145
713	-6.23416405203499	1.6774391
714	-6.028050013230008	1.6392742
715	-5.821935974424996	1.717436
716	-5.615821935620013	1.7026215
717	-5.409707896815002	1.5957205
718	-5.20359385800999	1.5358468
719	-4.997479819205007	1.589704
720	-4.791365780399996	1.7112045
721	-4.585251741595013	1.6043098
722	-4.379137702790001	1.6976197
723	-4.17302366398499	1.6478264
724	-3.9669096251800076	1.5554655
725	-3.7607955863749956	1.6608071
726	-3.5546815475700133	1.633227
727	-3.3485675087650018	1.6056192
728	-3.1424534699599898	1.6430793
729	-2.9363394311550075	1.5688968
730	-2.7302253923499955	1.5427364
731	-2.5241113535450133	1.6874406
732	-2.3179973147400013	1.5775546
733	-2.1118832759349897	1.5070138
734	-1.9057692371300072	1.5871377
735	-1.6996551983249957	1.5811392
736	-1.493541159520013	1.5845275
737	-1.2874271207150014	1.5161961
738	-1.0813130819099896	1.5624912
739	-0.8751990431050072	1.4874692
740	-0.6690850042999955	1.4705703
741	-0.46297096549501293	1.3775874
742	-0.25685692669000126	1.4522141
743	-0.05074288788498962	1.4635708
744	0.15537115091999293	1.4250603
745	0.3614851897250046	1.3745319
746	0.5675992285299871	1.3379916
747	0.7737132673349988	1.3568462
748	0.9798273061400105	1.2274389
749	1.185941344944993	1.2212209
750	1.3920553837500047	1.1246979
751	1.5981694225549872	1.1150926
752	1.804283461359999	1.0786948
753	2.0103975001650105	1.081603
754	2.216511538969993	1.3597949
755	2.4226255777750048	1.2177843
756	2.6287396165799874	1.303261
757	2.834853655384999	1.3958558
758	3.0409676941900106	1.5065949
759	3.2470817329949933	1.5521573
760	3.453195771800005	1.5971776
761	3.6593098106049875	1.5462542
762	3.865423849409999	1.5948092
763	4.071537888215011	1.6815993
764	4.277651927019994	1.5845655
765	4.483765965825005	1.6185428
766	4.6898800046299876	1.6265713
767	4.8959940434349996	1.5700871
768	5.102108082239981	1.5946844
769	5.308222121044993	1.6072847
770	5.514336159850005	1.7294716
771	5.720450198654988	1.6380823
772	5.926564237459999	1.7065834
773	6.132678276264982	1.685259
774	6.338792315069994	1.5812368
775	6.544906353875005	1.6490536
776	6.751020392679988	1.5937333
777	6.957134431485	1.7473407
778	7.163248470289982	1.6202487
779	7.3693625090949935	1.7023811
780	7.5754765479000055	1.6542225
781	7.781590586704988	1.5977232
782	7.987704625509999	1.6473193
783	8.193818664314982	1.6177281
784	8.399932703119994	1.6411042
785	8.606046741925006	1.680023
786	8.812160780729988	1.7028803
787	9.018274819535	1.6696045
788	9.224388858339982	1.7482222
789	9.430502897144994	1.7379159
790	9.636616935950006	1.7050934
791	9.842730974754987	1.689689
792	10.04884501356	1.5610386
793	10.254959052364983	1.6451782
794	10.461073091169993	1.6710696
795	10.667187129975005	1.6024162
796	10.873301168779989	1.7369859
797	11.079415207584999	1.6234883
798	11.285529246389983	1.667557
799	11.491643285194995	1.664966
800	11.697757324000005	1.7510102
801	11.903871362804988	1.6784793
802	12.10998540161	1.6257354
803	12.316099440414982	1.6236502
804	12.522213479219994	1.7277547
805	12.728327518025006	1.5814482
806	12.934441556829988	1.6766295
807	13.140555595635	1.5917193
808	13.346669634439982	1.6939276
809	13.552783673244994	1.6880618
810	13.758897712050006	1.6266059
811	13.965011750854988	1.5997258
812	14.17112578966	1.6075032
813	14.377239828464983	1.7207757
814	14.583353867269993	1.6792941
815	14.789467906075005	1.6371056
816	14.995581944879989	1.7377992
817	15.201695983685001	1.6515294
818	15.407810022489983	1.639549
819	15.613924061294995	1.6872003
820	15.820038100100007	1.5877266
821	16.026152138904987	1.6754582
822	16.23226617771	1.6407323
823	16.438380216514982	1.6704192
824	16.644494255319994	1.6802868
825	16.850608294125006	1.6618035
826	17.05672233292999	1.7018028
827	17.262836371735002	1.6969793
828	17.468950410539982	1.5910408
829	17.675064449344994	1.6370502
830	17.881178488150006	1.7195563
831	18.08729252695499	1.6205199
832	18.29340656576	1.7262886
833	18.49952060456498	1.685864
834	18.705634643369994	1.6378106
835	18.911748682175006	1.702654
836	19.11786272097999	1.6112036
837	19.323976759785	1.6116629
838	19.530090798589985	1.6033069
839	19.736204837394993	1.6389506
840	19.942318876200005	1.7067726
841	20.14843291500499	1.720103
842	20.35454695381	1.6681806
843	20.560660992614984	1.6587125
844	20.766775031419996	1.62505
845	20.972889070225005	1.6756039
846	21.17900310902999	1.6999605
847	21.385117147835	1.6295394
848	21.591231186639984	1.6341503
849	21.797345225444996	1.6975477
850	22.003459264250008	1.6809894
851	22.209573303054988	1.6699708
852	22.41568734186	1.6176904
853	22.621801380664984	1.6446816
854	22.827915419469996	1.6706171
855	23.034029458275008	1.6251404
856	23.240143497079988	1.6496843
857	23.446257535885	1.5977948
858	23.652371574689983	1.6023637
859	23.858485613494995	1.65727
860	24.064599652300007	1.5953561
861	24.27071369110499	1.6349517
862	24.47682772991	1.678872
863	24.682941768714983	1.5860635
864	24.889055807519995	1.6719108
865	25.095169846325007	1.7140558
866	25.30128388512999	1.6616261
867	25.507397923935002	1.704417
868	25.713511962739982	1.6201599
869	25.919626001544994	1.678172
870	26.125740040350006	1.637746
871	26.33185407915499	1.6674039
872	26.537968117960002	1.6820866
873	26.744082156764982	1.6541826
874	26.950196195569994	1.6284317
875	27.156310234375006	1.6816502
876	27.36242427317999	1.6800534
877	27.568538311985	1.7958856
878	27.774652350789985	1.6571133
879	27.980766389594997	1.6096439
880	28.186880428400006	1.6038077
881	28.39299446720499	1.6858767
882	28.59910850601	1.6565028
883	28.805222544814985	1.6371104
884	29.011336583619997	1.6559111
885	29.21745062242501	1.6047901
886	29.42356466122999	1.5859956
887	29.629678700035	1.6148664
888	29.835792738839984	1.6834426
889	30.041906777644996	1.6906774
890	30.24802081645001	1.6631688
891	30.45413485525499	1.636098
892	30.66024889406	1.5993204
893	30.866362932864984	1.6677952
894	31.072476971669996	1.6350797
895	31.278591010475008	1.6275619
896	31.48470504927999	1.7336638
897	31.690819088085	1.7197251
898	31.896933126889984	1.6401484
899	32.103047165694996	1.6840739
900	32.30916120450001	1.6925023
901	32.51527524330499	1.6893846
902	32.72138928211	1.6543492
903	32.92750332091499	1.6858625
904	33.13361735972	1.6847345
905	33.33973139852501	1.680695
906	33.54584543732999	1.6526515
907	33.751959476135	1.6851082
908	33.95807351493998	1.71009
909	34.164187553744995	1.5879698
910	34.37030159255001	1.6732781
911	34.57641563135499	1.6765968
912	34.78252967016	1.7006216
913	34.988643708964986	1.6852398
914	35.19475774777	1.7262791
915	35.40087178657501	1.6725454
916	35.606985825379994	1.6460983
917	35.813099864185	1.6282101
918	36.01921390298998	1.7034539
919	36.225327941794994	1.7090873
920	36.431441980600006	1.6784248
921	36.63755601940499	1.6337562
922	36.84367005821	1.6541386
923	37.049784097014985	1.7086182
924	37.25589813582	1.6386809
925	37.46201217462501	1.656635
926	37.66812621342999	1.6046957
927	37.874240252235005	1.6887174
928	38.08035429103998	1.6592236
929	38.28646832984499	1.6483765
930	38.492582368650005	1.6566538
931	38.69869640745499	1.6704216
932	38.90481044626	1.7084028
933	39.110924485064984	1.5949996
934	39.317038523869996	1.6150805
935	39.52315256267501	1.7413876
936	39.72926660147999	1.6538212
937	39.935380640285004	1.6690543
938	40.14149467908999	1.6835682
939	40.347608717895	1.6456307
940	40.55372275670001	1.6281049
941	40.75983679550499	1.6516646
942	40.96595083431	1.7266587
943	41.172064873114984	1.6956657
944	41.378178911919996	1.6412675
945	41.58429295072501	1.6707655
946	41.79040698952999	1.6484106
947	41.996521028335	1.6305571
948	42.20263506713999	1.6411933
949	42.408749105945	1.6752361
950	42.61486314475001	1.5977665
951	42.820977183554994	1.6942649
952	43.02709122236	1.668031
953	43.23320526116498	1.5969629
954	43.439319299969995	1.7043855
955	43.64543333877501	1.6226697
956	43.85154737757999	1.652915
957	44.057661416385	1.7045736
958	44.263775455189986	1.6774209
959	44.469889493995	1.5805044
960	44.67600353280001	1.6390766
961	44.882117571604994	1.5930859
962	45.088231610410006	1.7992183
963	45.29434564921498	1.6470338
964	45.500459688019994	1.6783695
965	45.706573726825006	1.6495415
966	45.91268776562999	1.7114053
967	46.118801804435	1.753647
968	46.324915843239985	1.7556409
969	46.531029882045	1.7053629
970	46.73714392085001	1.6390935
971	46.94325795965499	1.6249169
972	47.149371998460005	1.5794396
973	47.35548603726499	1.6882383
974	47.56160007607	1.6607856
975	47.767714114875005	1.6328478
976	47.97382815367999	1.6539841
977	48.179942192485	1.6411343
978	48.386056231289984	1.6552404
979	48.592170270095	1.6486721
980	48.79828430890001	1.6736559
981	49.00439834770499	1.6485919
982	49.210512386510004	1.6294782
983	49.41662642531499	1.6832561
984	49.62274046412	1.6854116
985	49.82885450292501	1.6518816
986	50.03496854172999	1.591626
987	50.241082580535	1.7540699
988	50.447196619339984	1.6639261
989	50.653310658144996	1.6340356
990	50.85942469695001	1.6035721
991	51.06553873575499	1.5925312
992	51.27165277456	1.636318
993	51.47776681336499	1.679193
994	51.68388085217	1.6938846
995	51.88999489097501	1.6668361
996	52.096108929779994	1.6289423
997	52.302222968585006	1.6317253
998	52.50833700738998	1.6115986
999	52.714451046194995	1.6832329
1000	52.92056508500001	1.6329107
1001	53.12667912380499	1.6592195
1002	53.33279316261	1.6890699
1003	53.538907201414986	1.6448997
1004	53.74502124022	1.6508526
1005	53.95113527902501	1.5829636
1006	54.157249317829994	1.6859428
1007	54.363363356635006	1.6344879
1008	54.56947739543999	1.6398758
1009	54.775591434245	1.5825235
1010	54.981705473050006	1.608945
1011	55.18781951185499	1.6137162
1012	55.39393355066	1.6536651
1013	55.600047589464985	1.7106982
1014	55.80616162827	1.645171
1015	56.01227566707501	1.7367744
1016	56.21838970587999	1.6986178
1017	56.424503744685005	1.6274107
1018	56.63061778348999	1.5938321
1019	56.836731822295	1.6705443
1020	57.04284586110001	1.6780711
1021	57.24895989990499	1.7061732
1022	57.45507393871	1.6862782
1023	57.661187977514984	1.6415414
1024	57.86730201632	1.649843
1025	58.07341605512501	1.6505475
1026	58.27953009392999	1.5903634
1027	58.485644132735004	1.6580231
1028	58.69175817153999	1.5965717
1029	58.897872210345	1.7003412
1030	59.10398624915001	1.6239194
1031	59.310100287954995	1.6927173
1032	59.51621432676001	1.5892984
1033	59.722328365564984	1.6327146
1034	59.928442404369996	1.6731373
1035	60.13455644317501	1.704578
1036	60.34067048197999	1.667125
1037	60.546784520785	1.657611
1038	60.75289855958999	1.6509782
1039	60.959012598395	1.7194687
1040	61.16512663720001	1.6792612
1041	61.371240676004994	1.6352354
1042	61.577354714810006	1.6516248
1043	61.78346875361499	1.6913128
1044	61.989582792419995	1.6152153
1045	62.19569683122501	1.6899543
1046	62.40181087002999	1.6656352
1047	62.607924908835	1.6593863
1048	62.814038947639986	1.6676058
1049	63.020152986445	1.6663709
1050	63.22626702525001	1.6342309
1051	63.432381064054994	1.6621323
1052	63.638495102860006	1.6259605
1053	63.84460914166499	1.6513945
1054	64.05072318047	1.6517593
1055	64.25683721927501	1.7151194
1056	64.46295125808	1.7100013
1057	64.66906529688501	1.6363038
1058	64.87517933568999	1.734872
1059	65.081293374495	1.6771479
1060	65.28740741330002	1.6362379
1061	65.493521452105	1.6503927
1062	65.69963549091	1.691726
1063	65.90574952971498	1.6891545
1064	66.11186356852	1.6266452
1065	66.317977607325	1.6058959
1066	66.52409164612999	1.6449765
1067	66.730205684935	1.6362528
1068	66.93631972373998	1.7401218
1069	67.142433762545	1.6478938
1070	67.34854780135001	1.6915671
1071	67.55466184015499	1.6577094
1072	67.76077587896	1.6660229
1073	67.96688991776499	1.6670914
1074	68.17300395657	1.6262426
1075	68.37911799537501	1.6859931
1076	68.58523203418	1.5931696
1077	68.79134607298501	1.719815
1078	68.99746011178999	1.684481
1079	69.203574150595	1.6363337
1080	69.40968818940001	1.603719
1081	69.615802228205	1.6795111
1082	69.82191626701001	1.6368797
1083	70.028030305815	1.6350253
1084	70.23414434462	1.585509
1085	70.440258383425	1.6618555
1086	70.64637242222999	1.6815432
1087	70.852486461035	1.5986413
1088	71.05860049983998	1.6275691
1089	71.264714538645	1.6726041
1090	71.47082857745	1.644157
1091	71.67694261625499	1.6149096
1092	71.88305665506	1.663084
1093	72.08917069386499	1.650391
1094	72.29528473267	1.6802812
1095	72.50139877147501	1.6441678
1096	72.70751281028	1.6481202
1097	72.913626849085	1.7030044
1098	73.11974088788999	1.6455983
1099	73.325854926695	1.6767768
1100	73.53196896550001	1.7019767
1101	73.738083004305	1.6315765
1102	73.94419704311001	1.6254218
1103	74.15031108191499	1.6717777
1104	74.35642512072	1.62478
1105	74.56253915952502	1.77524
1106	74.76865319833	1.6246992
1107	74.97476723713501	1.648159
1108	75.18088127593998	1.6170728
1109	75.386995314745	1.7292416
1110	75.59310935355	1.7355887
1111	75.79922339235499	1.613145
1112	76.00533743116	1.6519351
1113	76.21145146996498	1.6492376
1114	76.41756550877	1.6613257
1115	76.62367954757501	1.6142874
1116	76.82979358637999	1.6192561
1117	77.035907625185	1.6206713
1118	77.24202166398999	1.6257088
1119	77.448135702795	1.6622607
1120	77.65424974160001	1.7021205
1121	77.860363780405	1.6231685
1122	78.06647781921001	1.6416314
1123	78.27259185801499	1.7381965
1124	78.47870589682	1.656835
1125	78.68481993562501	1.6037792
1126	78.89093397443	1.6494917
1127	79.09704801323501	1.5900111
1128	79.30316205204	1.6767076
1129	79.509276090845	1.6323808
1130	79.71539012965002	1.6111511
1131	79.92150416845499	1.658215
1132	80.12761820726	1.7469441
1133	80.33373224606498	1.6504582
1134	80.53984628487	1.6465335
1135	80.745960323675	1.6774035
1136	80.95207436247999	1.6312621
1137	81.158188401285	1.6574377
1138	81.36430244008999	1.6657785
1139	81.570416478895	1.6454271
1140	81.77653051770001	1.6545293
1141	81.982644556505	1.6003084
1142	82.18875859531	1.6533649
1143	82.39487263411499	1.5990219
1144	82.60098667292	1.6182315
1145	82.80710071172501	1.6770837
1146	83.01321475053	1.6684756
1147	83.21932878933501	1.6044399
1148	83.42544282813999	1.6499344
1149	83.631556866945	1.6932235
1150	83.83767090575002	1.6575073
1151	84.043784944555	1.6086174
1152	84.24989898336001	1.6906775
1153	84.456013022165	1.6540097
1154	84.66212706097	1.6893518
1155	84.868241099775	1.6726366
1156	85.07435513857999	1.6532675
1157	85.280469177385	1.6923305
1158	85.48658321618998	1.6716167
1159	85.692697254995	1.6590912
1160	85.89881129380001	1.7051566
1161	86.10492533260499	1.7536795
1162	86.31103937141	1.6904387
1163	86.51715341021499	1.6539787
1164	86.72326744902	1.665869
1165	86.92938148782501	1.6748438
1166	87.13549552663	1.6626856
1167	87.34160956543501	1.6729181
1168	87.54772360423999	1.6775514
1169	87.753837643045	1.6482159
1170	87.95995168185001	1.634285
1171	88.166065720655	1.6196251
1172	88.37217975946001	1.7016377
1173	88.578293798265	1.6683187
1174	88.78440783707	1.7021649
1175	88.99052187587502	1.698657
1176	89.19663591468	1.6544547
1177	89.40274995348501	1.6238374
1178	89.60886399228998	1.6456252
1179	89.814978031095	1.614623
1180	90.0210920699	1.6665013
1181	90.22720610870499	1.6416909
1182	90.43332014751	1.6821245
1183	90.63943418631499	1.6870359
1184	90.84554822512	1.6479769
1185	91.05166226392501	1.7719791
1186	91.25777630273	1.6511309
1187	91.463890341535	1.6854804
1188	91.67000438033999	1.7006464
1189	91.876118419145	1.6369497
1190	92.08223245795001	1.7051133
1191	92.288346496755	1.73122
1192	92.49446053556001	1.7526288
1193	92.70057457436499	1.6975628
1194	92.90668861317	1.6480088
1195	93.11280265197502	1.623755
1196	93.31891669078	1.65027
1197	93.52503072958501	1.6022829
1198	93.73114476839	1.618439
1199	93.93725880719501	1.7013842
1200	94.14337284600002	1.637107
1201	94.34948688480499	1.6867633
1202	94.55560092361	1.7584345
1203	94.76171496241498	1.6319988
1204	94.96782900122	1.7160699
1205	95.17394304002501	1.6418418
1206	95.38005707882999	1.6183969
1207	95.586171117635	1.6370811
1208	95.79228515643999	1.6626832
1209	95.998399195245	1.6267736
1210	96.20451323405001	1.6547713
1211	96.410627272855	1.7275041
1212	96.61674131166001	1.6781328
1213	96.82285535046499	1.6207156
1214	97.02896938927	1.6250114
1215	97.23508342807501	1.7213521
1216	97.44119746688	1.733935
1217	97.64731150568501	1.7267535
1218	97.85342554449	1.6331854
1219	98.059539583295	1.5869919
1220	98.26565362210002	1.6899092
1221	98.471767660905	1.6556746
1222	98.67788169971001	1.6485964
1223	98.88399573851498	1.6610115
1224	99.09010977732	1.666734
1225	99.296223816125	1.6643479
1226	99.50233785492999	1.6622076
1227	99.708451893735	1.6507883
1228	99.91456593253999	1.7081664
1229	100.120679971345	1.6447209
1230	100.32679401015001	1.6938752
1231	100.532908048955	1.6553056
1232	100.73902208776	1.6311191
1233	100.94513612656499	1.6773144
1234	101.15125016537	1.6524825
1235	101.35736420417501	1.6405274
1236	101.56347824298	1.6959848
1237	101.76959228178501	1.6448368
1238	101.97570632058999	1.6423966
1239	102.181820359395	1.6286412
1240	102.38793439820002	1.6533551
1241	102.594048437005	1.6460841
1242	102.80016247581001	1.6664953
1243	103.006276514615	1.677043
1244	103.21239055342001	1.696131
1245	103.41850459222502	1.7013985
1246	103.62461863103	1.6202563
1247	103.830732669835	1.6614983
1248	104.03684670863998	1.660366
1249	104.242960747445	1.6554264
1250	104.44907478625001	1.7419114
1251	104.65518882505499	1.6396592
1252	104.86130286386	1.6685904
1253	105.06741690266499	1.6912925
1254	105.27353094147	1.663035
1255	105.47964498027501	1.6881367
1256	105.68575901908	1.7004025
1257	105.89187305788501	1.6725826
1258	106.09798709668999	1.6949658
1259	106.304101135495	1.6464196
1260	106.51021517430001	1.6460593
1261	106.716329213105	1.6244125
1262	106.92244325191001	1.6198254
1263	107.128557290715	1.7114143
1264	107.33467132952	1.6634018
1265	107.54078536832502	1.6418276
1266	107.74689940713	1.6655655
1267	107.95301344593501	1.6486983
1268	108.15912748474	1.5870306
1269	108.36524152354501	1.653296
1270	108.57135556235002	1.7303923
1271	108.77746960115499	1.6671215
1272	108.98358363995997	1.6785531
1273	109.18969767876499	1.6600156
1274	109.39581171757	1.6047759
1275	109.60192575637501	1.6716548
1276	109.80803979518002	1.660735
1277	110.01415383398498	1.6410505
1278	110.22026787278999	1.7158859
1279	110.426381911595	1.6659079
1280	110.63249595040001	1.6248816
1281	110.83860998920503	1.6738813
1282	111.04472402800998	1.5644566
1283	111.25083806681499	1.6497965
1284	111.45695210562	1.6490935
1285	111.66306614442502	1.6538662
1286	111.86918018323003	1.5830576
1287	112.07529422203498	1.7260562
1288	112.28140826084	1.6632562
1289	112.48752229964501	1.70719
1290	112.69363633845002	1.6094208
1291	112.89975037725503	1.7152687
1292	113.10586441605997	1.6764729
1293	113.31197845486498	1.6246866
1294	113.51809249367	1.645281
1295	113.72420653247501	1.6144696
1296	113.93032057128002	1.6317035
1297	114.13643461008498	1.6105261
1298	114.34254864888999	1.6197507
1299	114.548662687695	1.7486537
1300	114.75477672650001	1.6987102
1301	114.96089076530502	1.6868734
1302	115.16700480410998	1.704305
1303	115.37311884291499	1.6157572
1304	115.57923288172	1.6712362
1305	115.78534692052501	1.7318931
1306	115.99146095933003	1.6918083
1307	116.19757499813498	1.615408
1308	116.40368903694	1.6502959
1309	116.609803075745	1.6737279
1310	116.81591711455002	1.6412598
1311	117.02203115335503	1.6804647
1312	117.22814519215999	1.6969947
1313	117.434259230965	1.6686357
1314	117.64037326977001	1.6726048
1315	117.84648730857502	1.6990249
1316	118.05260134738003	1.6744205
1317	118.25871538618497	1.5970367
1318	118.46482942498999	1.6953084
1319	118.670943463795	1.6722851
1320	118.87705750260001	1.6210237
1321	119.08317154140502	1.6724256
1322	119.28928558020998	1.7041669
1323	119.49539961901499	1.6796938
1324	119.70151365782	1.6216402
1325	119.90762769662501	1.6524233
1326	120.11374173543003	1.713131
1327	120.31985577423498	1.6946634
1328	120.52596981303999	1.6736628
1329	120.732083851845	1.6943927
1330	120.93819789065002	1.636714
1331	121.14431192945503	1.6880696
1332	121.35042596825998	1.6520274
1333	121.556540007065	1.6505638
1334	121.76265404587001	1.6031468
1335	121.96876808467502	1.6487349
1336	122.17488212348003	1.7005236
1337	122.38099616228499	1.653734
1338	122.58711020109	1.7140816
1339	122.79322423989501	1.7203243
1340	122.99933827870001	1.6644378
1341	123.20545231750502	1.6276383
1342	123.41156635630998	1.6690836
1343	123.61768039511499	1.6915942
1344	123.82379443392	1.6813297
1345	124.02990847272501	1.6332912
1346	124.23602251153002	1.6523607
1347	124.44213655033498	1.6356696
1348	124.64825058913999	1.6289996
1349	124.854364627945	1.6796018
1350	125.06047866675002	1.6606897
1351	125.26659270555503	1.6475691
1352	125.47270674435998	1.6224537
1353	125.678820783165	1.6254232
1354	125.88493482197	1.6356883
1355	126.09104886077502	1.6591094
1356	126.29716289958003	1.7519939
1357	126.50327693838499	1.6979871
1358	126.70939097719	1.6558737
1359	126.91550501599501	1.7429438
1360	127.12161905480002	1.7256838
1361	127.32773309360503	1.6842418
1362	127.53384713240997	1.646739
1363	127.73996117121499	1.716962
1364	127.94607521002	1.6106879
1365	128.152189248825	1.6730161
1366	128.35830328763004	1.7089578
1367	128.56441732643498	1.6604271
1368	128.77053136524	1.7227414
1369	128.976645404045	1.6316552
1370	129.18275944285003	1.6534852
1371	129.38887348165503	1.6978526
1372	129.59498752046	1.7444001
1373	129.801101559265	1.5479457
1374	130.00721559807	1.6509088
1375	130.21332963687502	1.6697556
1376	130.41944367568001	1.7306323
1377	130.62555771448498	1.6374868
1378	130.83167175328998	1.6731211
1379	131.037785792095	1.6374756
1380	131.2438998309	1.5939142
1381	131.45001386970503	1.6882118
1382	131.65612790850997	1.6636578
1383	131.862241947315	1.6430494
1384	132.06835598612	1.7095964
1385	132.27447002492502	1.6687534
1386	132.48058406373002	1.6837906
1387	132.686698102535	1.6594477
1388	132.89281214134	1.6694144
1389	133.098926180145	1.6405967
1390	133.30504021895	1.6548966
1391	133.51115425775504	1.6059048
1392	133.71726829655998	1.5948011
1393	133.923382335365	1.7030057
1394	134.12949637417	1.5969385
1395	134.33561041297503	1.6327645
1396	134.54172445178003	1.6558701
1397	134.74783849058497	1.6904433
1398	134.95395252939	1.666937
1399	135.160066568195	1.6856928
1400	135.36618060700002	1.6342497
1401	135.57229464580502	1.6491239
1402	135.77840868460999	1.6430978
1403	135.98452272341498	1.6256051
1404	136.19063676222	1.6894053
1405	136.396750801025	1.7038679
1406	136.60286483983003	1.6634483
1407	136.80897887863497	1.6858038
1408	137.01509291744	1.6431448
1409	137.221206956245	1.6604466
1410	137.42732099505002	1.6859506
1411	137.63343503385502	1.6364812
1412	137.83954907266	1.6621909
1413	138.045663111465	1.731704
1414	138.25177715027002	1.6256808
1415	138.457891189075	1.7049148
1416	138.66400522788004	1.6006364
1417	138.87011926668498	1.7659103
1418	139.07623330549	1.6739643
1419	139.282347344295	1.5721772
1420	139.48846138310003	1.645793
1421	139.69457542190503	1.6521608
1422	139.90068946070997	1.6888224
1423	140.106803499515	1.6334924
1424	140.31291753832	1.7169614
1425	140.51903157712502	1.6875952
1426	140.72514561593002	1.693939
1427	140.931259654735	1.6124375
1428	141.13737369353998	1.6837655
1429	141.343487732345	1.6652682
1430	141.54960177115	1.6594818
1431	141.75571580995503	1.6487722
1432	141.96182984875998	1.570187
1433	142.167943887565	1.6119295
1434	142.37405792637	1.683235
1435	142.58017196517503	1.672678
1436	142.78628600398002	1.6733488
1437	142.992400042785	1.6193241
1438	143.19851408159	1.6641134
1439	143.40462812039502	1.6388924
1440	143.61074215920002	1.6912163
1441	143.81685619800504	1.6717432
1442	144.02297023680998	1.6910267
1443	144.22908427561498	1.6344986
1444	144.43519831442	1.6756439
1445	144.641312353225	1.6707504
1446	144.84742639203003	1.6690022
1447	145.05354043083497	1.6582885
1448	145.25965446964	1.6414113
1449	145.465768508445	1.6913834
1450	145.67188254725002	1.6598761
1451	145.87799658605502	1.6339356
1452	146.08411062486	1.6372519
1453	146.290224663665	1.6583747
1454	146.49633870247	1.6416454
1455	146.702452741275	1.7187648
1456	146.90856678008004	1.6570457
1457	147.11468081888498	1.7105799
1458	147.32079485769	1.6646721
1459	147.526908896495	1.7445662
1460	147.73302293530003	1.6234192
1461	147.93913697410503	1.6602279
1462	148.14525101291	1.6305666
1463	148.351365051715	1.6335175
1464	148.55747909052002	1.6469542
1465	148.76359312932502	1.777421
1466	148.96970716813004	1.5988292
1467	149.17582120693498	1.738333
1468	149.38193524573998	1.7667418
1469	149.588049284545	1.6548172
1470	149.79416332335	1.6478896
1471	150.00027736215503	1.6817634
1472	150.20639140095997	1.6812565
1473	150.412505439765	1.6296248
1474	150.61861947857	1.6646328
1475	150.82473351737502	1.7080944
1476	151.03084755618002	1.699703
1477	151.236961594985	1.7311558
1478	151.44307563379	1.6830417
1479	151.649189672595	1.6650063
1480	151.8553037114	1.7154412
1481	152.06141775020504	1.6603851
1482	152.26753178900998	1.6975086
1483	152.473645827815	1.6263545
1484	152.67975986662	1.6902151
1485	152.88587390542503	1.6252433
1486	153.09198794423003	1.7263467
1487	153.298101983035	1.6333269
1488	153.50421602184	1.6236022
1489	153.71033006064502	1.6753974
1490	153.91644409945002	1.6208899
1491	154.12255813825502	1.6380771
1492	154.32867217705999	1.5631667
1493	154.53478621586498	1.6357582
1494	154.74090025467	1.6719327
1495	154.947014293475	1.6270262
1496	155.15312833228003	1.6161437
1497	155.35924237108497	1.6438622
1498	155.56535640989	1.684843
1499	155.771470448695	1.6155738
