	velocity	Amplitude
0	-144.921147309	0.08132313
1	-144.7150389547	0.16793194
2	-144.5089306004	0.11355257
3	-144.3028222461	0.11955674
4	-144.0967138918	0.12813447
5	-143.8906055375	0.13339168
6	-143.6844971832	0.12972838
7	-143.4783888289	0.11796628
8	-143.2722804746	0.17160147
9	-143.0661721203	0.11144879
10	-142.860063766	0.12043324
11	-142.65395541169997	0.114418805
12	-142.44784705739997	0.11711813
13	-142.24173870309997	0.071726665
14	-142.03563034879997	0.13654745
15	-141.8295219945	0.1065171
16	-141.6234136402	0.16279069
17	-141.4173052859	0.1266283
18	-141.2111969316	0.16116086
19	-141.0050885773	0.14729978
20	-140.798980223	0.12727666
21	-140.5928718687	0.14225294
22	-140.3867635144	0.10386683
23	-140.1806551601	0.09055424
24	-139.9745468058	0.13269664
25	-139.7684384515	0.13749298
26	-139.5623300972	0.11998344
27	-139.3562217429	0.13829556
28	-139.1501133886	0.108001515
29	-138.9440050343	0.13158098
30	-138.73789668	0.1373117
31	-138.5317883257	0.16376644
32	-138.32567997139998	0.1256162
33	-138.11957161709998	0.073876545
34	-137.91346326279998	0.11197155
35	-137.70735490849998	0.10230192
36	-137.50124655419998	0.11523618
37	-137.29513819989998	0.10343697
38	-137.08902984559998	0.13656363
39	-136.88292149129998	0.119694665
40	-136.67681313699998	0.11424643
41	-136.47070478269998	0.10895721
42	-136.26459642839998	0.056704227
43	-136.05848807409998	0.11688808
44	-135.85237971979998	0.12953228
45	-135.64627136549998	0.08503816
46	-135.44016301119999	0.16051562
47	-135.2340546569	0.08586643
48	-135.02794630260001	0.09971111
49	-134.82183794830001	0.14892542
50	-134.61572959400002	0.14283234
51	-134.40962123970002	0.11948451
52	-134.2035128854	0.16662322
53	-133.9974045311	0.12267901
54	-133.7912961768	0.12342356
55	-133.5851878225	0.13365445
56	-133.3790794682	0.14643046
57	-133.1729711139	0.11045602
58	-132.9668627596	0.08822499
59	-132.7607544053	0.14642507
60	-132.554646051	0.10713253
61	-132.3485376967	0.101639256
62	-132.1424293424	0.12259646
63	-131.9363209881	0.11957771
64	-131.7302126338	0.16515994
65	-131.5241042795	0.1630828
66	-131.3179959252	0.1526739
67	-131.1118875709	0.15269127
68	-130.9057792166	0.101668075
69	-130.6996708623	0.14721176
70	-130.493562508	0.13213512
71	-130.2874541537	0.105538875
72	-130.0813457994	0.155575
73	-129.8752374451	0.1767347
74	-129.6691290908	0.041213788
75	-129.4630207365	0.13911486
76	-129.2569123822	0.09702529
77	-129.0508040279	0.15202966
78	-128.84469567359997	0.12823363
79	-128.63858731929997	0.121678
80	-128.432478965	0.13747106
81	-128.2263706107	0.13554558
82	-128.0202622564	0.15260777
83	-127.81415390209999	0.13226166
84	-127.60804554779999	0.11261355
85	-127.40193719349999	0.12767926
86	-127.19582883919999	0.12376673
87	-126.98972048489999	0.12559506
88	-126.7836121306	0.098210216
89	-126.5775037763	0.14851314
90	-126.371395422	0.09553261
91	-126.16528706769999	0.14612728
92	-125.9591787134	0.14355779
93	-125.7530703591	0.11963861
94	-125.5469620048	0.12740955
95	-125.3408536505	0.13754301
96	-125.1347452962	0.09774259
97	-124.9286369419	0.1738574
98	-124.72252858759998	0.14182585
99	-124.51642023329998	0.14460474
100	-124.31031187899998	0.10697069
101	-124.10420352469998	0.1398683
102	-123.89809517039998	0.12965867
103	-123.69198681609998	0.15462652
104	-123.4858784618	0.108462006
105	-123.2797701075	0.09903775
106	-123.0736617532	0.1305336
107	-122.8675533989	0.14551191
108	-122.6614450446	0.16028824
109	-122.4553366903	0.1657809
110	-122.249228336	0.14037348
111	-122.0431199817	0.1103696
112	-121.83701162739999	0.1165782
113	-121.63090327309999	0.12511873
114	-121.42479491879999	0.12656468
115	-121.21868656449999	0.1339849
116	-121.01257821019999	0.15374658
117	-120.80646985589999	0.16111705
118	-120.60036150159999	0.16733313
119	-120.39425314729998	0.11924297
120	-120.18814479299998	0.13394824
121	-119.98203643869999	0.11465294
122	-119.7759280844	0.14350773
123	-119.5698197301	0.09495841
124	-119.3637113758	0.093431756
125	-119.1576030215	0.116433375
126	-118.9514946672	0.13105941
127	-118.7453863129	0.1243174
128	-118.5392779586	0.14243877
129	-118.3331696043	0.106378704
130	-118.12706125	0.1706275
131	-117.9209528957	0.08974599
132	-117.71484454139998	0.10392733
133	-117.50873618709998	0.08249339
134	-117.30262783279998	0.14901638
135	-117.09651947849999	0.1238771
136	-116.89041112419999	0.0878979
137	-116.6843027699	0.08672421
138	-116.4781944156	0.12982723
139	-116.2720860613	0.14654645
140	-116.06597770699999	0.10659752
141	-115.85986935269999	0.13761336
142	-115.65376099839999	0.11321908
143	-115.44765264409999	0.10535708
144	-115.24154428979999	0.18135378
145	-115.03543593549999	0.16727728
146	-114.82932758119999	0.13635823
147	-114.62321922689999	0.10191716
148	-114.41711087259999	0.14935017
149	-114.21100251829999	0.18883768
150	-114.00489416399999	0.13219176
151	-113.7987858097	0.11047719
152	-113.5926774554	0.16209294
153	-113.3865691011	0.15960658
154	-113.1804607468	0.12229735
155	-112.9743523925	0.11228843
156	-112.7682440382	0.07381706
157	-112.5621356839	0.08655493
158	-112.3560273296	0.14200962
159	-112.1499189753	0.11499593
160	-111.94381062099998	0.14480157
161	-111.73770226669998	0.13287851
162	-111.53159391239998	0.13936448
163	-111.32548555809998	0.10312083
164	-111.11937720379998	0.119777076
165	-110.91326884949999	0.11922842
166	-110.70716049519999	0.18366066
167	-110.50105214089999	0.100087926
168	-110.29494378659999	0.16858517
169	-110.0888354323	0.113445625
170	-109.882727078	0.1572302
171	-109.6766187237	0.11703714
172	-109.4705103694	0.18645526
173	-109.2644020151	0.10090768
174	-109.0582936608	0.10443995
175	-108.8521853065	0.12420793
176	-108.64607695219999	0.10666771
177	-108.43996859789999	0.11091426
178	-108.23386024359999	0.0856289
179	-108.02775188929999	0.15534922
180	-107.82164353499999	0.15672521
181	-107.61553518069998	0.10397077
182	-107.40942682639998	0.12141364
183	-107.20331847209998	0.065329865
184	-106.99721011779998	0.13471681
185	-106.7911017635	0.07865623
186	-106.5849934092	0.12577054
187	-106.3788850549	0.16667952
188	-106.1727767006	0.11212056
189	-105.9666683463	0.090233654
190	-105.760559992	0.1812562
191	-105.5544516377	0.14566547
192	-105.3483432834	0.089901455
193	-105.1422349291	0.1651968
194	-104.9361265748	0.1008593
195	-104.7300182205	0.11955168
196	-104.52390986619999	0.16733713
197	-104.31780151189999	0.11459575
198	-104.11169315759999	0.102225415
199	-103.90558480329999	0.17693818
200	-103.69947644899999	0.1459951
201	-103.4933680947	0.14083733
202	-103.28725974039999	0.113835566
203	-103.08115138609999	0.14434353
204	-102.87504303179999	0.13028012
205	-102.66893467749999	0.12058845
206	-102.46282632319999	0.110542804
207	-102.25671796889999	0.12700401
208	-102.05060961459999	0.15632176
209	-101.84450126029999	0.0872499
210	-101.63839290599999	0.14149836
211	-101.4322845517	0.12274627
212	-101.2261761974	0.1249697
213	-101.0200678431	0.10384983
214	-100.8139594888	0.11993642
215	-100.6078511345	0.13010578
216	-100.4017427802	0.14445658
217	-100.19563442589998	0.124877214
218	-99.9895260716	0.121913426
219	-99.7834177173	0.13469024
220	-99.577309363	0.12196472
221	-99.3712010087	0.14444803
222	-99.1650926544	0.14909557
223	-98.95898430009998	0.13025004
224	-98.75287594579999	0.16620126
225	-98.54676759149999	0.0935469
226	-98.34065923719999	0.1630829
227	-98.13455088289999	0.1268143
228	-97.92844252859999	0.13434383
229	-97.72233417429999	0.09313051
230	-97.51622581999999	0.116048835
231	-97.31011746569999	0.16414772
232	-97.10400911139999	0.15698631
233	-96.89790075709999	0.16659485
234	-96.6917924028	0.118194036
235	-96.4856840485	0.122050904
236	-96.2795756942	0.112835445
237	-96.0734673399	0.10697558
238	-95.86735898559999	0.11639484
239	-95.66125063129999	0.13849798
240	-95.455142277	0.1556671
241	-95.2490339227	0.1734595
242	-95.0429255684	0.11720708
243	-94.83681721409998	0.14494199
244	-94.63070885979998	0.09572761
245	-94.42460050549998	0.08477628
246	-94.21849215119998	0.09725606
247	-94.01238379689998	0.07267554
248	-93.80627544259998	0.122753516
249	-93.60016708829998	0.10901537
250	-93.394058734	0.12237245
251	-93.1879503797	0.13166472
252	-92.9818420254	0.17703137
253	-92.7757336711	0.14117824
254	-92.5696253168	0.11790026
255	-92.3635169625	0.094812766
256	-92.1574086082	0.12381466
257	-91.9513002539	0.13837588
258	-91.7451918996	0.09568178
259	-91.53908354529999	0.14635481
260	-91.33297519099999	0.107419625
261	-91.12686683669999	0.14842583
262	-90.92075848239999	0.1774728
263	-90.71465012809999	0.12943959
264	-90.50854177379998	0.10815742
265	-90.30243341949998	0.049817674
266	-90.09632506519998	0.12390565
267	-89.89021671089999	0.12626407
268	-89.68410835659999	0.07568288
269	-89.47800000229999	0.09872194
270	-89.271891648	0.11301372
271	-89.0657832937	0.10935182
272	-88.8596749394	0.12787062
273	-88.6535665851	0.11453083
274	-88.4474582308	0.16057909
275	-88.2413498765	0.12909365
276	-88.0352415222	0.1042092
277	-87.8291331679	0.13260557
278	-87.6230248136	0.11980172
279	-87.4169164593	0.12077138
280	-87.21080810499998	0.13921422
281	-87.00469975069998	0.11014756
282	-86.79859139639998	0.09667005
283	-86.5924830421	0.16011485
284	-86.3863746878	0.14826609
285	-86.18026633349999	0.09872185
286	-85.97415797919999	0.14721633
287	-85.76804962489999	0.16259238
288	-85.56194127059999	0.11738411
289	-85.35583291629999	0.12356534
290	-85.14972456199999	0.1439719
291	-84.94361620769999	0.13143504
292	-84.73750785339999	0.15025055
293	-84.53139949909999	0.1440779
294	-84.32529114479999	0.114247814
295	-84.11918279049999	0.14605136
296	-83.91307443619999	0.13227946
297	-83.70696608189999	0.18012667
298	-83.50085772759999	0.11271353
299	-83.29474937330001	0.12176003
300	-83.08864101900001	0.086104915
301	-82.8825326647	0.1355253
302	-82.6764243104	0.07621202
303	-82.4703159561	0.1042801
304	-82.2642076018	0.07878104
305	-82.0580992475	0.09649189
306	-81.85199089319998	0.14989747
307	-81.64588253889998	0.16297835
308	-81.43977418459998	0.12840287
309	-81.23366583029998	0.11693889
310	-81.02755747599998	0.13139194
311	-80.82144912169998	0.15983933
312	-80.61534076739999	0.13019562
313	-80.40923241309999	0.12916026
314	-80.20312405879999	0.12577379
315	-79.9970157045	0.1295098
316	-79.7909073502	0.13655409
317	-79.5847989959	0.13038662
318	-79.3786906416	0.07586989
319	-79.17258228729999	0.13400729
320	-78.96647393299999	0.10953763
321	-78.76036557869999	0.16426635
322	-78.55425722439999	0.10537314
323	-78.34814887009999	0.18074283
324	-78.14204051579999	0.08086875
325	-77.93593216149999	0.113777384
326	-77.72982380719999	0.14764214
327	-77.52371545289999	0.12120196
328	-77.31760709859999	0.12320089
329	-77.1114987443	0.08745611
330	-76.90539038999998	0.12098153
331	-76.6992820357	0.119370095
332	-76.4931736814	0.076333195
333	-76.2870653271	0.12309899
334	-76.0809569728	0.08645293
335	-75.8748486185	0.12810591
336	-75.6687402642	0.1446372
337	-75.4626319099	0.14271018
338	-75.2565235556	0.11845584
339	-75.0504152013	0.12521462
340	-74.84430684699998	0.12163167
341	-74.63819849269998	0.13209444
342	-74.43209013839999	0.10317886
343	-74.22598178409999	0.104231894
344	-74.01987342979999	0.112196654
345	-73.81376507549999	0.1072983
346	-73.60765672119999	0.103750594
347	-73.4015483669	0.14261974
348	-73.1954400126	0.13651831
349	-72.9893316583	0.12692311
350	-72.783223304	0.14714843
351	-72.57711494969999	0.101668864
352	-72.37100659539999	0.12626074
353	-72.16489824109999	0.10345014
354	-71.95878988679999	0.14337668
355	-71.75268153249999	0.15914278
356	-71.54657317819999	0.09280526
357	-71.34046482389999	0.13510291
358	-71.1343564696	0.18344897
359	-70.9282481153	0.15815327
360	-70.722139761	0.13245943
361	-70.51603140669998	0.09851085
362	-70.30992305239998	0.17280343
363	-70.10381469809998	0.10107657
364	-69.8977063438	0.080550015
365	-69.6915979895	0.11648309
366	-69.4854896352	0.15605932
367	-69.2793812809	0.120675996
368	-69.0732729266	0.09974672
369	-68.8671645723	0.11549145
370	-68.661056218	0.11908531
371	-68.45494786369999	0.13199478
372	-68.24883950939999	0.082056925
373	-68.04273115509999	0.1705811
374	-67.83662280079999	0.14922804
375	-67.63051444649999	0.13416412
376	-67.42440609219999	0.13373241
377	-67.21829773789999	0.15847115
378	-67.01218938359999	0.1743697
379	-66.80608102929999	0.11354968
380	-66.599972675	0.10746749
381	-66.3938643207	0.11625662
382	-66.18775596639999	0.1308043
383	-65.98164761209999	0.10003605
384	-65.77553925779999	0.1734957
385	-65.56943090349999	0.1562488
386	-65.36332254919999	0.09854941
387	-65.15721419489999	0.13379279
388	-64.9511058406	0.100002445
389	-64.7449974863	0.12301216
390	-64.538889132	0.12824714
391	-64.3327807777	0.16873464
392	-64.12667242339998	0.15048079
393	-63.92056406909999	0.08634944
394	-63.71445571479999	0.12683962
395	-63.50834736049999	0.16955116
396	-63.30223900619999	0.12633654
397	-63.09613065189999	0.12378995
398	-62.89002229759999	0.10791493
399	-62.68391394329999	0.0730882
400	-62.477805589	0.14138064
401	-62.2716972347	0.10132149
402	-62.0655888804	0.081890315
403	-61.859480526099986	0.10841009
404	-61.65337217179999	0.09313114
405	-61.44726381749999	0.09296157
406	-61.24115546319999	0.090574265
407	-61.03504710889999	0.13076834
408	-60.828938754599996	0.1182117
409	-60.622830400299996	0.10422791
410	-60.416722046	0.13121668
411	-60.2106136917	0.124280766
412	-60.0045053374	0.16799146
413	-59.798396983099984	0.1190182
414	-59.592288628799984	0.15789917
415	-59.386180274499985	0.11202267
416	-59.18007192019999	0.13716114
417	-58.97396356589999	0.172543
418	-58.76785521159999	0.15397352
419	-58.561746857299994	0.15470392
420	-58.355638502999994	0.14856656
421	-58.149530148699995	0.15367925
422	-57.943421794399995	0.10882142
423	-57.737313440099996	0.093305334
424	-57.53120508579998	0.11408212
425	-57.32509673149999	0.095659874
426	-57.11898837719999	0.14272115
427	-56.91288002289999	0.10591528
428	-56.70677166859999	0.08711231
429	-56.50066331429999	0.13328296
430	-56.29455495999999	0.09419006
431	-56.08844660569999	0.13460873
432	-55.8823382514	0.14488386
433	-55.6762298971	0.14065513
434	-55.47012154279999	0.10344981
435	-55.26401318849999	0.15498056
436	-55.05790483419999	0.121018246
437	-54.85179647989999	0.12284646
438	-54.64568812559999	0.13592558
439	-54.43957977129999	0.12075078
440	-54.23347141699999	0.13604364
441	-54.0273630627	0.097062916
442	-53.8212547084	0.1389549
443	-53.6151463541	0.11636746
444	-53.4090379998	0.11924563
445	-53.202929645499985	0.1584649
446	-52.996821291199986	0.12867276
447	-52.790712936899986	0.12107393
448	-52.58460458259999	0.16168141
449	-52.378496228299994	0.16113666
450	-52.172387873999995	0.11937128
451	-51.966279519699995	0.09838395
452	-51.760171165399996	0.103333145
453	-51.554062811099996	0.09847909
454	-51.3479544568	0.14134853
455	-51.14184610249998	0.15517303
456	-50.93573774819998	0.16012487
457	-50.72962939389999	0.11214648
458	-50.52352103959999	0.16043231
459	-50.31741268529999	0.12735207
460	-50.11130433099999	0.14188533
461	-49.90519597669999	0.11309884
462	-49.69908762239999	0.15563709
463	-49.492979268099994	0.11495873
464	-49.286870913799994	0.12264909
465	-49.08076255949999	0.12311189
466	-48.87465420519999	0.15400176
467	-48.66854585089999	0.1338106
468	-48.46243749659999	0.13636646
469	-48.25632914229999	0.11695479
470	-48.05022078799999	0.089228466
471	-47.84411243369999	0.13674073
472	-47.63800407939999	0.12621471
473	-47.4318957251	0.14223342
474	-47.2257873708	0.05565963
475	-47.0196790165	0.11063422
476	-46.813570662199986	0.17262909
477	-46.607462307899986	0.12007288
478	-46.40135395359999	0.14307652
479	-46.19524559929999	0.15380657
480	-45.98913724499999	0.17671135
481	-45.783028890699995	0.078127526
482	-45.576920536399996	0.08967711
483	-45.370812182099996	0.10922226
484	-45.1647038278	0.18337396
485	-44.9585954735	0.14854106
486	-44.752487119199984	0.12470214
487	-44.546378764899984	0.1294248
488	-44.340270410599985	0.1280681
489	-44.13416205629999	0.14588673
490	-43.92805370199999	0.16748106
491	-43.72194534769999	0.1670407
492	-43.515836993399994	0.10269424
493	-43.309728639099994	0.1541772
494	-43.103620284799995	0.16977969
495	-42.897511930499995	0.16651642
496	-42.691403576199995	0.18487301
497	-42.48529522189999	0.13357192
498	-42.27918686759999	0.09173725
499	-42.07307851329999	0.14364356
500	-41.86697015899999	0.12340676
501	-41.66086180469999	0.10055481
502	-41.45475345039999	0.08906093
503	-41.24864509609999	0.11471132
504	-41.04253674179999	0.105876416
505	-40.8364283875	0.11898123
506	-40.6303200332	0.12740976
507	-40.42421167889999	0.10216573
508	-40.21810332459999	0.12436324
509	-40.01199497029999	0.14609817
510	-39.80588661599999	0.13094752
511	-39.59977826169999	0.123977974
512	-39.39366990739999	0.15947309
513	-39.1875615531	0.15275338
514	-38.9814531988	0.07542433
515	-38.7753448445	0.18970957
516	-38.5692364902	0.1646692
517	-38.3631281359	0.14762343
518	-38.157019781599985	0.13650241
519	-37.950911427299985	0.1836423
520	-37.744803072999986	0.13081057
521	-37.538694718699986	0.14139783
522	-37.332586364399994	0.1648828
523	-37.126478010099994	0.12563832
524	-36.920369655799995	0.09971792
525	-36.714261301499995	0.123451956
526	-36.508152947199996	0.09568106
527	-36.302044592899996	0.13201317
528	-36.09593623859998	0.14064682
529	-35.88982788429998	0.11305625
530	-35.68371952999999	0.19143154
531	-35.47761117569999	0.18541148
532	-35.27150282139999	0.105751365
533	-35.06539446709999	0.17797749
534	-34.85928611279999	0.04756236
535	-34.65317775849999	0.18045317
536	-34.44706940419999	0.124482274
537	-34.240961049899994	0.15729426
538	-34.0348526956	0.14573671
539	-33.82874434129999	0.12787639
540	-33.62263598699999	0.11736078
541	-33.41652763269999	0.1390982
542	-33.21041927839999	0.09538147
543	-33.00431092409999	0.14935553
544	-32.79820256979999	0.09599453
545	-32.59209421549999	0.15925063
546	-32.3859858612	0.11617598
547	-32.1798775069	0.19132748
548	-31.9737691526	0.119341515
549	-31.767660798299985	0.14506066
550	-31.561552443999986	0.10683974
551	-31.355444089699986	0.12422565
552	-31.14933573539999	0.12350906
553	-30.94322738109999	0.15674281
554	-30.73711902679999	0.09894773
555	-30.531010672499992	0.09439306
556	-30.324902318199996	0.110104226
557	-30.118793963899996	0.12613395
558	-29.912685609599997	0.10198677
559	-29.706577255299997	0.17599222
560	-29.500468900999987	0.16243657
561	-29.294360546699988	0.123715654
562	-29.088252192399988	0.13759413
563	-28.88214383809999	0.14955379
564	-28.676035483799993	0.11651575
565	-28.469927129499993	0.1340124
566	-28.263818775199994	0.13424163
567	-28.057710420899994	0.08964615
568	-27.851602066599998	0.1492024
569	-27.6454937123	0.14354329
570	-27.439385357999985	0.10192337
571	-27.233277003699985	0.16735865
572	-27.02716864939999	0.14392953
573	-26.82106029509999	0.1020886
574	-26.61495194079999	0.06534964
575	-26.40884358649999	0.034267843
576	-26.202735232199995	0.11767923
577	-25.996626877899995	0.05244224
578	-25.790518523599996	0.09523769
579	-25.584410169299996	0.14797561
580	-25.378301814999983	0.08128843
581	-25.172193460699987	0.110695735
582	-24.966085106399987	0.14847782
583	-24.759976752099988	0.10232466
584	-24.55386839779999	0.090192065
585	-24.347760043499992	0.12913887
586	-24.141651689199993	0.14785527
587	-23.935543334899993	0.12049268
588	-23.729434980599997	0.07736119
589	-23.523326626299998	0.09368217
590	-23.317218271999998	0.15403967
591	-23.111109917699984	0.106843084
592	-22.905001563399985	0.11102575
593	-22.69889320909999	0.063430354
594	-22.49278485479999	0.09460751
595	-22.28667650049999	0.104481034
596	-22.08056814619999	0.10028485
597	-21.874459791899994	0.100484446
598	-21.668351437599995	0.11683202
599	-21.462243083299995	0.091878094
600	-21.256134729	0.1092895
601	-21.050026374699986	0.10457402
602	-20.843918020399986	0.11927362
603	-20.637809666099987	0.09272445
604	-20.431701311799987	0.16449031
605	-20.22559295749999	0.075526655
606	-20.01948460319999	0.06822557
607	-19.813376248899992	0.06560641
608	-19.607267894599993	0.110208645
609	-19.401159540299997	0.113489255
610	-19.195051185999997	0.07830201
611	-18.988942831699998	0.1203127
612	-18.782834477399984	0.13631608
613	-18.576726123099988	0.044223666
614	-18.37061776879999	0.09191705
615	-18.16450941449999	0.04807338
616	-17.95840106019999	0.1040747
617	-17.752292705899993	0.092252225
618	-17.546184351599994	0.053236764
619	-17.340075997299994	0.13375664
620	-17.133967642999995	0.040355876
621	-16.9278592887	0.104094125
622	-16.721750934399985	0.084732726
623	-16.515642580099986	0.07424333
624	-16.309534225799986	0.05170793
625	-16.10342587149999	0.13405451
626	-15.89731751719999	0.10057567
627	-15.691209162899991	0.08786323
628	-15.485100808599993	0.10605688
629	-15.278992454299994	0.14347647
630	-15.072884099999996	0.06192165
631	-14.866775745699996	0.08930363
632	-14.660667391399999	0.031531498
633	-14.454559037099985	0.060911834
634	-14.248450682799987	0.080337614
635	-14.042342328499988	0.05823773
636	-13.836233974200004	0.04156343
637	-13.630125619900005	0.09166578
638	-13.424017265599979	0.038798608
639	-13.217908911299979	0.081085995
640	-13.011800556999981	0.05588451
641	-12.805692202699982	0.094451755
642	-12.599583848399984	0.11002864
643	-12.393475494099985	0.07520354
644	-12.187367139799987	0.10452341
645	-11.981258785499987	0.072497204
646	-11.77515043119999	0.07472834
647	-11.56904207689999	0.08002578
648	-11.362933722599992	0.07811648
649	-11.156825368299993	0.11160261
650	-10.950717013999995	0.04114428
651	-10.744608659699995	0.14591476
652	-10.538500305399998	0.12022226
653	-10.332391951099998	0.10315411
654	-10.1262835968	0.11098754
655	-9.920175242500001	0.13550505
656	-9.714066888200003	0.12299655
657	-9.507958533900004	0.07648633
658	-9.301850179600006	0.057533067
659	-9.095741825299978	0.07213044
660	-8.889633470999978	0.12969309
661	-8.68352511669998	0.07632907
662	-8.477416762399981	0.22048873
663	-8.271308408099983	0.09953539
664	-8.065200053799984	0.12907633
665	-7.859091699499986	0.14405991
666	-7.652983345199988	0.096647814
667	-7.446874990899989	0.07724629
668	-7.24076663659999	0.17126688
669	-7.034658282299992	0.060257997
670	-6.828549927999993	0.11934646
671	-6.622441573699994	0.13748354
672	-6.416333219399996	0.0735717
673	-6.210224865099997	0.03493277
674	-6.0041165107999985	0.11796983
675	-5.7980081565	0.13734114
676	-5.591899802200001	0.1086806
677	-5.385791447900003	0.13282467
678	-5.179683093600004	0.085998885
679	-4.973574739300005	0.04181979
680	-4.767466384999978	0.09752171
681	-4.56135803069998	0.029217727
682	-4.355249676399981	0.11298599
683	-4.149141322099982	0.12777793
684	-3.9430329677999834	0.06527815
685	-3.7369246134999847	0.16324714
686	-3.530816259199986	0.108440675
687	-3.3247079048999875	0.047221452
688	-3.118599550599989	0.043147147
689	-2.91249119629999	0.0794279
690	-2.706382841999992	0.1433596
691	-2.5002744876999934	0.07249706
692	-2.2941661333999948	0.1071607
693	-2.088057779099996	0.029595688
694	-1.8819494247999973	0.027698264
695	-1.6758410704999986	0.08288343
696	-1.4697327162000002	0.0070494935
697	-1.2636243619000016	0.06884107
698	-1.057516007600003	0.06611067
699	-0.8514076533000043	0.16443068
700	-0.6452992990000057	0.09495774
701	-0.439190944699978	0.06576492
702	-0.2330825903999794	0.06219539
703	-0.026974236099980772	0.011259228
704	0.17913411820001784	0.027599482
705	0.3852424725000164	0.022648916
706	0.591350826800015	0.07643822
707	0.7974591811000137	0.012127295
708	1.0035675354000122	0.061316073
709	1.2096758897000108	0.013941482
710	1.4157842440000095	0.008539364
711	1.621892598300008	0.09646578
712	1.8280009526000067	-0.0031193793
713	2.0341093069000054	0.05539811
714	2.240217661200004	0.038625866
715	2.4463260155000026	0.02609758
716	2.6524343698000012	0.020403758
717	2.8585427241	0.04051347
718	3.0646510783999985	0.012775108
719	3.270759432699997	0.006713122
720	3.4768677869999958	0.042436033
721	3.6829761413000233	0.15793614
722	3.889084495600022	0.01615037
723	4.0951928499000205	0.08802056
724	4.301301204200019	0.020000279
725	4.507409558500018	0.012886941
726	4.713517912800016	0.012746781
727	4.919626267100015	0.006193299
728	5.125734621400014	-0.005345691
729	5.331842975700012	0.011695385
730	5.537951330000011	-0.009465864
731	5.74405968430001	-0.00030626357
732	5.950168038600008	0.028398864
733	6.156276392900007	0.020913504
734	6.3623847472000055	0.029792666
735	6.568493101500004	0.010803804
736	6.774601455800003	0.022207044
737	6.980709810100001	0.01576066
738	7.1868181644	0.024812758
739	7.392926518699999	0.019439757
740	7.599034872999997	0.10304798
741	7.805143227299996	0.037771374
742	8.011251581600023	0.009971857
743	8.217359935900022	0.022438154
744	8.42346829020002	0.054418385
745	8.62957664450002	0.05628765
746	8.835684998800017	0.017831303
747	9.041793353100017	0.060663946
748	9.247901707400015	0.07003799
749	9.454010061700014	0.0736104
750	9.660118416000012	0.07309477
751	9.866226770300011	0.061985392
752	10.07233512460001	0.022367641
753	10.278443478900009	0.03587632
754	10.484551833200006	0.021423072
755	10.690660187500004	0.039713174
756	10.896768541800004	0.06734576
757	11.102876896100002	0.00030213594
758	11.308985250400001	0.022409424
759	11.515093604699999	0.111733116
760	11.721201958999998	0.055168748
761	11.927310313299996	0.092541635
762	12.133418667599996	0.072853506
763	12.339527021900023	0.06388661
764	12.545635376200021	0.071253404
765	12.75174373050002	0.19261712
766	12.957852084800018	0.088686384
767	13.163960439100018	0.13693212
768	13.370068793400016	0.13305235
769	13.576177147700015	0.20073864
770	13.782285502000013	0.16501895
771	13.988393856300013	0.16393475
772	14.19450221060001	0.17470843
773	14.40061056490001	0.11856907
774	14.606718919200008	0.15336786
775	14.812827273500007	0.098189354
776	15.018935627800005	0.09086515
777	15.225043982100004	0.08501959
778	15.431152336400002	0.15157068
779	15.637260690700002	0.15348819
780	15.843369045	0.15785381
781	16.0494773993	0.1055607
782	16.2555857536	0.13278629
783	16.461694107899994	0.17196953
784	16.667802462200022	0.1860465
785	16.873910816500022	0.1570313
786	17.08001917080002	0.14086755
787	17.286127525100017	0.13353604
788	17.492235879400017	0.19738123
789	17.698344233700016	0.16855216
790	17.904452588000016	0.11528836
791	18.110560942300012	0.1027887
792	18.31666929660001	0.15233687
793	18.52277765090001	0.14156699
794	18.72888600520001	0.14247002
795	18.934994359500006	0.18219134
796	19.141102713800006	0.14148253
797	19.347211068100005	0.10295768
798	19.553319422400005	0.11455531
799	19.7594277767	0.08424139
800	19.965536131	0.11942264
801	20.1716444853	0.12449231
802	20.3777528396	0.1437749
803	20.583861193899995	0.10481027
804	20.789969548199995	0.14991373
805	20.996077902500023	0.10481163
806	21.202186256800022	0.12215089
807	21.408294611100022	0.17000176
808	21.614402965400018	0.16325401
809	21.820511319700017	0.13444787
810	22.026619674000017	0.17104559
811	22.232728028300013	0.14911437
812	22.438836382600012	0.1453585
813	22.644944736900012	0.13581856
814	22.85105309120001	0.087105915
815	23.057161445500007	0.15754476
816	23.263269799800007	0.18068941
817	23.469378154100006	0.16091731
818	23.675486508400006	0.11600136
819	23.881594862700002	0.119367115
820	24.087703217	0.11151062
821	24.2938115713	0.17577535
822	24.4999199256	0.15394159
823	24.706028279899996	0.14964269
824	24.912136634199996	0.10988524
825	25.118244988499995	0.15781583
826	25.324353342800023	0.09201628
827	25.530461697100023	0.1646518
828	25.73657005140002	0.085689954
829	25.94267840570002	0.09495659
830	26.148786760000018	0.15036374
831	26.354895114300017	0.12326944
832	26.561003468600013	0.11636734
833	26.767111822900013	0.11609709
834	26.973220177200012	0.1240083
835	27.179328531500012	0.11656581
836	27.385436885800008	0.13898425
837	27.591545240100007	0.15376255
838	27.797653594400007	0.09923807
839	28.003761948700006	0.12115273
840	28.209870303000002	0.09482111
841	28.415978657300002	0.12226915
842	28.6220870116	0.17495236
843	28.828195365899997	0.11728305
844	29.034303720199997	0.12762085
845	29.240412074499996	0.1638686
846	29.446520428799996	0.091658175
847	29.652628783100024	0.10993893
848	29.85873713740002	0.11911074
849	30.06484549170002	0.14979139
850	30.27095384600002	0.14024253
851	30.47706220030002	0.15119195
852	30.683170554600014	0.15342848
853	30.889278908900014	0.1044735
854	31.095387263200013	0.15542553
855	31.301495617500013	0.113258466
856	31.50760397180001	0.13218498
857	31.71371232610001	0.12813072
858	31.919820680400008	0.14329696
859	32.12592903470001	0.1395728
860	32.33203738900001	0.19342503
861	32.53814574330001	0.13757469
862	32.7442540976	0.11720445
863	32.9503624519	0.15586941
864	33.1564708062	0.12233863
865	33.3625791605	0.14983216
866	33.5686875148	0.13818187
867	33.7747958691	0.13896593
868	33.980904223400024	0.06307669
869	34.187012577700024	0.12822877
870	34.393120932000016	0.12313933
871	34.599229286300016	0.12131346
872	34.805337640600015	0.09032123
873	35.011445994900015	0.10102644
874	35.217554349200014	0.10509256
875	35.423662703500014	0.09487934
876	35.62977105780001	0.093175225
877	35.83587941210001	0.11067214
878	36.041987766400005	0.063559435
879	36.248096120700005	0.108163394
880	36.454204475000004	0.16205588
881	36.660312829300004	0.10868667
882	36.8664211836	0.10382026
883	37.0725295379	0.102515355
884	37.2786378922	0.097509235
885	37.4847462465	0.14064209
886	37.690854600799995	0.105460726
887	37.896962955099994	0.10829096
888	38.10307130939999	0.12683548
889	38.30917966370002	0.13326411
890	38.51528801800002	0.11317989
891	38.72139637230002	0.14793082
892	38.92750472660002	0.13872683
893	39.13361308090002	0.120574936
894	39.33972143520002	0.1494992
895	39.54582978950001	0.14797148
896	39.75193814380001	0.1158696
897	39.95804649810001	0.14353767
898	40.16415485240001	0.12077395
899	40.37026320670001	0.10477106
900	40.57637156100001	0.10783873
901	40.78247991530001	0.16278748
902	40.9885882696	0.16967961
903	41.1946966239	0.13168709
904	41.4008049782	0.118283175
905	41.6069133325	0.08926348
906	41.8130216868	0.13427554
907	42.0191300411	0.14587824
908	42.2252383954	0.1146486
909	42.4313467497	0.11291606
910	42.637455104000026	0.091180846
911	42.84356345830002	0.09442687
912	43.04967181260002	0.15859441
913	43.25578016690002	0.09411472
914	43.46188852120002	0.13762225
915	43.667996875500016	0.12786593
916	43.874105229800016	0.1076397
917	44.080213584100015	0.13054132
918	44.286321938400015	0.12349058
919	44.49243029270001	0.15398385
920	44.69853864700001	0.10493963
921	44.904647001300006	0.12465256
922	45.110755355600006	0.108167574
923	45.316863709900005	0.117189854
924	45.522972064200005	0.11783318
925	45.729080418500004	0.094478175
926	45.935188772800004	0.14747794
927	46.141297127099996	0.12492106
928	46.347405481399996	0.11103425
929	46.553513835699995	0.20511891
930	46.75962219000002	0.15351285
931	46.96573054430002	0.18593526
932	47.17183889860002	0.17130563
933	47.37794725290002	0.12831587
934	47.58405560720002	0.1306396
935	47.790163961500014	0.1713981
936	47.99627231580001	0.14793837
937	48.20238067010001	0.07383919
938	48.40848902440001	0.123668686
939	48.61459737870001	0.14795029
940	48.82070573300001	0.088318385
941	49.02681408730001	0.08655006
942	49.23292244160001	0.17639244
943	49.4390307959	0.12210008
944	49.6451391502	0.12711816
945	49.8512475045	0.11794658
946	50.0573558588	0.112455636
947	50.2634642131	0.08453275
948	50.4695725674	0.14877693
949	50.6756809217	0.09796859
950	50.881789276	0.17255887
951	51.08789763030002	0.115626395
952	51.29400598460002	0.15300956
953	51.50011433890002	0.11404325
954	51.70622269320002	0.15012926
955	51.91233104750002	0.11111248
956	52.11843940180002	0.1021113
957	52.32454775610002	0.09594707
958	52.53065611040002	0.089973345
959	52.73676446470001	0.13623714
960	52.94287281900001	0.1033162
961	53.14898117330001	0.11032289
962	53.35508952760001	0.13167949
963	53.56119788190001	0.13872057
964	53.76730623620001	0.12834623
965	53.973414590500006	0.113244615
966	54.179522944800006	0.080725744
967	54.3856312991	0.10167101
968	54.5917396534	0.14872321
969	54.7978480077	0.1256623
970	55.003956362	0.15017608
971	55.210064716299996	0.12446796
972	55.416173070600024	0.12653115
973	55.622281424900024	0.12110778
974	55.82838977920002	0.11130011
975	56.03449813350002	0.12483283
976	56.240606487800015	0.12840277
977	56.446714842100015	0.17501885
978	56.652823196400014	0.11509902
979	56.858931550700014	0.12904838
980	57.06503990500001	0.07161723
981	57.27114825930001	0.119312875
982	57.47725661360001	0.12202745
983	57.683364967900005	0.10516386
984	57.889473322200004	0.09243001
985	58.095581676500004	0.13063058
986	58.3016900308	0.1051456
987	58.5077983851	0.119450115
988	58.7139067394	0.11102618
989	58.9200150937	0.15708195
990	59.126123448	0.075040735
991	59.332231802299994	0.12478924
992	59.53834015659999	0.12657958
993	59.74444851090002	0.066125184
994	59.95055686520002	0.14566317
995	60.15666521950002	0.11782247
996	60.36277357380002	0.10298041
997	60.56888192810002	0.1648821
998	60.77499028240002	0.16616979
999	60.98109863670002	0.10006042
1000	61.18720699100001	0.048262015
1001	61.39331534530001	0.10815294
1002	61.59942369960001	0.09016091
1003	61.80553205390001	0.13300306
1004	62.01164040820001	0.11955412
1005	62.21774876250001	0.108657144
1006	62.42385711680001	0.113185085
1007	62.62996547110001	0.1030761
1008	62.8360738254	0.14577222
1009	63.0421821797	0.08291224
1010	63.248290534	0.118448764
1011	63.4543988883	0.103788935
1012	63.6605072426	0.12612206
1013	63.8666155969	0.15789345
1014	64.07272395120002	0.07264656
1015	64.27883230550002	0.12892494
1016	64.48494065980002	0.19321199
1017	64.69104901410002	0.1286025
1018	64.89715736840002	0.1350289
1019	65.10326572270002	0.08161584
1020	65.30937407700002	0.09639992
1021	65.51548243130001	0.12203697
1022	65.72159078560001	0.11055427
1023	65.92769913990001	0.13941649
1024	66.13380749420001	0.14779341
1025	66.33991584850001	0.1161332
1026	66.54602420280001	0.14006874
1027	66.75213255710001	0.1650851
1028	66.9582409114	0.10575114
1029	67.1643492657	0.1406385
1030	67.37045762	0.12459886
1031	67.5765659743	0.17233112
1032	67.7826743286	0.13359709
1033	67.9887826829	0.13494283
1034	68.1948910372	0.12872976
1035	68.40099939150002	0.1303976
1036	68.60710774580002	0.106385835
1037	68.81321610010002	0.1189304
1038	69.01932445440002	0.13064077
1039	69.22543280870002	0.13198136
1040	69.43154116300002	0.13283214
1041	69.63764951730002	0.15196179
1042	69.84375787160002	0.14034405
1043	70.04986622590002	0.07682429
1044	70.2559745802	0.14054178
1045	70.4620829345	0.10555956
1046	70.6681912888	0.12843564
1047	70.8742996431	0.1417417
1048	71.0804079974	0.11040748
1049	71.2865163517	0.11056351
1050	71.492624706	0.13376263
1051	71.6987330603	0.15067275
1052	71.9048414146	0.20055062
1053	72.1109497689	0.09276077
1054	72.3170581232	0.12761791
1055	72.5231664775	0.07957971
1056	72.72927483180003	0.08835106
1057	72.93538318610003	0.13376993
1058	73.14149154040003	0.12624255
1059	73.34759989470002	0.13120362
1060	73.55370824900002	0.13881655
1061	73.75981660330001	0.13804749
1062	73.96592495760001	0.11947654
1063	74.17203331190001	0.14160517
1064	74.37814166620001	0.13458242
1065	74.58425002050001	0.15264523
1066	74.79035837480001	0.17683199
1067	74.9964667291	0.13937892
1068	75.2025750834	0.11954092
1069	75.4086834377	0.13730943
1070	75.614791792	0.15175903
1071	75.8209001463	0.14770418
1072	76.0270085006	0.1523548
1073	76.2331168549	0.13649057
1074	76.4392252092	0.12146852
1075	76.6453335635	0.12781118
1076	76.85144191779999	0.09296297
1077	77.05755027210002	0.13753717
1078	77.26365862640002	0.18703957
1079	77.46976698070002	0.15128669
1080	77.67587533500001	0.11122765
1081	77.88198368930001	0.114181206
1082	78.08809204360001	0.13420163
1083	78.29420039790001	0.12705293
1084	78.50030875220001	0.078432485
1085	78.70641710650001	0.12051895
1086	78.91252546080001	0.112911426
1087	79.11863381510001	0.117117755
1088	79.32474216940001	0.11456138
1089	79.53085052370001	0.14421876
1090	79.73695887800001	0.14874242
1091	79.94306723230001	0.15083261
1092	80.14917558660001	0.14121425
1093	80.3552839409	0.10553371
1094	80.5613922952	0.07357677
1095	80.7675006495	0.10771418
1096	80.9736090038	0.13810396
1097	81.17971735809999	0.14248961
1098	81.38582571240002	0.10750268
1099	81.59193406670002	0.13620138
1100	81.79804242100002	0.11846316
1101	82.00415077530002	0.09567771
1102	82.21025912960002	0.1442536
1103	82.41636748390002	0.14122531
1104	82.62247583820002	0.14864315
1105	82.82858419250002	0.104887225
1106	83.03469254680002	0.095502675
1107	83.24080090110002	0.10497608
1108	83.44690925540002	0.14572532
1109	83.6530176097	0.11414279
1110	83.859125964	0.16833362
1111	84.0652343183	0.153647
1112	84.2713426726	0.108889155
1113	84.4774510269	0.11030809
1114	84.6835593812	0.13404885
1115	84.8896677355	0.16231526
1116	85.0957760898	0.10364302
1117	85.3018844441	0.13920698
1118	85.5079927984	0.12598841
1119	85.71410115270002	0.12134873
1120	85.92020950700002	0.089956686
1121	86.12631786130002	0.11642931
1122	86.33242621560002	0.15283874
1123	86.53853456990002	0.12686992
1124	86.74464292420002	0.11562801
1125	86.95075127850001	0.090345554
1126	87.1568596328	0.11951502
1127	87.3629679871	0.11523339
1128	87.5690763414	0.10681462
1129	87.7751846957	0.14985998
1130	87.98129305	0.13806565
1131	88.1874014043	0.13586123
1132	88.3935097586	0.13916862
1133	88.5996181129	0.10715445
1134	88.8057264672	0.16346818
1135	89.0118348215	0.13015759
1136	89.2179431758	0.10725734
1137	89.4240515301	0.13004123
1138	89.6301598844	0.12529819
1139	89.83626823870003	0.1378893
1140	90.04237659300003	0.16769527
1141	90.24848494730003	0.111231074
1142	90.45459330160001	0.13441327
1143	90.66070165590001	0.12551506
1144	90.86681001020001	0.1239824
1145	91.07291836450001	0.12953345
1146	91.27902671880001	0.16052376
1147	91.48513507310001	0.1547789
1148	91.69124342740001	0.13836066
1149	91.89735178170001	0.16308923
1150	92.10346013600001	0.15348871
1151	92.30956849030001	0.10913744
1152	92.51567684460001	0.12067086
1153	92.72178519890001	0.13053305
1154	92.92789355320001	0.15045002
1155	93.13400190750001	0.13099842
1156	93.3401102618	0.09282469
1157	93.54621861609999	0.12868315
1158	93.75232697039999	0.13292086
1159	93.95843532469999	0.1360599
1160	94.16454367900002	0.12689866
1161	94.37065203330002	0.19457038
1162	94.57676038760002	0.14080667
1163	94.78286874190002	0.15728708
1164	94.98897709620002	0.09865418
1165	95.19508545050002	0.19226927
1166	95.40119380480002	0.15095046
1167	95.60730215910002	0.13686946
1168	95.81341051340002	0.083700866
1169	96.01951886770001	0.1600302
1170	96.22562722200001	0.12165341
1171	96.43173557630001	0.14040308
1172	96.63784393060001	0.09136641
1173	96.84395228490001	0.123002246
1174	97.0500606392	0.1476619
1175	97.2561689935	0.10590198
1176	97.4622773478	0.16061482
1177	97.6683857021	0.12635925
1178	97.8744940564	0.10871848
1179	98.0806024107	0.114078805
1180	98.286710765	0.10789683
1181	98.49281911930002	0.09693308
1182	98.69892747360002	0.10745716
1183	98.90503582790002	0.11998745
1184	99.11114418220002	0.11228384
1185	99.31725253650002	0.11615366
1186	99.52336089080002	0.074558824
1187	99.72946924510002	0.10555788
1188	99.93557759940002	0.1715041
1189	100.14168595370002	0.1043583
1190	100.347794308	0.107992545
1191	100.5539026623	0.11976736
1192	100.7600110166	0.095748715
1193	100.9661193709	0.11835896
1194	101.1722277252	0.17009044
1195	101.3783360795	0.12978505
1196	101.5844444338	0.14778808
1197	101.7905527881	0.15431653
1198	101.9966611424	0.1615656
1199	102.2027694967	0.12600811
1200	102.408877851	0.106887005
1201	102.6149862053	0.0973703
1202	102.82109455960003	0.14941183
1203	103.02720291390003	0.1298595
1204	103.23331126820003	0.04677786
1205	103.43941962250003	0.14042106
1206	103.64552797680003	0.172028
1207	103.85163633110001	0.14683424
1208	104.05774468540001	0.16998035
1209	104.26385303970001	0.15889478
1210	104.46996139400001	0.099222936
1211	104.67606974830001	0.11448774
1212	104.88217810260001	0.13137658
1213	105.08828645690001	0.14956112
1214	105.29439481120001	0.07894844
1215	105.5005031655	0.15477452
1216	105.7066115198	0.14809602
1217	105.9127198741	0.15738067
1218	106.1188282284	0.11308665
1219	106.3249365827	0.13432343
1220	106.531044937	0.13629016
1221	106.7371532913	0.11905607
1222	106.94326164559999	0.10682465
1223	107.14936999990002	0.16166267
1224	107.35547835420002	0.102968395
1225	107.56158670850002	0.1601136
1226	107.76769506280002	0.15015262
1227	107.97380341710002	0.13111287
1228	108.17991177140001	0.118926056
1229	108.38602012570001	0.14416283
1230	108.59212848000001	0.10873189
1231	108.79823683430001	0.09889428
1232	109.00434518860001	0.15935393
1233	109.21045354290001	0.14238223
1234	109.41656189720001	0.11699978
1235	109.62267025150001	0.14992839
1236	109.82877860580001	0.1718323
1237	110.03488696010001	0.13799933
1238	110.24099531440001	0.14289984
1239	110.4471036687	0.13280496
1240	110.653212023	0.14401434
1241	110.8593203773	0.13257053
1242	111.0654287316	0.17844096
1243	111.2715370859	0.09755761
1244	111.47764544020002	0.1368922
1245	111.68375379450002	0.15376431
1246	111.88986214880002	0.101787075
1247	112.09597050310002	0.11268302
1248	112.30207885740002	0.13626981
1249	112.50818721170002	0.09828623
1250	112.71429556600002	0.15065163
1251	112.92040392030002	0.13534102
1252	113.12651227460002	0.14180219
1253	113.33262062890002	0.10928863
1254	113.53872898320002	0.14054167
1255	113.7448373375	0.115451865
1256	113.9509456918	0.1186046
1257	114.1570540461	0.098857194
1258	114.3631624004	0.113579966
1259	114.5692707547	0.09668051
1260	114.775379109	0.17642668
1261	114.9814874633	0.19388764
1262	115.1875958176	0.1351355
1263	115.3937041719	0.07890189
1264	115.5998125262	0.077889115
1265	115.80592088050003	0.13153861
1266	116.01202923480002	0.13380371
1267	116.21813758910002	0.12583505
1268	116.42424594340002	0.13556682
1269	116.63035429770002	0.1347029
1270	116.83646265200002	0.12434827
1271	117.04257100630001	0.15627378
1272	117.24867936059998	0.14960694
1273	117.45478771490001	0.14971495
1274	117.66089606919998	0.15358174
1275	117.8670044235	0.10036623
1276	118.07311277780003	0.14441228
1277	118.2792211321	0.1425178
1278	118.48532948640003	0.117872335
1279	118.6914378407	0.15331079
1280	118.89754619500003	0.098775595
1281	119.1036545493	0.14178906
1282	119.30976290360003	0.15225866
1283	119.5158712579	0.13185836
1284	119.72197961220003	0.18313122
1285	119.9280879665	0.11017647
1286	120.13419632080003	0.14384356
1287	120.34030467509999	0.09678148
1288	120.54641302940001	0.12153987
1289	120.75252138369999	0.105907895
1290	120.95862973800001	0.13706252
1291	121.16473809229998	0.1442884
1292	121.37084644660001	0.1134966
1293	121.57695480089998	0.1581262
1294	121.78306315520001	0.1009925
1295	121.98917150949998	0.1501464
1296	122.19527986380001	0.15891826
1297	122.40138821810004	0.11871742
1298	122.60749657240001	0.11301824
1299	122.81360492670004	0.14597473
1300	123.01971328100001	0.09158769
1301	123.22582163530004	0.13022676
1302	123.43192998960001	0.16545928
1303	123.63803834390004	0.13185407
1304	123.84414669819999	0.14971495
1305	124.05025505250002	0.12997496
1306	124.25636340679999	0.15858956
1307	124.46247176110002	0.11826651
1308	124.66858011539999	0.14328456
1309	124.87468846970002	0.15234457
1310	125.08079682399999	0.07199219
1311	125.28690517830002	0.17476901
1312	125.49301353259999	0.11820599
1313	125.69912188690002	0.1604416
1314	125.90523024119999	0.11843613
1315	126.11133859550002	0.112608604
1316	126.31744694979999	0.15940239
1317	126.52355530410001	0.14117339
1318	126.72966365840004	0.14397186
1319	126.93577201270001	0.09985245
1320	127.14188036700003	0.057702973
1321	127.3479887213	0.13792576
1322	127.55409707560003	0.11822394
1323	127.7602054299	0.13259202
1324	127.96631378420003	0.11798245
1325	128.1724221385	0.1160621
1326	128.37853049280002	0.110684216
1327	128.5846388471	0.08416395
1328	128.79074720140002	0.14299211
1329	128.9968555557	0.14537476
1330	129.20296391000002	0.1362762
1331	129.4090722643	0.14231291
1332	129.61518061860002	0.16224976
1333	129.8212889729	0.124640666
1334	130.02739732720002	0.14745636
1335	130.2335056815	0.14542526
1336	130.43961403580002	0.1443083
1337	130.6457223901	0.099294886
1338	130.85183074440002	0.16446333
1339	131.05793909870005	0.08959982
1340	131.26404745300002	0.14811417
1341	131.47015580730005	0.119608596
1342	131.67626416160002	0.1011631
1343	131.88237251590004	0.12567645
1344	132.0884808702	0.1185209
1345	132.29458922450002	0.123485915
1346	132.5006975788	0.12715964
1347	132.70680593310001	0.13268586
1348	132.91291428739999	0.13901663
1349	133.1190226417	0.13930677
1350	133.32513099599998	0.11853531
1351	133.5312393503	0.117455445
1352	133.73734770459998	0.13830194
1353	133.9434560589	0.14500354
1354	134.14956441319998	0.08986141
1355	134.3556727675	0.15517507
1356	134.56178112179998	0.10177682
1357	134.7678894761	0.12714863
1358	134.97399783039998	0.12166221
1359	135.1801061847	0.12772524
1360	135.38621453900004	0.1284025
1361	135.5923228933	0.120679855
1362	135.79843124760004	0.1355985
1363	136.0045396019	0.085319355
1364	136.21064795620003	0.08509316
1365	136.4167563105	0.12549041
1366	136.62286466480003	0.14828777
1367	136.8289730191	0.16095524
1368	137.03508137340003	0.10362683
1369	137.2411897277	0.12551492
1370	137.44729808200003	0.12831375
1371	137.6534064363	0.13239121
1372	137.85951479060003	0.11474037
1373	138.0656231449	0.15966141
1374	138.27173149920003	0.11870947
1375	138.4778398535	0.11371021
1376	138.68394820780003	0.12476589
1377	138.89005656209997	0.13609096
1378	139.0961649164	0.14926077
1379	139.30227327069997	0.14622262
1380	139.508381625	0.13715746
1381	139.71448997930003	0.12611479
1382	139.9205983336	0.14187035
1383	140.12670668790003	0.12949601
1384	140.3328150422	0.11796627
1385	140.53892339650002	0.06312397
1386	140.7450317508	0.12648565
1387	140.95114010510002	0.14317611
1388	141.1572484594	0.17464457
1389	141.36335681370002	0.10874361
1390	141.569465168	0.12784384
1391	141.77557352230002	0.11074918
1392	141.9816818766	0.13883428
1393	142.18779023090002	0.077420026
1394	142.3938985852	0.13972744
1395	142.60000693950002	0.11540852
1396	142.8061152938	0.09465439
1397	143.01222364810002	0.11166524
1398	143.2183320024	0.12674503
1399	143.42444035670002	0.095018126
1400	143.630548711	0.1435621
1401	143.83665706530002	0.18366903
1402	144.04276541960004	0.13518095
1403	144.24887377390002	0.108057655
1404	144.45498212820004	0.11495073
1405	144.66109048250001	0.13460375
1406	144.86719883680004	0.12550417
1407	145.0733071911	0.15090626
1408	145.27941554540004	0.12355254
1409	145.48552389969998	0.15241948
1410	145.691632254	0.1427888
1411	145.89774060829998	0.10410532
1412	146.1038489626	0.09020793
1413	146.30995731689998	0.1726607
1414	146.5160656712	0.16697656
1415	146.72217402549998	0.13545267
1416	146.9282823798	0.12988713
1417	147.13439073409998	0.1380698
1418	147.3404990884	0.1191952
1419	147.54660744269998	0.11035612
1420	147.752715797	0.14755103
1421	147.95882415129998	0.16383749
1422	148.1649325056	0.138482
1423	148.37104085990003	0.120854
1424	148.5771492142	0.117725044
1425	148.78325756850003	0.13956766
1426	148.9893659228	0.1457755
1427	149.19547427710003	0.12807754
1428	149.4015826314	0.11952396
1429	149.60769098570003	0.13427393
1430	149.81379934	0.18245173
1431	150.01990769430003	0.12095835
1432	150.2260160486	0.11688456
1433	150.43212440290003	0.14994548
1434	150.6382327572	0.06105037
1435	150.84434111150003	0.1425666
1436	151.0504494658	0.12589043
1437	151.25655782010003	0.17683993
1438	151.4626661744	0.13212344
1439	151.66877452870003	0.12500659
1440	151.874882883	0.12189459
1441	152.0809912373	0.12076907
1442	152.28709959160003	0.13583747
1443	152.4932079459	0.15074031
1444	152.69931630020002	0.14358893
1445	152.9054246545	0.12004751
1446	153.11153300880002	0.13387907
1447	153.3176413631	0.13161024
1448	153.52374971740002	0.18040466
1449	153.7298580717	0.1150269
1450	153.93596642600002	0.10232556
1451	154.1420747803	0.13990928
1452	154.34818313460002	0.093657345
1453	154.5542914889	0.15061459
1454	154.76039984320002	0.11779311
1455	154.9665081975	0.118439056
1456	155.17261655180002	0.14175978
1457	155.3787249061	0.1451762
1458	155.58483326040002	0.14920217
1459	155.7909416147	0.11226518
1460	155.99704996900002	0.110877864
1461	156.2031583233	0.122898325
1462	156.40926667760002	0.12400942
1463	156.61537503190004	0.14520189
1464	156.82148338620001	0.15705863
1465	157.02759174050004	0.13471414
1466	157.2337000948	0.11239065
1467	157.43980844910004	0.14815411
1468	157.6459168034	0.122844815
1469	157.85202515770004	0.14679289
1470	158.058133512	0.08164753
1471	158.26424186630004	0.114295214
1472	158.4703502206	0.17125097
1473	158.67645857490004	0.111407295
1474	158.88256692919998	0.11805455
1475	159.0886752835	0.1171761
1476	159.29478363779998	0.12009777
1477	159.5008919921	0.11755926
1478	159.70700034639998	0.10093656
1479	159.9131087007	0.16275296
1480	160.11921705499998	0.13699153
1481	160.3253254093	0.14864483
1482	160.53143376359998	0.07487735
1483	160.7375421179	0.118536405
1484	160.94365047220003	0.110102676
1485	161.1497588265	0.13768765
1486	161.35586718080003	0.15167145
1487	161.5619755351	0.1408681
1488	161.76808388940003	0.13610354
1489	161.9741922437	0.15524735
1490	162.18030059800003	0.12766154
1491	162.3864089523	0.17871366
1492	162.59251730660003	0.1489568
1493	162.7986256609	0.04681217
1494	163.00473401520003	0.12406923
1495	163.2108423695	0.15356061
1496	163.41695072380003	0.11681774
1497	163.6230590781	0.13419487
1498	163.82916743240003	0.11991929
1499	164.0352757867	0.1564632
