	velocity	Amplitude
0	-145.168188313	0.1068473
1	-144.96207978894	0.09059875
2	-144.75597126488	0.12900057
3	-144.54986274081998	0.13816683
4	-144.34375421675998	0.08821182
5	-144.1376456927	0.099570066
6	-143.93153716864	0.064891435
7	-143.72542864457998	0.09487534
8	-143.51932012051998	0.12388015
9	-143.31321159646	0.16592845
10	-143.1071030724	0.104327105
11	-142.90099454833998	0.12242272
12	-142.69488602427998	0.132881
13	-142.48877750021998	0.105487384
14	-142.28266897616	0.106606714
15	-142.0765604521	0.13234559
16	-141.87045192803998	0.040798172
17	-141.66434340397998	0.08286981
18	-141.45823487991998	0.062154375
19	-141.25212635586	0.16806327
20	-141.0460178318	0.14906031
21	-140.83990930774	0.061068024
22	-140.63380078368	0.07795782
23	-140.42769225962	0.054738432
24	-140.22158373556	0.09106924
25	-140.0154752115	0.105696954
26	-139.80936668744	0.07210184
27	-139.60325816338	0.14987688
28	-139.39714963932	0.10199294
29	-139.19104111526	0.115520865
30	-138.9849325912	0.1128261
31	-138.77882406714	0.103496425
32	-138.57271554308	0.10542938
33	-138.36660701902	0.09647192
34	-138.16049849496	0.13858253
35	-137.9543899709	0.09930447
36	-137.74828144684	0.14963482
37	-137.54217292277997	0.0842149
38	-137.33606439872	0.1252544
39	-137.12995587466	0.12860698
40	-136.9238473506	0.08448836
41	-136.71773882653997	0.07820243
42	-136.51163030247997	0.06084938
43	-136.30552177842	0.10281086
44	-136.09941325436	0.10499581
45	-135.89330473029997	0.11117771
46	-135.68719620623997	0.06435004
47	-135.48108768218	0.12530066
48	-135.27497915812	0.066872776
49	-135.06887063406	0.10267029
50	-134.86276210999998	0.052678756
51	-134.65665358593998	0.07942903
52	-134.45054506188	0.12249108
53	-134.24443653782	0.10288195
54	-134.03832801375998	0.083660774
55	-133.83221948969998	0.09855242
56	-133.62611096563998	0.14086656
57	-133.42000244158	0.15263423
58	-133.21389391751998	0.075669326
59	-133.00778539345998	0.076048106
60	-132.80167686939998	0.10790861
61	-132.59556834533998	0.12980339
62	-132.38945982127998	0.12567057
63	-132.18335129721999	0.08168212
64	-131.97724277316	0.09076864
65	-131.7711342491	0.13191256
66	-131.56502572504002	0.044733062
67	-131.35891720098	0.09694938
68	-131.15280867692	0.10358594
69	-130.94670015286	0.13587677
70	-130.7405916288	0.1299057
71	-130.53448310474	0.07197277
72	-130.32837458068	0.12115193
73	-130.12226605662	0.10939121
74	-129.91615753256	0.14110589
75	-129.7100490085	0.09161397
76	-129.50394048444	0.13324198
77	-129.29783196038	0.11346441
78	-129.09172343632	0.13634121
79	-128.88561491226	0.16677281
80	-128.6795063882	0.11536644
81	-128.47339786414	0.13852574
82	-128.26728934008	0.11883972
83	-128.06118081602	0.15091427
84	-127.85507229196	0.13743007
85	-127.64896376789999	0.11745976
86	-127.44285524383999	0.08391204
87	-127.23674671978	0.0973797
88	-127.03063819571999	0.08253944
89	-126.82452967165999	0.106930956
90	-126.61842114759999	0.08676629
91	-126.41231262354	0.17939106
92	-126.20620409947999	0.1538556
93	-126.00009557541998	0.12015289
94	-125.79398705135999	0.13579433
95	-125.58787852729999	0.112583116
96	-125.38177000323999	0.15941396
97	-125.17566147918	0.082122
98	-124.96955295512	0.09820219
99	-124.76344443106	0.12431666
100	-124.55733590699998	0.12794577
101	-124.35122738294	0.13125998
102	-124.14511885887998	0.12498939
103	-123.93901033482	0.072821215
104	-123.73290181076	0.12922683
105	-123.52679328669998	0.14968854
106	-123.32068476263998	0.13062286
107	-123.11457623857999	0.13132545
108	-122.90846771452	0.035597377
109	-122.70235919045999	0.12296317
110	-122.4962506664	0.11316379
111	-122.29014214233999	0.12274456
112	-122.08403361827999	0.15102404
113	-121.87792509421999	0.14286529
114	-121.67181657015999	0.111806065
115	-121.46570804609999	0.15167284
116	-121.25959952203999	0.11674366
117	-121.05349099798	0.08046219
118	-120.84738247391999	0.12106312
119	-120.64127394985998	0.094608605
120	-120.4351654258	0.09740738
121	-120.22905690174	0.071077436
122	-120.02294837768	0.1457792
123	-119.81683985361998	0.10338022
124	-119.61073132955998	0.084035486
125	-119.4046228055	0.11840576
126	-119.19851428143998	0.096198365
127	-118.99240575738	0.105817534
128	-118.78629723331998	0.112632416
129	-118.58018870926	0.07012458
130	-118.37408018519999	0.15704626
131	-118.16797166113999	0.12813969
132	-117.96186313707999	0.1514923
133	-117.75575461301999	0.14979249
134	-117.54964608896	0.087588966
135	-117.34353756489999	0.13845313
136	-117.13742904083998	0.12911664
137	-116.93132051677999	0.13674761
138	-116.72521199271999	0.101278305
139	-116.51910346865999	0.08971246
140	-116.31299494459999	0.09587218
141	-116.10688642054	0.13917303
142	-115.90077789648	0.10377774
143	-115.69466937241998	0.10760383
144	-115.48856084836	0.1130467
145	-115.28245232429998	0.14667831
146	-115.07634380024	0.1013408
147	-114.87023527618	0.15600753
148	-114.66412675212	0.11682578
149	-114.45801822805998	0.12670472
150	-114.25190970399998	0.10239579
151	-114.04580117994	0.09053656
152	-113.83969265587999	0.10939223
153	-113.63358413181999	0.13022988
154	-113.42747560775999	0.15284573
155	-113.2213670837	0.13056418
156	-113.01525855963999	0.12312923
157	-112.80915003557999	0.10452199
158	-112.60304151151999	0.08705647
159	-112.39693298745999	0.08997174
160	-112.1908244634	0.13851044
161	-111.98471593933999	0.102885485
162	-111.77860741527998	0.11416016
163	-111.57249889122	0.1250634
164	-111.36639036716	0.123564325
165	-111.1602818431	0.081897885
166	-110.95417331903998	0.11737381
167	-110.74806479498	0.1499852
168	-110.54195627092	0.12027632
169	-110.33584774685998	0.10178642
170	-110.12973922279998	0.080647886
171	-109.92363069873998	0.10027071
172	-109.71752217468	0.10694922
173	-109.51141365061999	0.116366155
174	-109.30530512656	0.10350495
175	-109.09919660249999	0.14250052
176	-108.89308807843999	0.11360851
177	-108.68697955438	0.1433666
178	-108.48087103031999	0.08419466
179	-108.27476250625999	0.07678431
180	-108.06865398219999	0.09353195
181	-107.86254545813999	0.08808924
182	-107.65643693407999	0.121556684
183	-107.45032841001998	0.11578925
184	-107.24421988595999	0.15386309
185	-107.0381113619	0.110538535
186	-106.83200283784	0.1261659
187	-106.62589431377998	0.11667106
188	-106.41978578971998	0.1193119
189	-106.21367726566	0.07216228
190	-106.0075687416	0.10386416
191	-105.80146021754	0.08632963
192	-105.59535169347998	0.11312862
193	-105.38924316941998	0.0910999
194	-105.18313464536	0.0940582
195	-104.97702612129999	0.085643835
196	-104.77091759723999	0.07204194
197	-104.56480907317999	0.09259665
198	-104.35870054912	0.12808281
199	-104.15259202505999	0.108314134
200	-103.94648350099997	0.14767689
201	-103.74037497693999	0.07855664
202	-103.53426645287999	0.12743464
203	-103.32815792881999	0.09863573
204	-103.12204940475999	0.14232622
205	-102.91594088069999	0.080528975
206	-102.70983235663999	0.10819646
207	-102.50372383258	0.08506591
208	-102.29761530852	0.10610992
209	-102.09150678445998	0.13950008
210	-101.8853982604	0.09098405
211	-101.67928973634	0.13764319
212	-101.47318121227998	0.13046585
213	-101.26707268821998	0.124565914
214	-101.06096416415998	0.11262199
215	-100.8548556401	0.09610619
216	-100.64874711603998	0.124504484
217	-100.44263859197999	0.13039574
218	-100.23653006791999	0.099775724
219	-100.03042154385999	0.12154042
220	-99.8243130198	0.063305795
221	-99.61820449573999	0.11823546
222	-99.41209597167999	0.13927266
223	-99.20598744761999	0.10396382
224	-98.99987892356	0.087486826
225	-98.79377039949999	0.110820815
226	-98.58766187543998	0.11827011
227	-98.38155335137999	0.12643486
228	-98.17544482731999	0.12688279
229	-97.96933630326	0.139955
230	-97.76322777919998	0.12585172
231	-97.55711925513998	0.11835724
232	-97.35101073108	0.10179799
233	-97.14490220701998	0.12720537
234	-96.93879368296	0.11891411
235	-96.73268515889998	0.113055885
236	-96.52657663484	0.085578434
237	-96.32046811078	0.091439396
238	-96.11435958671998	0.110007785
239	-95.90825106265999	0.12163796
240	-95.70214253859999	0.11919306
241	-95.49603401454	0.11605035
242	-95.28992549047999	0.14972782
243	-95.08381696641999	0.13935745
244	-94.87770844235999	0.13680343
245	-94.67159991829999	0.10427428
246	-94.46549139423999	0.06906995
247	-94.25938287017998	0.03274548
248	-94.05327434611999	0.1214637
249	-93.84716582205999	0.11899754
250	-93.64105729799999	0.15030625
251	-93.43494877394	0.11900441
252	-93.22884024987998	0.12073
253	-93.02273172582	0.085733056
254	-92.81662320176	0.12137533
255	-92.6105146777	0.1410018
256	-92.40440615363998	0.09847358
257	-92.19829762957998	0.104374275
258	-91.99218910552	0.1049551
259	-91.78608058145998	0.09783072
260	-91.57997205739998	0.13430026
261	-91.37386353333999	0.089142755
262	-91.16775500928	0.11041032
263	-90.96164648521999	0.1012818
264	-90.75553796115999	0.09555099
265	-90.54942943709999	0.15813015
266	-90.34332091303999	0.055950504
267	-90.13721238898	0.096029446
268	-89.93110386491999	0.15461269
269	-89.72499534085998	0.14721332
270	-89.51888681679999	0.13300158
271	-89.31277829273999	0.12214336
272	-89.10666976867999	0.12937051
273	-88.90056124461998	0.12862907
274	-88.69445272056	0.092499614
275	-88.4883441965	0.09473395
276	-88.28223567243998	0.08541868
277	-88.07612714837998	0.10367903
278	-87.87001862431998	0.07628605
279	-87.66391010026	0.1581115
280	-87.4578015762	0.107446864
281	-87.25169305214	0.10235845
282	-87.04558452807998	0.10325512
283	-86.83947600401999	0.120888695
284	-86.63336747996	0.10893008
285	-86.42725895589999	0.095728785
286	-86.22115043183999	0.08751343
287	-86.01504190777999	0.13799265
288	-85.80893338371999	0.1092851
289	-85.60282485965999	0.14045417
290	-85.39671633559998	0.09051022
291	-85.19060781153999	0.09625587
292	-84.98449928747999	0.10124338
293	-84.77839076341999	0.08913466
294	-84.57228223935999	0.11278935
295	-84.36617371529998	0.10873013
296	-84.16006519124	0.13003202
297	-83.95395666718	0.09267655
298	-83.74784814312	0.12840177
299	-83.54173961905998	0.097507104
300	-83.335631095	0.11495597
301	-83.12952257094	0.07637809
302	-82.92341404687998	0.07390357
303	-82.71730552281998	0.13935085
304	-82.51119699875998	0.09173705
305	-82.3050884747	0.097861424
306	-82.09897995063999	0.12987743
307	-81.89287142657997	0.10131591
308	-81.68676290251999	0.08866681
309	-81.48065437845999	0.0929638
310	-81.2745458544	0.047950186
311	-81.06843733033999	0.12225939
312	-80.86232880627999	0.14929315
313	-80.65622028221999	0.124490224
314	-80.45011175815999	0.07107486
315	-80.24400323409999	0.11668234
316	-80.03789471003998	0.098040424
317	-79.83178618598	0.11862208
318	-79.62567766192	0.12312786
319	-79.41956913786	0.114735894
320	-79.2134606138	0.13689761
321	-79.00735208973998	0.15535745
322	-78.80124356568	0.083413824
323	-78.59513504161998	0.11677905
324	-78.38902651756	0.114277996
325	-78.18291799349998	0.07536863
326	-77.97680946943998	0.089975886
327	-77.77070094537999	0.13030776
328	-77.56459242131999	0.14565898
329	-77.35848389725999	0.15569232
330	-77.15237537319999	0.0750673
331	-76.94626684913999	0.12705171
332	-76.74015832507999	0.105527036
333	-76.53404980101999	0.12116111
334	-76.32794127695999	0.06594197
335	-76.12183275289999	0.13522205
336	-75.91572422883999	0.11156004
337	-75.70961570477999	0.12338012
338	-75.50350718071999	0.15524223
339	-75.29739865666	0.07905854
340	-75.09129013259998	0.07846113
341	-74.88518160854	0.12861373
342	-74.67907308447998	0.08068496
343	-74.47296456042	0.062085774
344	-74.26685603635998	0.096741304
345	-74.06074751229998	0.13276187
346	-73.85463898823998	0.116848506
347	-73.64853046417998	0.10780778
348	-73.44242194012	0.12098565
349	-73.23631341605999	0.06915368
350	-73.030204892	0.12645754
351	-72.82409636793999	0.092437774
352	-72.61798784387999	0.09551429
353	-72.41187931981999	0.11984315
354	-72.20577079575999	0.097331375
355	-71.99966227169999	0.10848814
356	-71.79355374763999	0.14486325
357	-71.58744522357998	0.11039439
358	-71.38133669951999	0.100843795
359	-71.17522817545998	0.089529395
360	-70.96911965139999	0.13169566
361	-70.76301112733998	0.119092405
362	-70.55690260328	0.1448856
363	-70.35079407922	0.10443641
364	-70.14468555515998	0.1024951
365	-69.9385770311	0.105086565
366	-69.73246850703998	0.09607688
367	-69.52635998298	0.11790689
368	-69.32025145891998	0.110470474
369	-69.11414293486	0.12783939
370	-68.90803441079998	0.066701576
371	-68.70192588673999	0.16186075
372	-68.49581736267999	0.09428528
373	-68.28970883861999	0.059727997
374	-68.08360031455999	0.11988138
375	-67.87749179049999	0.09829357
376	-67.67138326643997	0.08648425
377	-67.46527474237999	0.06844861
378	-67.25916621831999	0.07022715
379	-67.05305769425999	0.13648996
380	-66.84694917019999	0.13969785
381	-66.64084064613999	0.09362377
382	-66.43473212207999	0.11397228
383	-66.22862359801998	0.11223853
384	-66.02251507396	0.15331098
385	-65.81640654989998	0.11929797
386	-65.61029802584	0.16654304
387	-65.40418950177998	0.04809095
388	-65.19808097772	0.09171286
389	-64.99197245365998	0.102648914
390	-64.78586392959998	0.10578898
391	-64.57975540553998	0.08505665
392	-64.37364688147998	0.14146888
393	-64.16753835742	0.10371467
394	-63.961429833359986	0.066127986
395	-63.755321309299994	0.14822629
396	-63.54921278523999	0.07035075
397	-63.343104261179995	0.12668523
398	-63.13699573711999	0.13280345
399	-62.93088721305999	0.10781632
400	-62.72477868899998	0.08774718
401	-62.51867016493999	0.13874504
402	-62.312561640879984	0.13634309
403	-62.10645311681999	0.13853483
404	-61.900344592759986	0.14747983
405	-61.694236068699986	0.085870646
406	-61.48812754463998	0.132393
407	-61.28201902057999	0.063493796
408	-61.075910496519995	0.10330643
409	-60.86980197245999	0.11005494
410	-60.6636934484	0.13182545
411	-60.45758492433998	0.07300289
412	-60.25147640027999	0.07799101
413	-60.045367876219984	0.098883465
414	-59.83925935215999	0.09592894
415	-59.633150828099986	0.12995082
416	-59.42704230403999	0.07516031
417	-59.22093377997998	0.112874106
418	-59.01482525591999	0.15366197
419	-58.80871673185998	0.10640729
420	-58.60260820779999	0.10153906
421	-58.39649968373998	0.089463584
422	-58.19039115967999	0.12367369
423	-57.98428263562	0.12715189
424	-57.778174111559984	0.11966911
425	-57.57206558749999	0.0768779
426	-57.365957063439986	0.105068736
427	-57.15984853937999	0.07893333
428	-56.95374001531999	0.112969495
429	-56.747631491259995	0.080012724
430	-56.54152296719998	0.097645655
431	-56.33541444313999	0.13209681
432	-56.12930591907998	0.10585346
433	-55.92319739501999	0.12549737
434	-55.717088870959984	0.08823709
435	-55.51098034689999	0.08828278
436	-55.30487182283998	0.10715323
437	-55.098763298779986	0.10742411
438	-54.89265477471999	0.07111799
439	-54.68654625065999	0.08653805
440	-54.480437726599995	0.13379489
441	-54.27432920253999	0.08708431
442	-54.068220678479996	0.075755954
443	-53.86211215441998	0.06907224
444	-53.65600363035999	0.120097004
445	-53.449895106299984	0.09774059
446	-53.24378658223999	0.07511817
447	-53.037678058179985	0.1130148
448	-52.83156953411999	0.08141959
449	-52.62546101005998	0.10384923
450	-52.41935248599999	0.104936935
451	-52.21324396193998	0.12059411
452	-52.00713543787999	0.16899756
453	-51.801026913819996	0.1023206
454	-51.59491838975999	0.11674763
455	-51.3888098657	0.110676974
456	-51.182701341639984	0.1798116
457	-50.97659281757999	0.089754306
458	-50.770484293519985	0.15932259
459	-50.56437576945999	0.07973848
460	-50.358267245399986	0.058695033
461	-50.152158721339994	0.084522605
462	-49.94605019727998	0.08698631
463	-49.73994167321999	0.1257894
464	-49.53383314915998	0.12975329
465	-49.32772462509999	0.115857944
466	-49.12161610103998	0.08032955
467	-48.91550757697999	0.13499983
468	-48.70939905291999	0.11810533
469	-48.503290528859985	0.13289385
470	-48.29718200479999	0.09343058
471	-48.091073480739986	0.096929014
472	-47.884964956679994	0.098571196
473	-47.67885643261999	0.12160621
474	-47.47274790855999	0.14988875
475	-47.26663938449998	0.09793278
476	-47.06053086043999	0.12834102
477	-46.85442233637998	0.11804078
478	-46.64831381231999	0.10803914
479	-46.442205288259984	0.10192451
480	-46.23609676419999	0.09935175
481	-46.02998824013998	0.062249493
482	-45.823879716079986	0.12760967
483	-45.617771192019994	0.09993624
484	-45.41166266795999	0.115506545
485	-45.205554143899995	0.08194063
486	-44.99944561983999	0.10062763
487	-44.79333709577999	0.11328846
488	-44.58722857171998	0.1418468
489	-44.38112004765999	0.14544101
490	-44.175011523599984	0.084069066
491	-43.96890299953999	0.058100015
492	-43.762794475479986	0.16311531
493	-43.556685951419986	0.11293947
494	-43.35057742735998	0.08398959
495	-43.14446890329999	0.1289584
496	-42.93836037923998	0.12526615
497	-42.73225185517999	0.10676784
498	-42.52614333112	0.12150566
499	-42.32003480705999	0.109534964
500	-42.11392628299999	0.10324121
501	-41.907817758939984	0.13369526
502	-41.70170923487999	0.1185858
503	-41.495600710819986	0.12045901
504	-41.28949218675999	0.089117765
505	-41.08338366269999	0.08033839
506	-40.87727513863999	0.12720582
507	-40.67116661457998	0.10583101
508	-40.46505809051999	0.15817492
509	-40.25894956645998	0.07802832
510	-40.05284104239999	0.12531266
511	-39.846732518339984	0.113272004
512	-39.640623994279984	0.1507801
513	-39.43451547021999	0.115431376
514	-39.228406946159986	0.074636266
515	-39.02229842209999	0.08022443
516	-38.81618989803999	0.08925927
517	-38.610081373979995	0.03984268
518	-38.40397284991998	0.11476683
519	-38.19786432585999	0.09667722
520	-37.99175580179998	0.1250281
521	-37.78564727773999	0.08792736
522	-37.579538753679984	0.122344516
523	-37.37343022961999	0.11682018
524	-37.167321705559985	0.09446761
525	-36.961213181499986	0.0997861
526	-36.75510465743998	0.07380081
527	-36.54899613337999	0.16695121
528	-36.342887609319995	0.15063855
529	-36.13677908525999	0.09688802
530	-35.930670561199996	0.09372574
531	-35.72456203713998	0.048603036
532	-35.51845351307999	0.08340062
533	-35.312344989019984	0.06325967
534	-35.10623646495999	0.12202601
535	-34.900127940899985	0.15444447
536	-34.69401941683999	0.09527618
537	-34.48791089277998	0.07841848
538	-34.28180236871999	0.09805937
539	-34.07569384465998	0.049690828
540	-33.86958532059999	0.10596712
541	-33.66347679653998	0.12756087
542	-33.45736827247999	0.119914114
543	-33.25125974842	0.11858045
544	-33.045151224359984	0.14927267
545	-32.83904270029999	0.08521881
546	-32.632934176239985	0.12111334
547	-32.42682565217999	0.16048431
548	-32.220717128119986	0.11268816
549	-32.014608604059994	0.11830599
550	-31.808500079999984	0.099201456
551	-31.60239155593999	0.09505965
552	-31.39628303187998	0.15335986
553	-31.19017450781999	0.038429745
554	-30.984065983759983	0.113634065
555	-30.777957459699987	0.109208964
556	-30.57184893563998	0.08108673
557	-30.36574041157999	0.14485678
558	-30.159631887519993	0.07278915
559	-29.953523363459986	0.091950536
560	-29.747414839399994	0.1443021
561	-29.541306315339984	0.09490655
562	-29.33519779127999	0.07916913
563	-29.129089267219985	0.16836599
564	-28.92298074315999	0.09384907
565	-28.716872219099983	0.15111515
566	-28.51076369503999	0.09989385
567	-28.30465517097998	0.1081471
568	-28.09854664691999	0.12051688
569	-27.892438122859982	0.07719767
570	-27.68632959879999	0.10603799
571	-27.48022107473998	0.10707722
572	-27.274112550679988	0.12261011
573	-27.068004026619995	0.13531296
574	-26.861895502559985	0.14479867
575	-26.655786978499993	0.10377741
576	-26.449678454439987	0.052176237
577	-26.24356993037999	0.111423805
578	-26.037461406319984	0.070004195
579	-25.831352882259992	0.10999554
580	-25.625244358199982	0.15876298
581	-25.41913583413999	0.08968148
582	-25.213027310079983	0.07084345
583	-25.006918786019988	0.146646
584	-24.80081026195998	0.0829259
585	-24.59470173789999	0.10264797
586	-24.38859321383998	0.1323295
587	-24.182484689779987	0.07464627
588	-23.976376165719994	0.13091548
589	-23.770267641659988	0.11121243
590	-23.564159117599992	0.08883334
591	-23.358050593539986	0.15155736
592	-23.151942069479993	0.054049373
593	-22.945833545419983	0.17149806
594	-22.73972502135999	0.07371308
595	-22.533616497299985	0.14770593
596	-22.32750797323999	0.14845085
597	-22.121399449179982	0.05301458
598	-21.91529092511999	0.1065298
599	-21.70918240105998	0.10936335
600	-21.503073876999988	0.07628529
601	-21.29696535293998	0.08470528
602	-21.090856828879986	0.12300145
603	-20.884748304819993	0.06686959
604	-20.678639780759987	0.12163463
605	-20.47253125669999	0.06879532
606	-20.266422732639985	0.062084455
607	-20.060314208579992	0.119015716
608	-19.854205684519982	0.11375098
609	-19.64809716045999	0.05633937
610	-19.441988636399984	0.04945828
611	-19.23588011233999	0.0448995
612	-19.02977158827998	0.04932149
613	-18.82366306421999	0.027316185
614	-18.617554540159983	0.07189667
615	-18.411446016099987	0.03755431
616	-18.20533749203998	0.0759873
617	-17.999228967979988	0.058553513
618	-17.793120443919992	0.10407345
619	-17.587011919859986	0.019183159
620	-17.380903395799994	0.06947319
621	-17.174794871739984	0.104478516
622	-16.96868634767999	0.054101463
623	-16.762577823619985	0.071841925
624	-16.55646929955999	0.088181324
625	-16.350360775499983	0.038924158
626	-16.14425225143999	0.09406962
627	-15.938143727379982	0.089922525
628	-15.732035203319988	0.07188388
629	-15.525926679259982	0.12850554
630	-15.319818155199988	0.033900402
631	-15.11370963113998	0.057883225
632	-14.907601107079987	0.12100159
633	-14.701492583019993	0.07365316
634	-14.495384058959987	0.04072909
635	-14.289275534899993	0.07125694
636	-14.083167010839999	0.05194128
637	-13.877058486779976	0.06148148
638	-13.670949962719984	0.04841996
639	-13.46484143865999	0.051461913
640	-13.258732914599998	0.055861637
641	-13.052624390539975	0.064972244
642	-12.846515866479981	0.06058091
643	-12.640407342419989	0.036355533
644	-12.434298818359995	0.083712816
645	-12.228190294299973	0.04036568
646	-12.02208177023998	0.045586377
647	-11.815973246179986	0.0047678575
648	-11.609864722119994	0.020027503
649	-11.40375619806	0.030473322
650	-11.197647673999978	0.02780463
651	-10.991539149939985	0.081966385
652	-10.785430625879991	0.04742136
653	-10.579322101819999	0.05213406
654	-10.373213577759977	0.019792065
655	-10.167105053699983	0.03658191
656	-9.96099652963999	0.078149274
657	-9.754888005579996	0.07233444
658	-9.548779481519974	0.049521577
659	-9.342670957459982	0.05182682
660	-9.136562433399988	0.03827226
661	-8.930453909339995	0.059737448
662	-8.724345385279973	0.09456435
663	-8.518236861219979	0.0485339
664	-8.312128337159987	0.17481452
665	-8.106019813099993	0.07643238
666	-7.899911289039999	0.02546759
667	-7.693802764979977	0.12263703
668	-7.487694240919984	0.06012568
669	-7.281585716859991	0.14072016
670	-7.0754771927999975	0.06888096
671	-6.869368668739975	0.031970836
672	-6.663260144679982	0.05316011
673	-6.457151620619989	0.057910156
674	-6.251043096559996	0.04345642
675	-6.044934572499973	0.102406286
676	-5.83882604843998	0.07557157
677	-5.632717524379987	0.054467604
678	-5.426609000319993	0.086379185
679	-5.22050047626	0.134296
680	-5.014391952199978	0.035045654
681	-4.808283428139984	0.08263982
682	-4.602174904079991	0.08342142
683	-4.396066380019998	0.104433924
684	-4.1899578559599755	0.08047575
685	-3.983849331899983	0.06188103
686	-3.7777408078399892	0.061941653
687	-3.571632283779996	0.016359288
688	-3.365523759719974	0.07052466
689	-3.1594152356599805	0.055613935
690	-2.9533067115999874	0.00738658
691	-2.7471981875399942	0.018964298
692	-2.541089663479972	0.057228222
693	-2.3349811394199786	-0.0031480938
694	-2.1288726153599855	-0.00033598393
695	-1.9227640912999924	0.022046044
696	-1.716655567239999	4.2259693e-05
697	-1.5105470431799768	0.040975913
698	-1.3044385191199834	0.010407165
699	-1.0983299950599903	0.004586078
700	-0.8922214709999972	0.02114527
701	-0.6861129469399748	0.056403346
702	-0.4800044228799816	0.027980553
703	-0.2738958988199884	0.021178082
704	-0.06778737475999515	0.024401695
705	0.13832114930002717	0.05108325
706	0.3444296733600204	0.02078493
707	0.5505381974200136	-0.015731083
708	0.7566467214800068	0.021910243
709	0.96275524554	0.026243087
710	1.1688637696000224	-0.009790486
711	1.3749722936600155	0.030676529
712	1.5810808177200089	-0.017362554
713	1.787189341780002	0.03501669
714	1.9932978658400242	0.10141021
715	2.1994063899000174	0.013684226
716	2.405514913960011	-0.005231645
717	2.611623438020004	0.008887477
718	2.817731962080026	0.015370429
719	3.0238404861400197	0.00907623
720	3.229949010200013	0.010412596
721	3.436057534260006	-0.018650353
722	3.6421660583200284	-0.001885403
723	3.8482745823800215	-0.004097227
724	4.054383106440015	-0.02216398
725	4.260491630500008	0.026590353
726	4.466600154560001	0.016675271
727	4.672708678620023	-0.016986566
728	4.8788172026800165	0.04709042
729	5.08492572674001	0.02480144
730	5.291034250800003	0.035980605
731	5.497142774860025	0.025284007
732	5.703251298920018	0.10175492
733	5.9093598229800115	0.1138346
734	6.115468347040005	0.056912765
735	6.321576871100027	0.052380398
736	6.52768539516002	0.0404157
737	6.733793919220013	0.025804095
738	6.939902443280007	0.035150737
739	7.1460109673400005	0.06212719
740	7.352119491400023	0.023705132
741	7.558228015460016	0.07524503
742	7.764336539520009	0.08983569
743	7.970445063580002	0.04796114
744	8.176553587640024	0.05828105
745	8.382662111700018	0.054354355
746	8.58877063576001	0.05623474
747	8.794879159820004	0.14396375
748	9.000987683880027	0.071758255
749	9.207096207940019	0.10720508
750	9.413204732000013	0.1443208
751	9.619313256060007	0.118808806
752	9.825421780120028	0.11377032
753	10.031530304180022	0.093353584
754	10.237638828240016	0.07058278
755	10.443747352300008	0.07789931
756	10.649855876360002	0.08119072
757	10.855964400420024	0.103368685
758	11.062072924480017	0.1438892
759	11.26818144854001	0.11614799
760	11.474289972600003	0.112279326
761	11.680398496660025	0.10881415
762	11.88650702072002	0.07180968
763	12.092615544780012	0.049679384
764	12.298724068840006	0.08760328
765	12.504832592900028	0.06962733
766	12.71094111696002	0.17725484
767	12.917049641020014	0.0961582
768	13.123158165080007	0.08295095
769	13.32926668914	0.111582614
770	13.535375213200023	0.12676243
771	13.741483737260015	0.08446118
772	13.94759226132001	0.09529088
773	14.153700785380002	0.114696465
774	14.359809309440024	0.12546022
775	14.565917833500018	0.15132806
776	14.77202635756001	0.10170065
777	14.978134881620004	0.068247885
778	15.184243405680027	0.10218361
779	15.390351929740019	0.10267236
780	15.596460453800013	0.09461959
781	15.802568977860007	0.14696999
782	16.00867750192003	0.11273985
783	16.214786025980022	0.12660593
784	16.420894550040014	0.13247365
785	16.62700307410001	0.15237644
786	16.833111598160002	0.12975475
787	17.039220122220023	0.10490625
788	17.24532864628002	0.17101191
789	17.45143717034001	0.09984264
790	17.657545694400003	0.10995284
791	17.863654218460027	0.15684572
792	18.06976274252002	0.08658031
793	18.275871266580012	0.1019976
794	18.481979790640004	0.071859546
795	18.68808831470003	0.057793573
796	18.89419683876002	0.12184216
797	19.100305362820013	0.08927308
798	19.30641388688001	0.12912533
799	19.51252241094	0.09412496
800	19.71863093500002	0.09282652
801	19.924739459060017	0.08930726
802	20.13084798312001	0.11057542
803	20.336956507180002	0.103765815
804	20.543065031240026	0.07552104
805	20.74917355530002	0.12341932
806	20.95528207936001	0.101531714
807	21.161390603420003	0.108660154
808	21.367499127480027	0.10916686
809	21.57360765154002	0.13687581
810	21.77971617560001	0.050102018
811	21.985824699660007	0.10467855
812	22.191933223720028	0.090587884
813	22.39804174778002	0.07545224
814	22.604150271840016	0.097141005
815	22.81025879590001	0.09020432
816	23.01636731996	0.11127533
817	23.222475844020025	0.12644632
818	23.428584368080017	0.12564003
819	23.63469289214001	0.11673703
820	23.840801416200005	0.1463215
821	24.046909940260026	0.11595768
822	24.253018464320018	0.122871645
823	24.459126988380014	0.053160794
824	24.665235512440006	0.12436652
825	24.871344036500027	0.08458839
826	25.077452560560022	0.12944806
827	25.283561084620015	0.11916655
828	25.489669608680007	0.124374196
829	25.69577813274	0.12528661
830	25.901886656800023	0.090140596
831	26.107995180860016	0.076618
832	26.314103704920008	0.1237981
833	26.520212228980004	0.12501031
834	26.726320753040024	0.11678154
835	26.932429277100017	0.108909085
836	27.138537801160012	0.0846138
837	27.344646325220005	0.1533746
838	27.550754849280025	0.10827802
839	27.75686337334002	0.12940669
840	27.962971897400013	0.111795604
841	28.169080421460006	0.10968749
842	28.37518894552003	0.083795086
843	28.581297469580022	0.07687543
844	28.787405993640014	0.10585773
845	28.99351451770001	0.08669067
846	29.199623041760002	0.110537626
847	29.405731565820023	0.13331486
848	29.61184008988002	0.14671446
849	29.81794861394001	0.11189958
850	30.024057138000003	0.09495677
851	30.230165662060028	0.12681562
852	30.43627418612002	0.088828854
853	30.642382710180012	0.07482127
854	30.848491234240004	0.075469434
855	31.05459975830003	0.094584465
856	31.26070828236002	0.13053963
857	31.466816806420013	0.12052576
858	31.67292533048001	0.122877434
859	31.87903385454	0.090754956
860	32.085142378600025	0.06524712
861	32.29125090266002	0.111342594
862	32.49735942672001	0.11485686
863	32.70346795078	0.14871746
864	32.90957647484002	0.099053256
865	33.115684998900015	0.14980529
866	33.321793522960014	0.064632416
867	33.52790204702001	0.12257703
868	33.73401057108003	0.0984776
869	33.94011909514002	0.16577294
870	34.14622761920001	0.19437347
871	34.352336143260004	0.084758714
872	34.55844466732003	0.09212513
873	34.764553191380024	0.08479297
874	34.970661715440016	0.14889164
875	35.17677023950001	0.10775771
876	35.38287876356	0.11605908
877	35.58898728762002	0.100194275
878	35.79509581168002	0.059779737
879	36.00120433574001	0.11500778
880	36.207312859800005	0.13517524
881	36.413421383860026	0.09204213
882	36.61952990792002	0.13861115
883	36.82563843198001	0.13121168
884	37.03174695604	0.10517749
885	37.23785548010003	0.1474776
886	37.44396400416002	0.119687036
887	37.650072528220015	0.10661929
888	37.85618105228001	0.1594196
889	38.06228957634	0.09821199
890	38.26839810040002	0.106670685
891	38.47450662446002	0.060727462
892	38.68061514852001	0.08920106
893	38.886723672580004	0.08568261
894	39.092832196640025	0.076381505
895	39.29894072070002	0.085626654
896	39.50504924476001	0.054961063
897	39.71115776882	0.09492296
898	39.91726629288003	0.12596142
899	40.12337481694002	0.1205836
900	40.329483341000014	0.073955156
901	40.535591865060006	0.11433528
902	40.74170038912003	0.10451396
903	40.947808913180026	0.11271907
904	41.15391743724002	0.13503075
905	41.36002596130001	0.12426681
906	41.56613448536	0.12715536
907	41.77224300942002	0.11186989
908	41.978351533480016	0.1251962
909	42.18446005754001	0.14167792
910	42.39056858160001	0.12622464
911	42.59667710566003	0.07765304
912	42.80278562972002	0.106215775
913	43.00889415378001	0.16334094
914	43.215002677840005	0.12774093
915	43.421111201900025	0.073322
916	43.627219725960025	0.17650113
917	43.83332825002002	0.09096915
918	44.03943677408001	0.10534536
919	44.24554529814	0.1270464
920	44.45165382220002	0.1376539
921	44.657762346260014	0.101133466
922	44.86387087032001	0.06816906
923	45.069979394380006	0.10947411
924	45.27608791844003	0.09314105
925	45.48219644250002	0.09255494
926	45.68830496656001	0.12693967
927	45.89441349062	0.09349227
928	46.100522014680024	0.11832521
929	46.30663053874002	0.104796536
930	46.512739062800016	0.12712586
931	46.71884758686001	0.11030492
932	46.92495611092003	0.106564045
933	47.13106463498002	0.07630701
934	47.33717315904001	0.09822518
935	47.54328168310001	0.11792606
936	47.749390207160005	0.14166373
937	47.955498731220025	0.11830657
938	48.16160725528002	0.115753725
939	48.36771577934001	0.15674794
940	48.5738243034	0.093515
941	48.77993282746003	0.0794501
942	48.98604135152002	0.07153969
943	49.192149875580014	0.09109521
944	49.39825839964001	0.14443657
945	49.60436692370003	0.11265741
946	49.81047544776002	0.104402974
947	50.01658397182001	0.11026483
948	50.22269249588001	0.116138995
949	50.42880101994	0.12514469
950	50.634909544000024	0.17721659
951	50.841018068060016	0.12680148
952	51.04712659212001	0.07511479
953	51.25323511618	0.07387285
954	51.45934364024003	0.09313451
955	51.66545216430002	0.11007411
956	51.87156068836001	0.14215013
957	52.077669212420005	0.10927954
958	52.283777736480026	0.09177989
959	52.48988626054002	0.11636397
960	52.69599478460002	0.14741507
961	52.90210330866001	0.09416446
962	53.10821183272003	0.14100608
963	53.31432035678002	0.06905994
964	53.520428880840015	0.09884991
965	53.72653740490001	0.10898803
966	53.93264592896	0.1653115
967	54.13875445302003	0.06478287
968	54.34486297708002	0.08149873
969	54.55097150114001	0.10380055
970	54.757080025200004	0.105584025
971	54.963188549260025	0.10036789
972	55.16929707332002	0.109798044
973	55.375405597380016	0.1021312
974	55.58151412144001	0.09268694
975	55.78762264550003	0.17252482
976	55.99373116956002	0.107868336
977	56.199839693620014	0.09669336
978	56.405948217680006	0.11851412
979	56.61205674174	0.15125707
980	56.818165265800026	0.108777046
981	57.02427378986002	0.12163623
982	57.23038231392001	0.16121632
983	57.43649083798	0.09449285
984	57.64259936204002	0.09404741
985	57.848707886100016	0.07018484
986	58.054816410160015	0.14351714
987	58.26092493422001	0.11314598
988	58.46703345828003	0.09881888
989	58.67314198234002	0.14813167
990	58.87925050640001	0.13921094
991	59.085359030460005	0.12191323
992	59.29146755452003	0.15694533
993	59.497576078580025	0.09406815
994	59.70368460264002	0.0960438
995	59.90979312670001	0.12178133
996	60.11590165076	0.084164396
997	60.32201017482002	0.104111224
998	60.52811869888002	0.11621677
999	60.734227222940014	0.0751749
1000	60.940335747000006	0.12795743
1001	61.14644427106003	0.13490726
1002	61.35255279512002	0.14436558
1003	61.55866131918001	0.16389133
1004	61.76476984324	0.06710294
1005	61.97087836730003	0.10964344
1006	62.17698689136002	0.12687123
1007	62.383095415420016	0.08149156
1008	62.58920393948001	0.11099457
1009	62.79531246354	0.16835079
1010	63.00142098760002	0.12907736
1011	63.20752951166002	0.1418955
1012	63.41363803572001	0.12248131
1013	63.619746559780005	0.10712648
1014	63.825855083840025	0.13345873
1015	64.03196360790002	0.131324
1016	64.23807213196001	0.109521374
1017	64.44418065602001	0.10799264
1018	64.65028918008002	0.09522855
1019	64.85639770414002	0.08816082
1020	65.06250622820002	0.09351525
1021	65.26861475226	0.14176
1022	65.47472327632003	0.13516665
1023	65.68083180038002	0.11294061
1024	65.88694032444002	0.13911104
1025	66.0930488485	0.118177645
1026	66.29915737256	0.102435365
1027	66.50526589662003	0.119397715
1028	66.71137442068002	0.107746944
1029	66.91748294474002	0.101093106
1030	67.1235914688	0.1432018
1031	67.32969999286003	0.09905511
1032	67.53580851692001	0.12260264
1033	67.74191704098001	0.12935823
1034	67.94802556504001	0.13099743
1035	68.15413408910003	0.14015672
1036	68.36024261316003	0.14376292
1037	68.56635113722001	0.095811345
1038	68.77245966128001	0.13564461
1039	68.97856818534004	0.09393236
1040	69.18467670940002	0.08131593
1041	69.39078523346002	0.17657603
1042	69.59689375752001	0.14346619
1043	69.80300228158	0.06388466
1044	70.00911080564002	0.18849544
1045	70.21521932970002	0.09919587
1046	70.42132785376002	0.14062431
1047	70.62743637782	0.09068414
1048	70.83354490188003	0.15871726
1049	71.03965342594002	0.117899664
1050	71.24576195000002	0.11598889
1051	71.45187047406	0.14996085
1052	71.65797899812003	0.15652962
1053	71.86408752218003	0.11208394
1054	72.07019604624001	0.10438809
1055	72.27630457030001	0.10042842
1056	72.48241309436	0.12013478
1057	72.68852161842003	0.16399534
1058	72.89463014248003	0.07941803
1059	73.10073866654001	0.14733465
1060	73.30684719060001	0.12131269
1061	73.51295571466002	0.092053965
1062	73.71906423872002	0.106793135
1063	73.92517276278001	0.104329936
1064	74.13128128684001	0.11249822
1065	74.33738981090004	0.11174587
1066	74.54349833496002	0.11708778
1067	74.74960685902002	0.15465431
1068	74.95571538308	0.076537415
1069	75.16182390714003	0.11959692
1070	75.36793243120002	0.07945122
1071	75.57404095526002	0.13563389
1072	75.78014947932002	0.14607137
1073	75.98625800338	0.13953033
1074	76.19236652744003	0.031047843
1075	76.39847505150001	0.10448721
1076	76.60458357556001	0.110847615
1077	76.81069209962001	0.15151054
1078	77.01680062368003	0.09767774
1079	77.22290914774003	0.112682454
1080	77.42901767180001	0.081452906
1081	77.63512619586001	0.100202486
1082	77.84123471992002	0.13599074
1083	78.04734324398002	0.11450689
1084	78.25345176804002	0.15852542
1085	78.45956029210001	0.1446413
1086	78.66566881616001	0.097257674
1087	78.87177734022002	0.12155046
1088	79.07788586428002	0.11017679
1089	79.28399438834	0.09880577
1090	79.4901029124	0.11769158
1091	79.69621143646003	0.08126716
1092	79.90231996052002	0.111415006
1093	80.10842848458002	0.12726577
1094	80.31453700864	0.1310199
1095	80.52064553270003	0.104581565
1096	80.72675405676003	0.11685965
1097	80.93286258082001	0.09058142
1098	81.13897110488001	0.13420326
1099	81.34507962894003	0.0879543
1100	81.55118815300003	0.12951669
1101	81.75729667706001	0.11332923
1102	81.96340520112001	0.08366278
1103	82.16951372518001	0.071724996
1104	82.37562224924002	0.1143928
1105	82.58173077330002	0.11724123
1106	82.78783929736001	0.08530857
1107	82.99394782142001	0.117979504
1108	83.20005634548002	0.13607581
1109	83.40616486954002	0.0884345
1110	83.61227339360002	0.13821357
1111	83.81838191766	0.11324379
1112	84.02449044172003	0.1153907
1113	84.23059896578002	0.05374019
1114	84.43670748984002	0.13036183
1115	84.64281601390002	0.13237207
1116	84.84892453796	0.14886522
1117	85.05503306202003	0.14138252
1118	85.26114158608002	0.13210484
1119	85.46725011014001	0.0981292
1120	85.6733586342	0.111706406
1121	85.87946715826003	0.063570745
1122	86.08557568232003	0.10127206
1123	86.29168420638001	0.11980644
1124	86.49779273044001	0.13614973
1125	86.70390125450002	0.11717767
1126	86.91000977856002	0.07033046
1127	87.11611830262001	0.09468375
1128	87.32222682668001	0.1198999
1129	87.52833535074004	0.1362171
1130	87.73444387480002	0.10325578
1131	87.94055239886002	0.10184722
1132	88.14666092292	0.13590789
1133	88.35276944698	0.08719322
1134	88.55887797104003	0.11044353
1135	88.76498649510002	0.11797381
1136	88.97109501916002	0.10504785
1137	89.17720354322	0.09913591
1138	89.38331206728003	0.11131001
1139	89.58942059134002	0.12157951
1140	89.79552911540002	0.103454925
1141	90.00163763946001	0.11810632
1142	90.20774616352003	0.15321678
1143	90.41385468758003	0.12185483
1144	90.61996321164001	0.14176303
1145	90.82607173570001	0.08726073
1146	91.03218025976	0.09567542
1147	91.23828878382002	0.12961246
1148	91.44439730788002	0.06966119
1149	91.65050583194001	0.12561145
1150	91.85661435600001	0.086867094
1151	92.06272288006002	0.068481
1152	92.26883140412002	0.121201076
1153	92.47493992818002	0.09488796
1154	92.68104845224	0.14331414
1155	92.88715697630003	0.11817224
1156	93.09326550036002	0.11185274
1157	93.29937402442002	0.11524397
1158	93.50548254848	0.15649468
1159	93.71159107254003	0.12450125
1160	93.91769959660003	0.10394268
1161	94.12380812066002	0.1612805
1162	94.32991664472002	0.11099493
1163	94.53602516878	0.091877416
1164	94.74213369284003	0.101812586
1165	94.94824221690001	0.12943622
1166	95.15435074096001	0.11736629
1167	95.36045926502001	0.0757341
1168	95.56656778908003	0.07012454
1169	95.77267631314002	0.12487027
1170	95.97878483720001	0.0784747
1171	96.18489336126001	0.13721253
1172	96.39100188532004	0.1595503
1173	96.59711040938002	0.11754818
1174	96.80321893344002	0.11396501
1175	97.0093274575	0.1898558
1176	97.21543598156	0.080271065
1177	97.42154450562002	0.1637302
1178	97.62765302968002	0.08000289
1179	97.83376155374002	0.07945854
1180	98.0398700778	0.08561531
1181	98.24597860186003	0.10553201
1182	98.45208712592002	0.11204272
1183	98.65819564998002	0.106548026
1184	98.86430417404	0.12266725
1185	99.07041269810003	0.11076506
1186	99.27652122216003	0.11783206
1187	99.48262974622001	0.12669712
1188	99.68873827028001	0.112572655
1189	99.89484679434003	0.10244791
1190	100.10095531840003	0.07369822
1191	100.30706384246002	0.108549975
1192	100.51317236652001	0.13857844
1193	100.71928089058001	0.04869352
1194	100.92538941464002	0.101257294
1195	101.13149793870002	0.088778734
1196	101.33760646276001	0.117936425
1197	101.54371498682	0.12397567
1198	101.74982351088003	0.13465923
1199	101.95593203494002	0.11337629
1200	102.16204055900002	0.109496035
1201	102.36814908306	0.11283353
1202	102.57425760712003	0.1302554
1203	102.78036613118003	0.16771433
1204	102.98647465524002	0.14430462
1205	103.19258317930002	0.12899753
1206	103.39869170336	0.08230391
1207	103.60480022742003	0.12182827
1208	103.81090875148001	0.11206536
1209	104.01701727554001	0.12128291
1210	104.22312579960001	0.08834799
1211	104.42923432366003	0.108576685
1212	104.63534284772003	0.09214531
1213	104.84145137178001	0.11110746
1214	105.04755989584001	0.09991351
1215	105.25366841990002	0.1944448
1216	105.45977694396002	0.22045335
1217	105.66588546802002	0.14093508
1218	105.87199399208001	0.08101636
1219	106.07810251614004	0.09603372
1220	106.28421104020002	0.06901557
1221	106.49031956426002	0.11766257
1222	106.69642808832	0.06071593
1223	106.90253661238	0.118998095
1224	107.10864513644003	0.13645256
1225	107.31475366050002	0.09419172
1226	107.52086218456002	0.07363605
1227	107.72697070862	0.1097393
1228	107.93307923268003	0.08250779
1229	108.13918775674003	0.0823248
1230	108.34529628080001	0.12758596
1231	108.55140480486001	0.13806012
1232	108.75751332892003	0.09347743
1233	108.96362185298003	0.086952694
1234	109.16973037704001	0.11136362
1235	109.37583890110001	0.08100608
1236	109.58194742516001	0.12735593
1237	109.78805594922002	0.09655893
1238	109.99416447328002	0.09752533
1239	110.20027299734001	0.06899469
1240	110.40638152140001	0.08641763
1241	110.61249004546004	0.13710822
1242	110.81859856952002	0.09689771
1243	111.02470709358002	0.07543069
1244	111.23081561764	0.13372336
1245	111.43692414170003	0.13756043
1246	111.64303266576002	0.13689867
1247	111.84914118982002	0.111328006
1248	112.05524971388002	0.047476605
1249	112.26135823794003	0.12345666
1250	112.46746676200003	0.1737201
1251	112.67357528606001	0.08813925
1252	112.87968381012001	0.1009742
1253	113.08579233418	0.16640761
1254	113.29190085824003	0.13379893
1255	113.49800938230003	0.11065742
1256	113.70411790636001	0.13702825
1257	113.91022643042001	0.06313893
1258	114.11633495448002	0.07470122
1259	114.32244347854002	0.16665006
1260	114.52855200260002	0.13283904
1261	114.73466052666001	0.08644676
1262	114.94076905072004	0.065712884
1263	115.14687757478002	0.12172282
1264	115.35298609884002	0.1320759
1265	115.5590946229	0.13819139
1266	115.76520314696	0.12521231
1267	115.97131167102003	0.12655455
1268	116.17742019508002	0.119843945
1269	116.38352871914002	0.072387554
1270	116.5896372432	0.13138247
1271	116.79574576726003	0.17237327
1272	117.00185429131999	0.09408566
1273	117.20796281538004	0.14606339
1274	117.41407133944004	0.05876015
1275	117.62017986350003	0.1409353
1276	117.82628838756003	0.103695296
1277	118.03239691162001	0.12672418
1278	118.23850543568001	0.075420514
1279	118.44461395974	0.112251624
1280	118.6507224838	0.09964918
1281	118.85683100786	0.12230684
1282	119.06293953192004	0.09031488
1283	119.26904805598004	0.12625834
1284	119.47515658004002	0.09050049
1285	119.68126510410002	0.12720373
1286	119.88737362816002	0.13017768
1287	120.09348215222	0.1020307
1288	120.29959067628	0.12123791
1289	120.50569920033999	0.11157554
1290	120.71180772440005	0.1488953
1291	120.91791624846005	0.10674652
1292	121.12402477252003	0.07985915
1293	121.33013329658003	0.12822749
1294	121.53624182064002	0.12731452
1295	121.74235034470001	0.09799008
1296	121.94845886876	0.11823241
1297	122.15456739282	0.10859454
1298	122.36067591687998	0.07348008
1299	122.56678444094004	0.078217134
1300	122.77289296500004	0.11280903
1301	122.97900148906002	0.12204516
1302	123.18511001312002	0.10658581
1303	123.39121853718001	0.0996341
1304	123.59732706124001	0.13427195
1305	123.80343558530001	0.07721605
1306	124.00954410936	0.17244014
1307	124.21565263342005	0.13551737
1308	124.42176115748003	0.15315798
1309	124.62786968154003	0.09464337
1310	124.83397820560002	0.11106824
1311	125.04008672966002	0.113532156
1312	125.24619525372002	0.14117725
1313	125.45230377778	0.14345545
1314	125.65841230184	0.07252711
1315	125.86452082589999	0.112226486
1316	126.07062934996004	0.13312702
1317	126.27673787402004	0.15055874
1318	126.48284639808003	0.10443654
1319	126.68895492214003	0.12572995
1320	126.89506344620001	0.1052689
1321	127.10117197026001	0.071114495
1322	127.30728049432	0.12886286
1323	127.51338901838	0.07268322
1324	127.71949754244005	0.068667635
1325	127.92560606650004	0.13408032
1326	128.13171459056002	0.08740872
1327	128.33782311462002	0.091689594
1328	128.54393163868002	0.12046675
1329	128.75004016274002	0.15139809
1330	128.95614868680002	0.12480722
1331	129.16225721086	0.08534636
1332	129.36836573492	0.14517313
1333	129.57447425898005	0.15844232
1334	129.78058278304005	0.12653896
1335	129.98669130710002	0.119574964
1336	130.19279983116002	0.086277686
1337	130.39890835522002	0.13828388
1338	130.60501687928002	0.103192024
1339	130.81112540334001	0.10750233
1340	131.01723392739999	0.08948471
1341	131.22334245145998	0.12210999
1342	131.42945097552004	0.11193479
1343	131.63555949958004	0.11929012
1344	131.84166802364004	0.13881603
1345	132.0477765477	0.17029566
1346	132.25388507176	0.13582337
1347	132.45999359582	0.16133475
1348	132.66610211988	0.08745984
1349	132.87221064394	0.10648359
1350	133.07831916800004	0.12906477
1351	133.28442769206004	0.12049194
1352	133.49053621612003	0.1526484
1353	133.69664474018003	0.08044056
1354	133.90275326424	0.10958856
1355	134.1088617883	0.119416885
1356	134.31497031236	0.12119486
1357	134.52107883642	0.14322874
1358	134.72718736048	0.14477883
1359	134.93329588454003	0.17511794
1360	135.13940440860003	0.111162424
1361	135.34551293266003	0.081681795
1362	135.55162145672003	0.11188929
1363	135.75772998078003	0.091118306
1364	135.96383850484	0.09926352
1365	136.1699470289	0.124855995
1366	136.37605555296	0.123609014
1367	136.58216407702005	0.10161906
1368	136.78827260108005	0.14768215
1369	136.99438112514002	0.13389805
1370	137.20048964920002	0.10219857
1371	137.40659817326002	0.074841596
1372	137.61270669732002	0.123079136
1373	137.81881522138	0.12352711
1374	138.02492374544	0.11074539
1375	138.2310322695	0.120130256
1376	138.43714079356005	0.12533993
1377	138.64324931762005	0.12145827
1378	138.84935784168002	0.10790147
1379	139.05546636574002	0.14869888
1380	139.26157488980002	0.12221454
1381	139.46768341386002	0.100483716
1382	139.67379193792002	0.075162955
1383	139.87990046198	0.09078225
1384	140.08600898604004	0.12305129
1385	140.29211751010004	0.16673021
1386	140.49822603416004	0.14048305
1387	140.70433455822004	0.11575754
1388	140.91044308228	0.14214112
1389	141.11655160634	0.15405858
1390	141.3226601304	0.09380921
1391	141.52876865446	0.10965549
1392	141.73487717851998	0.069645844
1393	141.94098570258004	0.13791338
1394	142.14709422664004	0.11903025
1395	142.35320275070004	0.07941047
1396	142.55931127476003	0.12549648
1397	142.76541979882	0.0640111
1398	142.97152832288	0.09010647
1399	143.17763684694	0.115151726
1400	143.383745371	0.09037345
1401	143.58985389506	0.1639139
1402	143.79596241912003	0.09892662
1403	144.00207094318003	0.12073379
1404	144.20817946724003	0.11308233
1405	144.41428799130003	0.10688078
1406	144.62039651536003	0.12130944
1407	144.82650503942	0.10885852
1408	145.03261356348	0.086377524
1409	145.23872208754	0.09578761
1410	145.44483061160005	0.07366251
1411	145.65093913566005	0.10436844
1412	145.85704765972002	0.11111253
1413	146.06315618378002	0.10642232
1414	146.26926470784002	0.13530454
1415	146.47537323190002	0.13576524
1416	146.68148175596	0.086813614
1417	146.88759028002	0.104755856
1418	147.09369880408	0.12894782
1419	147.29980732814005	0.07908432
1420	147.50591585220005	0.15174171
1421	147.71202437626002	0.08691457
1422	147.91813290032002	0.10995085
1423	148.12424142438002	0.12692061
1424	148.33034994844002	0.101139694
1425	148.53645847250002	0.12557954
1426	148.74256699656	0.12693487
1427	148.94867552062004	0.11438574
1428	149.15478404468004	0.08539678
1429	149.36089256874004	0.12042696
1430	149.5670010928	0.10962524
1431	149.77310961686	0.10712046
1432	149.97921814092	0.12466471
1433	150.18532666498	0.09045532
1434	150.39143518904	0.08372348
1435	150.59754371309998	0.1466608
1436	150.80365223716004	0.068298526
1437	151.00976076122004	0.12542468
1438	151.21586928528004	0.14449975
1439	151.42197780934004	0.10340222
1440	151.6280863334	0.10129762
1441	151.83419485746	0.08272164
1442	152.04030338152	0.07118928
1443	152.24641190558	0.13302761
1444	152.45252042964006	0.1084322
1445	152.65862895370003	0.10461421
1446	152.86473747776003	0.13426682
1447	153.07084600182003	0.077005595
1448	153.27695452588003	0.101932526
1449	153.48306304994	0.10357526
1450	153.689171574	0.07426483
1451	153.89528009806	0.06812121
1452	154.10138862212	0.12946397
1453	154.30749714618005	0.081367165
1454	154.51360567024003	0.11619953
1455	154.71971419430002	0.14032589
1456	154.92582271836002	0.08127839
1457	155.13193124242002	0.09565073
1458	155.33803976648002	0.13662247
1459	155.54414829054	0.11362925
1460	155.7502568146	0.13039589
1461	155.95636533866	0.15155461
1462	156.16247386272005	0.10950145
1463	156.36858238678005	0.108477175
1464	156.57469091084002	0.08418482
1465	156.78079943490002	0.14211869
1466	156.98690795896002	0.0665591
1467	157.19301648302002	0.11288295
1468	157.39912500708	0.10643655
1469	157.60523353114	0.09783898
1470	157.81134205520004	0.07831961
1471	158.01745057926004	0.1310961
1472	158.22355910332004	0.12939928
1473	158.42966762738	0.112715416
1474	158.63577615144	0.092416525
1475	158.8418846755	0.104512565
1476	159.04799319956	0.10972745
1477	159.25410172362	0.12008066
1478	159.46021024767998	0.11805921
1479	159.66631877174004	0.106467515
1480	159.87242729580004	0.07710223
1481	160.07853581986004	0.06355519
1482	160.28464434392004	0.16414905
1483	160.49075286798	0.092582226
1484	160.69686139204	0.09008174
1485	160.9029699161	0.0716417
1486	161.10907844016	0.102825575
1487	161.31518696422006	0.104465
1488	161.52129548828003	0.101925656
1489	161.72740401234003	0.123256996
1490	161.93351253640003	0.11401662
1491	162.13962106046003	0.13613057
1492	162.34572958452	0.18024705
1493	162.55183810858	0.0963848
1494	162.75794663264	0.151957
1495	162.9640551567	0.07987532
1496	163.17016368076006	0.1294129
1497	163.37627220482003	0.09225832
1498	163.58238072888003	0.14482212
1499	163.78848925294002	0.0835324
