	velocity	Amplitude
0	-144.996043125	0.072478145
1	-144.789934719234	0.057628345
2	-144.583826313468	0.036746204
3	-144.377717907702	0.05917288
4	-144.17160950193602	0.042991705
5	-143.96550109617	0.060299184
6	-143.75939269040398	0.048922434
7	-143.553284284638	0.03667261
8	-143.34717587887198	0.022756325
9	-143.141067473106	0.0059556747
10	-142.93495906734	0.031280085
11	-142.728850661574	0.03701757
12	-142.522742255808	0.021720743
13	-142.31663385004202	0.04056956
14	-142.110525444276	0.023522874
15	-141.90441703851	0.039753806
16	-141.69830863274402	0.026145892
17	-141.49220022697799	0.011672674
18	-141.286091821212	0.028891033
19	-141.07998341544598	0.027519038
20	-140.87387500968	0.002237996
21	-140.667766603914	0.041611172
22	-140.46165819814797	0.067494676
23	-140.255549792382	0.047094304
24	-140.049441386616	0.04325031
25	-139.84333298085	0.013642377
26	-139.637224575084	0.050782617
27	-139.43111616931802	0.034137
28	-139.225007763552	0.043398302
29	-139.01889935778598	0.0071520256
30	-138.81279095202	0.03984276
31	-138.60668254625398	0.059908085
32	-138.400574140488	0.048152395
33	-138.194465734722	0.070731
34	-137.988357328956	0.036698315
35	-137.78224892319	0.031828698
36	-137.576140517424	0.044392385
37	-137.370032111658	0.017374158
38	-137.163923705892	0.009685998
39	-136.95781530012601	0.030313991
40	-136.75170689435998	0.024538472
41	-136.545598488594	0.013554751
42	-136.339490082828	0.03170149
43	-136.13338167706198	0.043817308
44	-135.927273271296	0.04331624
45	-135.72116486553	0.020885082
46	-135.515056459764	0.06487875
47	-135.308948053998	0.0422723
48	-135.10283964823202	0.032958705
49	-134.896731242466	0.065455526
50	-134.6906228367	0.050541848
51	-134.48451443093398	0.043624356
52	-134.27840602516798	0.060706913
53	-134.072297619402	0.06798052
54	-133.86618921363598	0.049234677
55	-133.66008080787	0.036669556
56	-133.453972402104	0.039346904
57	-133.24786399633797	0.0259897
58	-133.041755590572	0.056443695
59	-132.835647184806	0.028780462
60	-132.62953877904	0.04316646
61	-132.423430373274	0.05806985
62	-132.217321967508	0.05481255
63	-132.01121356174198	0.028365172
64	-131.805105155976	0.027724337
65	-131.59899675021	0.068903215
66	-131.39288834444397	0.027461635
67	-131.186779938678	0.03643237
68	-130.980671532912	0.034626022
69	-130.774563127146	0.02593198
70	-130.56845472138	0.0626799
71	-130.362346315614	0.01624119
72	-130.156237909848	0.061038636
73	-129.95012950408199	0.02748013
74	-129.74402109831598	0.024537927
75	-129.53791269255	0.021608913
76	-129.331804286784	0.05593305
77	-129.125695881018	0.0500768
78	-128.919587475252	0.010288551
79	-128.713479069486	0.020684252
80	-128.50737066372	0.027255585
81	-128.301262257954	-0.0032976586
82	-128.095153852188	0.07568486
83	-127.88904544642199	0.054127783
84	-127.68293704065599	0.03922455
85	-127.47682863489	0.027784197
86	-127.270720229124	0.017440956
87	-127.06461182335799	0.039968055
88	-126.858503417592	0.037149344
89	-126.652395011826	0.029911492
90	-126.44628660605999	0.05559165
91	-126.240178200294	0.049008913
92	-126.034069794528	0.025270233
93	-125.82796138876199	0.008768313
94	-125.621852982996	0.04786863
95	-125.41574457723	0.024537684
96	-125.209636171464	0.03535486
97	-125.00352776569801	0.013785709
98	-124.797419359932	0.037071332
99	-124.59131095416599	0.03648649
100	-124.3852025484	0.04260222
101	-124.179094142634	0.03599174
102	-123.972985736868	0.030792262
103	-123.76687733110201	0.044654414
104	-123.560768925336	0.048828524
105	-123.35466051956999	0.042108666
106	-123.14855211380399	0.013036539
107	-122.942443708038	0.01851555
108	-122.736335302272	0.025017127
109	-122.530226896506	0.046882436
110	-122.32411849073999	0.04030706
111	-122.118010084974	0.07046108
112	-121.91190167920799	0.031339187
113	-121.70579327344198	0.019772217
114	-121.499684867676	0.044204235
115	-121.29357646190999	0.03262373
116	-121.08746805614399	0.04715146
117	-120.881359650378	0.018182285
118	-120.675251244612	0.06806044
119	-120.469142838846	-0.004447983
120	-120.26303443308	0.051339112
121	-120.05692602731399	0.0448941
122	-119.85081762154799	0.04479892
123	-119.644709215782	0.042845067
124	-119.438600810016	0.03965924
125	-119.23249240425	0.037284307
126	-119.02638399848401	0.02859902
127	-118.82027559271799	0.039680615
128	-118.61416718695199	0.0029418208
129	-118.408058781186	0.010842346
130	-118.20195037542	0.040193025
131	-117.995841969654	0.02237061
132	-117.789733563888	0.035958603
133	-117.583625158122	0.047964472
134	-117.37751675235599	0.02860711
135	-117.17140834659	0.029040314
136	-116.965299940824	0.042079046
137	-116.759191535058	0.0439425
138	-116.553083129292	0.021314796
139	-116.346974723526	0.028681716
140	-116.14086631776	0.034677878
141	-115.934757911994	0.05526947
142	-115.728649506228	0.03058556
143	-115.52254110046199	0.01519644
144	-115.31643269469599	0.02971425
145	-115.11032428892999	0.028637262
146	-114.904215883164	0.02953022
147	-114.698107477398	0.040794764
148	-114.491999071632	0.031070739
149	-114.28589066586599	0.028517153
150	-114.07978226009999	0.03582129
151	-113.87367385433399	0.04213448
152	-113.667565448568	0.0753075
153	-113.461457042802	0.05647946
154	-113.255348637036	0.029452762
155	-113.04924023127	0.025365107
156	-112.84313182550399	0.04430891
157	-112.63702341973799	0.03332971
158	-112.430915013972	0.041309156
159	-112.224806608206	0.020809885
160	-112.01869820243999	0.044901386
161	-111.812589796674	0.05972404
162	-111.606481390908	0.0517118
163	-111.400372985142	0.011176751
164	-111.194264579376	0.066987276
165	-110.98815617361	0.035736
166	-110.78204776784399	0.030468151
167	-110.575939362078	0.022411115
168	-110.369830956312	0.004983036
169	-110.163722550546	0.033906635
170	-109.95761414478001	0.035520494
171	-109.751505739014	0.025509393
172	-109.54539733324799	0.024125686
173	-109.339288927482	0.016716255
174	-109.13318052171599	0.04991637
175	-108.92707211595	0.019017456
176	-108.72096371018401	0.0197639
177	-108.51485530441799	0.034673285
178	-108.30874689865199	0.06600565
179	-108.102638492886	0.0424342
180	-107.89653008711998	0.029592678
181	-107.690421681354	0.012273097
182	-107.484313275588	0.058803253
183	-107.27820486982199	0.058810323
184	-107.072096464056	0.0007340098
185	-106.86598805829	0.02372576
186	-106.65987965252398	0.032751456
187	-106.453771246758	0.02614528
188	-106.24766284099199	0.05129513
189	-106.04155443522599	0.041528907
190	-105.83544602946	0.04321713
191	-105.629337623694	0.042424537
192	-105.423229217928	0.03741944
193	-105.217120812162	0.055721164
194	-105.01101240639599	0.030406032
195	-104.80490400062999	0.033738226
196	-104.598795594864	0.01765111
197	-104.392687189098	-0.019377526
198	-104.186578783332	0.043803114
199	-103.98047037756601	0.018168913
200	-103.77436197179999	0.025848947
201	-103.56825356603399	0.036166355
202	-103.362145160268	0.03390205
203	-103.156036754502	0.011254135
204	-102.949928348736	0.04120381
205	-102.74381994297	0.031830244
206	-102.537711537204	0.030274821
207	-102.331603131438	0.022399046
208	-102.125494725672	0.0057241656
209	-101.91938631990598	0.04273944
210	-101.71327791414	0.04504277
211	-101.507169508374	0.025728138
212	-101.30106110260799	0.038595755
213	-101.094952696842	0.047487643
214	-100.88884429107601	0.07938298
215	-100.68273588530998	0.011746344
216	-100.47662747954399	0.01538537
217	-100.27051907377799	0.015124903
218	-100.06441066801199	0.04604528
219	-99.858302262246	0.020188157
220	-99.65219385648	0.047160808
221	-99.446085450714	0.05888792
222	-99.23997704494799	0.031355746
223	-99.03386863918199	0.025814809
224	-98.82776023341599	0.0108791385
225	-98.62165182765	0.03394501
226	-98.415543421884	0.010625977
227	-98.209435016118	0.04569112
228	-98.003326610352	0.08042296
229	-97.797218204586	0.0326766
230	-97.59110979881999	0.06295005
231	-97.385001393054	0.042561106
232	-97.178892987288	0.040653087
233	-96.97278458152199	0.04290907
234	-96.766676175756	0.03722977
235	-96.56056776999	0.05241034
236	-96.354459364224	0.02359845
237	-96.148350958458	0.04931733
238	-95.942242552692	-0.0006440189
239	-95.73613414692599	0.05320646
240	-95.53002574116	0.043642886
241	-95.323917335394	0.027196234
242	-95.117808929628	0.05052823
243	-94.91170052386201	0.009028509
244	-94.70559211809598	0.027226672
245	-94.49948371232999	0.022630855
246	-94.293375306564	0.05717494
247	-94.08726690079799	0.033414878
248	-93.881158495032	0.05064761
249	-93.67505008926601	0.043731615
250	-93.46894168349999	0.023759358
251	-93.262833277734	0.046829827
252	-93.05672487196799	0.013806153
253	-92.85061646620198	0.04996426
254	-92.644508060436	0.046680093
255	-92.43839965467	0.025549425
256	-92.23229124890399	0.03366967
257	-92.026182843138	0.06502783
258	-91.820074437372	0.032836273
259	-91.61396603160598	0.034016106
260	-91.40785762584	-0.0008373056
261	-91.20174922007399	0.04203786
262	-90.99564081430799	0.022225289
263	-90.789532408542	0.042652767
264	-90.583424002776	0.018061541
265	-90.37731559701	0.020302061
266	-90.171207191244	0.03743825
267	-89.96509878547799	0.045280017
268	-89.75899037971199	0.049271654
269	-89.552881973946	0.020288305
270	-89.34677356818	0.026349487
271	-89.140665162414	0.00930919
272	-88.934556756648	0.038089465
273	-88.728448350882	0.033883046
274	-88.52233994511599	0.026711019
275	-88.31623153935	0.034925744
276	-88.110123133584	0.026078396
277	-87.904014727818	0.056143813
278	-87.697906322052	0.03180775
279	-87.49179791628599	0.041351035
280	-87.28568951052	0.033047672
281	-87.079581104754	7.44611e-05
282	-86.87347269898798	0.050301686
283	-86.667364293222	0.050462022
284	-86.461255887456	0.057753753
285	-86.25514748168999	0.029071717
286	-86.049039075924	0.040229857
287	-85.842930670158	0.011445519
288	-85.63682226439198	0.063456625
289	-85.43071385862599	0.05262315
290	-85.22460545285999	0.036942936
291	-85.01849704709399	0.028207378
292	-84.812388641328	0.019568857
293	-84.606280235562	0.018287404
294	-84.400171829796	0.04817929
295	-84.19406342403	0.023486014
296	-83.98795501826399	0.054285966
297	-83.78184661249799	0.04740878
298	-83.575738206732	0.05507948
299	-83.369629800966	0.04198994
300	-83.1635213952	0.05206797
301	-82.957412989434	0.02235066
302	-82.751304583668	0.028876288
303	-82.54519617790199	0.045331948
304	-82.339087772136	0.04722067
305	-82.13297936637	0.059376292
306	-81.92687096060399	0.037878394
307	-81.720762554838	0.06784211
308	-81.514654149072	0.036938652
309	-81.308545743306	0.021846632
310	-81.10243733754	0.01288992
311	-80.896328931774	0.054647684
312	-80.69022052600799	0.060019888
313	-80.484112120242	0.039958987
314	-80.27800371447599	0.030628555
315	-80.07189530871	0.055622514
316	-79.86578690294401	0.02944639
317	-79.65967849717798	0.030646753
318	-79.45357009141199	0.032912306
319	-79.24746168564599	0.049950235
320	-79.04135327988	0.002159195
321	-78.835244874114	0.046924736
322	-78.629136468348	0.024275133
323	-78.423028062582	0.04988088
324	-78.216919656816	0.03389067
325	-78.01081125104999	0.045110807
326	-77.804702845284	0.024351401
327	-77.598594439518	0.00808292
328	-77.392486033752	0.07077144
329	-77.18637762798599	0.044885382
330	-76.98026922222	0.008949913
331	-76.774160816454	0.034178145
332	-76.56805241068798	0.035103627
333	-76.361944004922	0.03814386
334	-76.15583559915599	0.041727178
335	-75.94972719338999	0.02995328
336	-75.743618787624	0.028057726
337	-75.537510381858	0.02906025
338	-75.331401976092	0.026036654
339	-75.12529357032601	0.04835237
340	-74.91918516455999	0.029079251
341	-74.71307675879399	0.026511824
342	-74.506968353028	0.04872717
343	-74.300859947262	0.063793406
344	-74.094751541496	0.05164256
345	-73.88864313572999	0.036087144
346	-73.682534729964	0.024947835
347	-73.47642632419799	0.020007227
348	-73.27031791843199	0.014233991
349	-73.064209512666	0.09176396
350	-72.8581011069	0.031711463
351	-72.65199270113399	0.012472305
352	-72.445884295368	0.008154137
353	-72.239775889602	0.024503686
354	-72.03366748383598	0.019830579
355	-71.82755907807	0.02611773
356	-71.621450672304	0.033994347
357	-71.41534226653799	0.04033288
358	-71.209233860772	0.034539174
359	-71.003125455006	-0.0067102895
360	-70.79701704924	0.021678695
361	-70.59090864347401	-0.012094532
362	-70.38480023770799	0.048318285
363	-70.17869183194199	0.052256346
364	-69.97258342617599	0.022330651
365	-69.76647502041	0.042820506
366	-69.560366614644	0.029983323
367	-69.354258208878	0.024806537
368	-69.148149803112	0.039138716
369	-68.94204139734599	0.038312398
370	-68.73593299157999	0.03191625
371	-68.529824585814	0.04422232
372	-68.323716180048	0.04486224
373	-68.11760777428199	0.043579675
374	-67.911499368516	0.046966627
375	-67.70539096275	0.034701686
376	-67.49928255698399	0.048631985
377	-67.293174151218	0.058077052
378	-67.087065745452	0.056010447
379	-66.88095733968599	0.061760098
380	-66.67484893391999	0.043074243
381	-66.468740528154	0.05551103
382	-66.262632122388	0.028391253
383	-66.05652371662198	0.059453003
384	-65.850415310856	0.03496205
385	-65.64430690508999	0.028260373
386	-65.43819849932399	0.04824193
387	-65.232090093558	0.03385667
388	-65.025981687792	0.04360076
389	-64.819873282026	0.007937016
390	-64.61376487626	0.0071601947
391	-64.40765647049399	0.032679997
392	-64.20154806472799	0.042207852
393	-63.995439658962	0.039377943
394	-63.789331253195996	0.035240736
395	-63.583222847429994	0.038955152
396	-63.377114441664	0.044990554
397	-63.171006035897996	0.024677824
398	-62.96489763013199	0.0255749
399	-62.75878922436599	0.040568743
400	-62.552680818599995	0.033231717
401	-62.34657241283399	0.032680225
402	-62.14046400706799	0.033313613
403	-61.934355601302	0.0074930824
404	-61.72824719553599	0.036676925
405	-61.52213878976999	0.033184506
406	-61.316030384004	0.04054007
407	-61.10992197823799	0.037228324
408	-60.90381357247199	0.07745032
409	-60.697705166706	0.027733592
410	-60.49159676094	0.0053532487
411	-60.28548835517399	0.020482035
412	-60.079379949408	0.051108852
413	-59.873271543642	0.0043325275
414	-59.667163137875995	0.033149183
415	-59.461054732109986	0.045010418
416	-59.254946326344	0.034916844
417	-59.048837920577995	0.06316268
418	-58.842729514811985	-0.0039539696
419	-58.636621109046	0.010979092
420	-58.430512703279994	0.04201905
421	-58.22440429751399	0.009686306
422	-58.018295891748	0.025348816
423	-57.812187485981994	0.0036238115
424	-57.60607908021599	0.053468477
425	-57.39997067445	0.05224525
426	-57.19386226868399	0.06327674
427	-56.98775386291799	0.06348081
428	-56.781645457152	0.03993816
429	-56.57553705138599	0.01463633
430	-56.36942864561999	0.032581083
431	-56.163320239854	0.028140794
432	-55.957211834088	0.02503344
433	-55.75110342832199	0.016646314
434	-55.54499502255599	0.03468514
435	-55.33888661679	0.037318967
436	-55.132778211024	0.011924531
437	-54.92666980525799	0.04252042
438	-54.720561399492	0.028442007
439	-54.514452993725996	0.0017230986
440	-54.308344587959986	0.069813006
441	-54.102236182194	0.058217924
442	-53.896127776427996	0.04475312
443	-53.69001937066199	0.058315396
444	-53.483910964896	0.034888256
445	-53.277802559129995	0.030728139
446	-53.07169415336399	0.03497442
447	-52.865585747598004	0.028398203
448	-52.659477341831995	0.017824419
449	-52.45336893606599	0.017755292
450	-52.247260530300004	0.012696542
451	-52.041152124533994	0.04161092
452	-51.83504371876799	0.07148179
453	-51.62893531300199	0.009291224
454	-51.422826907236	-0.00085113576
455	-51.21671850146999	0.023235435
456	-51.01061009570399	0.04592447
457	-50.804501689938	0.0025899
458	-50.598393284172	0.043052077
459	-50.39228487840599	0.028607259
460	-50.18617647264	0.04932607
461	-49.980068066874	0.006036602
462	-49.77395966110799	0.029126648
463	-49.567851255342	0.021422554
464	-49.361742849576	0.03608762
465	-49.155634443809994	0.033153124
466	-48.949526038044	0.030351747
467	-48.743417632277996	0.07609071
468	-48.537309226511994	0.047121
469	-48.33120082074599	0.05921922
470	-48.125092414979996	0.003589699
471	-47.91898400921399	0.007967649
472	-47.71287560344799	0.04521866
473	-47.506767197681995	0.038089275
474	-47.30065879191599	0.058093034
475	-47.09455038614999	0.04466961
476	-46.888441980384	0.046970528
477	-46.68233357461799	0.039785825
478	-46.47622516885199	0.027222218
479	-46.270116763086	0.046346873
480	-46.06400835732	0.033547077
481	-45.85789995155399	0.010197908
482	-45.651791545788	0.004961036
483	-45.445683140022	0.010539591
484	-45.23957473425599	0.06678625
485	-45.03346632849	0.05180724
486	-44.827357922724	0.03426847
487	-44.621249516957995	0.023011273
488	-44.415141111191986	0.04216294
489	-44.209032705426	0.014140135
490	-44.002924299659995	0.060530044
491	-43.79681589389399	0.062332667
492	-43.590707488128	0.064262845
493	-43.384599082361994	0.02387056
494	-43.17849067659599	0.066357575
495	-42.972382270829996	0.013244761
496	-42.766273865063994	0.04213253
497	-42.56016545929799	0.035270408
498	-42.354057053532	0.039011158
499	-42.14794864776599	0.042408608
500	-41.94184024199999	0.06307194
501	-41.735731836234	0.012170052
502	-41.529623430468	0.02979032
503	-41.32351502470199	0.0168912
504	-41.11740661893599	0.013617171
505	-40.91129821317	0.0215098
506	-40.70518980740399	0.03903003
507	-40.49908140163799	0.022830851
508	-40.292972995872	0.029096337
509	-40.086864590105996	0.04295072
510	-39.88075618433999	0.03525148
511	-39.674647778574	0.023636214
512	-39.468539372807996	0.015241906
513	-39.26243096704199	0.026645327
514	-39.056322561276	0.027133608
515	-38.850214155509995	0.019593293
516	-38.64410574974399	0.04012858
517	-38.437997343978	0.0076212063
518	-38.231888938211995	0.017974006
519	-38.02578053244599	0.035886865
520	-37.819672126680004	0.02466369
521	-37.613563720913994	0.042706367
522	-37.40745531514799	0.014636876
523	-37.20134690938199	0.02553251
524	-36.995238503616	0.055192493
525	-36.78913009784999	0.022267845
526	-36.58302169208399	0.06300087
527	-36.376913286318	0.022277419
528	-36.17080488055199	0.043848593
529	-35.96469647478599	0.008292424
530	-35.75858806902	0.0090643745
531	-35.552479663254	0.09210404
532	-35.34637125748799	0.00020729376
533	-35.140262851722	0.02404078
534	-34.934154445956	0.053855184
535	-34.728046040189994	0.027654268
536	-34.521937634424	0.052214973
537	-34.315829228658	0.03093548
538	-34.109720822891994	0.0299612
539	-33.903612417125984	0.032650404
540	-33.697504011359996	0.028901454
541	-33.49139560559399	0.0443731
542	-33.28528719982799	0.022615641
543	-33.079178794061995	0.052370805
544	-32.87307038829599	0.029108567
545	-32.66696198252999	0.023896974
546	-32.460853576764	0.03515396
547	-32.25474517099799	0.06490292
548	-32.04863676523199	0.024553135
549	-31.842528359465998	0.027505206
550	-31.636419953699995	0.05265251
551	-31.43031154793399	0.046188947
552	-31.224203142168	0.01685932
553	-31.018094736401995	0.028316576
554	-30.811986330635992	0.01807889
555	-30.60587792487	0.033988334
556	-30.399769519103998	0.038484417
557	-30.193661113337992	0.04430114
558	-29.987552707571986	0.055777904
559	-29.781444301805998	0.06839977
560	-29.57533589603999	0.030423684
561	-29.36922749027399	0.040887587
562	-29.163119084507997	0.0047507985
563	-28.957010678741995	0.030236105
564	-28.75090227297599	0.01241412
565	-28.54479386721	0.007346839
566	-28.338685461443994	0.010027505
567	-28.13257705567799	0.028316734
568	-27.926468649912	0.024809891
569	-27.720360244145994	0.03056015
570	-27.51425183837999	0.041093823
571	-27.308143432614	0.032630205
572	-27.102035026847997	0.024017256
573	-26.89592662108199	0.04258291
574	-26.689818215315988	0.03609211
575	-26.483709809549996	0.030336374
576	-26.277601403783994	0.012149902
577	-26.071492998017987	0.016759053
578	-25.865384592252	0.04203484
579	-25.659276186485993	0.015661351
580	-25.453167780719987	0.04463235
581	-25.247059374954	0.04800131
582	-25.040950969187993	0.042529136
583	-24.83484256342199	0.02540595
584	-24.628734157655998	-0.00057566725
585	-24.422625751889996	0.049074247
586	-24.21651734612399	0.018873308
587	-24.010408940358	0.053126283
588	-23.804300534591995	0.048846796
589	-23.598192128825993	0.063225016
590	-23.39208372306	0.027772719
591	-23.185975317293995	0.03695736
592	-22.979866911527992	0.040825646
593	-22.773758505761986	0.070175804
594	-22.567650099995998	0.051105775
595	-22.36154169422999	0.012119558
596	-22.15543328846399	0.052728623
597	-21.949324882697997	0.031482928
598	-21.743216476931995	0.054190185
599	-21.53710807116599	0.03481123
600	-21.3309996654	-0.015036063
601	-21.124891259633994	0.024061687
602	-20.918782853867988	0.036601096
603	-20.712674448102	0.040843844
604	-20.506566042335994	-0.0037876163
605	-20.30045763656999	0.0065186843
606	-20.094349230804	0.043478165
607	-19.888240825037997	-0.014836736
608	-19.68213241927199	0.021702591
609	-19.476024013506002	0.031975262
610	-19.269915607739996	-0.0010004744
611	-19.063807201973994	0.000797987
612	-18.857698796207988	0.023537137
613	-18.651590390441996	-0.012944944
614	-18.445481984675993	0.0041713826
615	-18.239373578909987	0.0074564293
616	-18.033265173144	0.070725515
617	-17.827156767377993	0.054048903
618	-17.62104836161199	0.024792861
619	-17.414939955846	0.037180625
620	-17.208831550079996	0.029188197
621	-17.00272314431399	0.03198222
622	-16.796614738548	0.0932987
623	-16.590506332781995	0.021550544
624	-16.38439792701599	0.031427365
625	-16.17828952125	0.014220547
626	-15.972181115483997	0.03667116
627	-15.766072709717992	0.011679187
628	-15.559964303951986	0.036236677
629	-15.353855898185996	0.053991776
630	-15.147747492419992	0.014630314
631	-14.941639086653987	0.060424607
632	-14.735530680887997	0.012195272
633	-14.529422275121993	0.028731802
634	-14.323313869355989	0.034969985
635	-14.117205463589999	0.040029343
636	-13.911097057823994	0.033791818
637	-13.704988652058004	0.015332829
638	-13.498880246291986	0.082050055
639	-13.292771840525996	0.05691532
640	-13.086663434760005	0.03529196
641	-12.880555028993985	0.04684814
642	-12.674446623227995	0.07133977
643	-12.468338217462005	0.03239797
644	-12.262229811695986	0.03480905
645	-12.056121405929996	0.029369023
646	-11.850013000164006	0.052708488
647	-11.643904594397988	0.065095186
648	-11.437796188631998	-0.0080739185
649	-11.231687782866008	0.03785488
650	-11.025579377099987	0.022374377
651	-10.819470971333997	0.028010517
652	-10.613362565568009	0.034298263
653	-10.407254159801989	0.0083365515
654	-10.201145754035998	0.0048063323
655	-9.99503734826998	0.014218789
656	-9.78892894250399	-0.021765225
657	-9.582820536738	-0.0013464168
658	-9.376712130971981	0.0033861808
659	-9.170603725205991	-0.0039293244
660	-8.964495319440001	-0.0132339485
661	-8.75838691367398	-0.017309748
662	-8.55227850790799	-0.013893463
663	-8.346170102142	0.046706412
664	-8.140061696375982	0.014277633
665	-7.933953290609992	0.0055576935
666	-7.727844884844002	-0.021304015
667	-7.521736479077983	0.030331962
668	-7.315628073311993	0.03909257
669	-7.109519667546003	0.037315954
670	-6.903411261779984	-0.01243531
671	-6.6973028560139936	0.039210096
672	-6.4911944502480035	0.030948464
673	-6.285086044481985	0.013335738
674	-6.078977638715995	0.002817504
675	-5.872869232950005	0.007856887
676	-5.666760827183985	-0.0003667511
677	-5.460652421417995	0.015939683
678	-5.254544015652005	0.08057164
679	-5.048435609885987	0.012069767
680	-4.8423272041199965	-0.004269312
681	-4.636218798354006	0.01790377
682	-4.430110392587987	-0.009068314
683	-4.224001986821997	0.048931144
684	-4.017893581056007	0.0037405135
685	-3.811785175289988	0.00078588165
686	-3.6056767695239977	0.03779331
687	-3.3995683637580076	-0.021827785
688	-3.1934599579919887	0.011320533
689	-2.9873515522259986	-0.016641445
690	-2.7812431464599796	0.02318542
691	-2.5751347406939895	0.020036563
692	-2.3690263349279994	-0.0019086228
693	-2.1629179291619804	0.0006046295
694	-1.9568095233959903	0.04737565
695	-1.7507011176300002	-0.023280367
696	-1.544592711863981	-0.0048578056
697	-1.338484306097991	0.005173357
698	-1.132375900332001	0.0060044415
699	-0.9262674945659819	0.006624803
700	-0.7201590887999919	-0.0083817765
701	-0.5140506830340018	0.020238943
702	-0.30794227726798273	-0.013548055
703	-0.10183387150199269	-0.017184086
704	0.10427453426399734	-0.0015448891
705	0.3103829400300165	-0.009243516
706	0.5164913457960065	-0.017216533
707	0.7225997515619965	0.0049805436
708	0.9287081573280157	-0.005078174
709	1.1348165630940057	-0.005821623
710	1.3409249688599958	-0.023363862
711	1.5470333746260148	0.023560934
712	1.7531417803920049	0.014889795
713	1.959250186157995	-0.015569003
714	2.165358591924014	0.0075533083
715	2.3714669976900042	0.013426005
716	2.577575403455994	-0.0050125197
717	2.7836838092220133	0.0071649663
718	2.9897922149880034	0.05408018
719	3.195900620753993	-0.028241247
720	3.4020090265200125	0.009780238
721	3.6081174322860026	0.003206201
722	3.8142258380519927	0.029179199
723	4.020334243818011	-0.0005756542
724	4.226442649584001	0.026289195
725	4.432551055350021	0.02899845
726	4.638659461116011	0.020675085
727	4.844767866882001	0.064575054
728	5.05087627264802	0.03561805
729	5.25698467841401	0.0020303666
730	5.46309308418	0.01170383
731	5.669201489946019	0.013400707
732	5.875309895712009	0.037578333
733	6.081418301477999	0.009414911
734	6.287526707244019	0.028141385
735	6.493635113010009	0.036801912
736	6.699743518775998	0.032852374
737	6.905851924542017	0.030193083
738	7.1119603303080074	0.05714634
739	7.3180687360739975	0.07865718
740	7.524177141840017	0.06321187
741	7.730285547606007	0.06341598
742	7.936393953371997	0.071006976
743	8.142502359138016	0.0047469214
744	8.348610764904006	0.04488444
745	8.554719170669996	0.0637428
746	8.760827576436014	0.028094752
747	8.966935982202004	0.067241564
748	9.173044387967995	0.10070118
749	9.379152793734015	0.040453807
750	9.585261199500005	0.06739851
751	9.791369605265995	0.051216017
752	9.997478011032014	0.06399013
753	10.203586416798004	0.05863455
754	10.409694822563994	0.018417217
755	10.615803228330012	0.026072705
756	10.821911634096002	0.03511192
757	11.028020039861993	0.045430586
758	11.234128445628011	0.016011816
759	11.440236851394001	-0.0059352648
760	11.646345257160021	0.05853471
761	11.852453662926012	0.026923
762	12.058562068692002	0.06912798
763	12.26467047445802	-0.002152917
764	12.47077888022401	0.014021896
765	12.67688728599	0.013262165
766	12.882995691756019	0.031650096
767	13.089104097522009	0.027038801
768	13.295212503287999	-0.008006577
769	13.50132090905402	0.05148045
770	13.707429314820008	0.03552885
771	13.913537720585998	0.016185196
772	14.119646126352018	0.011896477
773	14.325754532118008	0.008634746
774	14.531862937883998	-0.008800803
775	14.737971343650017	0.032827303
776	14.944079749416007	0.028502129
777	15.150188155181997	0.031462617
778	15.356296560948016	0.009146177
779	15.562404966714006	0.0640309
780	15.768513372479996	0.0018017022
781	15.974621778246016	0.028495766
782	16.180730184012006	0.010461485
783	16.386838589777994	0.023190184
784	16.592946995544015	0.018460458
785	16.799055401310003	0.045359112
786	17.005163807075995	0.029090116
787	17.211272212842015	0.009648889
788	17.417380618608004	0.03849494
789	17.623489024373995	0.059850454
790	17.829597430140012	0.023935111
791	18.035705835906004	0.03306983
792	18.241814241671992	0.016133353
793	18.447922647438013	0.005552251
794	18.654031053204	0.039404474
795	18.86013945897002	0.010941083
796	19.06624786473601	0.033266723
797	19.272356270502	0.022962902
798	19.478464676268022	0.0025032442
799	19.68457308203401	0.03845232
800	19.890681487800002	-0.005636912
801	20.09678989356602	0.019290678
802	20.30289829933201	0.034356147
803	20.509006705098	0.020720005
804	20.71511511086402	0.032904502
805	20.921223516630008	0.048711695
806	21.127331922396	0.0028735287
807	21.33344032816202	0.032844406
808	21.539548733928008	0.015912013
809	21.745657139693996	0.024015024
810	21.951765545460017	-0.0030424371
811	22.15787395122601	0.005856075
812	22.363982356991997	0.0025388952
813	22.570090762758017	0.0396265
814	22.776199168524006	0.03482381
815	22.982307574289997	0.05241294
816	23.188415980056014	0.030196229
817	23.394524385822006	0.022621261
818	23.600632791587994	0.016223982
819	23.806741197354015	0.054010436
820	24.012849603120006	0.043393277
821	24.218958008885995	0.030607592
822	24.425066414652015	0.019174693
823	24.631174820418003	0.04410222
824	24.837283226183995	0.021138221
825	25.043391631950012	0.021401761
826	25.249500037716004	0.03901124
827	25.455608443481992	0.036431625
828	25.661716849248013	0.044599093
829	25.867825255014	0.03867939
830	26.07393366078002	0.043587837
831	26.280042066546013	0.0057710395
832	26.486150472312	0.059629712
833	26.69225887807802	-0.009957019
834	26.89836728384401	0.0027102362
835	27.104475689610002	0.037238415
836	27.31058409537602	0.028005356
837	27.51669250114201	-9.405578e-05
838	27.722800906908	0.05274885
839	27.92890931267402	0.03900596
840	28.135017718440007	0.037062693
841	28.341126124206	0.04971263
842	28.54723452997202	0.043634325
843	28.753342935738008	0.027509317
844	28.959451341504	0.049872328
845	29.165559747270017	0.051079825
846	29.37166815303601	0.039923605
847	29.577776558801997	0.03789606
848	29.783884964568017	0.08196568
849	29.989993370334005	0.06062357
850	30.196101776099997	0.0018211235
851	30.402210181866018	0.012974405
852	30.608318587632006	0.030756455
853	30.814426993397994	0.0047980724
854	31.020535399164014	0.026826642
855	31.226643804930006	0.03774611
856	31.432752210695995	0.030642442
857	31.638860616462015	0.02152252
858	31.844969022228003	0.049823612
859	32.051077427993995	0.020318255
860	32.25718583376001	0.04122731
861	32.463294239526	0.047387533
862	32.669402645291996	0.022577252
863	32.87551105105801	0.02740481
864	33.081619456824	0.025636805
865	33.28772786258999	0.06284478
866	33.49383626835601	0.031739
867	33.699944674122	0.035364933
868	33.90605307988802	0.04330103
869	34.11216148565401	0.030252077
870	34.31826989142	0.01299065
871	34.52437829718602	0.005205836
872	34.73048670295201	0.052472435
873	34.936595108718	0.027404873
874	35.14270351448402	0.05744251
875	35.34881192025001	0.023079596
876	35.554920326016	0.029574709
877	35.76102873178202	0.040131554
878	35.96713713754801	0.017175477
879	36.173245543313996	0.06911614
880	36.37935394908002	0.02965773
881	36.58546235484601	0.009759141
882	36.791570760612	0.024668593
883	36.99767916637801	0.04838267
884	37.20378757214401	0.049931653
885	37.40989597791	0.057842124
886	37.616004383676014	0.013813734
887	37.82211278944201	0.046490997
888	38.028221195208	0.044099856
889	38.234329600974014	0.070390105
890	38.44043800674	0.02043379
891	38.646546412506	0.029863833
892	38.852654818272015	0.0471256
893	39.058763224038	0.04818875
894	39.26487162980399	0.09101972
895	39.470980035570015	0.05020684
896	39.677088441336004	0.033019483
897	39.88319684710199	0.051434577
898	40.089305252868016	0.07026719
899	40.295413658634004	0.029889388
900	40.50152206439999	0.032636635
901	40.70763047016601	0.029062446
902	40.913738875932005	0.02512047
903	41.11984728169802	0.05479916
904	41.32595568746401	0.04046042
905	41.53206409323	0.039445784
906	41.73817249899602	0.045840934
907	41.94428090476201	0.026809296
908	42.150389310528	0.02224372
909	42.35649771629402	0.023371536
910	42.56260612206001	0.017235277
911	42.768714527826	0.028993743
912	42.974822933592016	0.034541897
913	43.18093133935801	0.04166775
914	43.387039745124	0.032773495
915	43.593148150890016	0.06700501
916	43.799256556656005	0.038278673
917	44.005364962422	0.05714511
918	44.21147336818802	0.036666464
919	44.417581773954005	0.044791102
920	44.62369017972	0.061095484
921	44.82979858548602	0.08026172
922	45.035906991252006	0.01338669
923	45.242015397017994	0.0147687625
924	45.44812380278402	0.052229423
925	45.654232208550006	0.046819195
926	45.860340614315994	0.015162704
927	46.06644902008201	0.048425555
928	46.27255742584801	0.05757303
929	46.478665831613995	0.03392764
930	46.68477423738001	0.031780157
931	46.89088264314601	0.06091035
932	47.096991048911995	0.021084901
933	47.30309945467801	0.024969254
934	47.509207860444	0.038557373
935	47.715316266209996	0.04423037
936	47.92142467197601	0.044615246
937	48.127533077742	0.064925134
938	48.333641483508025	0.021480158
939	48.53974988927401	0.035218783
940	48.74585829504	0.0054750293
941	48.95196670080602	0.046222575
942	49.158075106572014	0.020371748
943	49.364183512338	0.018743865
944	49.57029191810402	0.042103052
945	49.77640032387001	0.026245946
946	49.982508729636	0.038146555
947	50.18861713540202	0.026946776
948	50.39472554116801	0.04231447
949	50.600833946933996	0.0043984093
950	50.80694235270002	0.045895576
951	51.01305075846601	0.022116447
952	51.219159164231996	0.06169115
953	51.42526756999802	0.012633028
954	51.63137597576401	0.04334773
955	51.83748438153	0.024356605
956	52.043592787296014	0.05438777
957	52.24970119306201	0.057224758
958	52.455809598828	0.0352125
959	52.661918004594014	0.028854167
960	52.86802641036	0.00686172
961	53.074134816126	0.04184951
962	53.280243221892015	0.033851147
963	53.486351627658	0.009820655
964	53.692460033424	0.015016108
965	53.898568439190015	0.05762731
966	54.104676844956	0.04189819
967	54.31078525072199	0.035492633
968	54.516893656488016	0.011591019
969	54.723002062254004	0.054846924
970	54.92911046801999	0.05209177
971	55.13521887378601	0.049008332
972	55.341327279552004	0.073769115
973	55.54743568531802	0.026551263
974	55.75354409108401	0.09828091
975	55.959652496850005	0.04406512
976	56.16576090261602	0.0030697593
977	56.37186930838201	0.023367768
978	56.577977714148	0.024391858
979	56.78408611991402	0.03190787
980	56.99019452568001	0.031732284
981	57.196302931446	0.027197596
982	57.40241133721202	0.0627584
983	57.60851974297801	0.050097503
984	57.814628148744	0.03471854
985	58.020736554510016	0.035406116
986	58.22684496027601	0.05095821
987	58.432953366042	0.0549169
988	58.63906177180802	0.014011908
989	58.845170177574005	0.025258135
990	59.05127858334	0.011370333
991	59.25738698910602	0.049906086
992	59.463495394872005	0.048900664
993	59.669603800637994	0.052291956
994	59.87571220640402	0.007429099
995	60.081820612170006	0.035715982
996	60.287929017935994	0.024894051
997	60.49403742370202	0.05043771
998	60.700145829468006	0.028463267
999	60.906254235233995	0.041714016
1000	61.11236264100001	0.055729963
1001	61.31847104676601	0.02225642
1002	61.524579452531995	0.06211909
1003	61.73068785829801	0.04623978
1004	61.936796264064	0.030444702
1005	62.142904669829996	0.046279874
1006	62.34901307559601	0.036065843
1007	62.555121481362	0.013337448
1008	62.761229887128025	0.050170884
1009	62.96733829289401	0.05239666
1010	63.17344669866	0.0016301051
1011	63.37955510442602	0.04508591
1012	63.58566351019201	0.048812818
1013	63.791771915958	0.049380433
1014	63.99788032172402	0.04978548
1015	64.20398872749001	0.031946745
1016	64.410097133256	0.020720247
1017	64.61620553902202	0.050388675
1018	64.82231394478801	0.042523947
1019	65.028422350554	-0.0009889789
1020	65.23453075632001	0.043991107
1021	65.44063916208601	0.03747834
1022	65.646747567852	0.039304372
1023	65.85285597361802	0.018801097
1024	66.05896437938401	0.051206153
1025	66.26507278515	0.04684019
1026	66.47118119091601	0.03995671
1027	66.677289596682	0.053690393
1028	66.88339800244799	0.015509114
1029	67.08950640821402	0.06289415
1030	67.29561481398001	0.036579736
1031	67.501723219746	0.05404296
1032	67.70783162551201	0.061297603
1033	67.913940031278	0.03299018
1034	68.12004843704399	0.030831248
1035	68.32615684281001	0.040912405
1036	68.53226524857601	0.010485111
1037	68.738373654342	0.034974217
1038	68.94448206010802	0.05469793
1039	69.150590465874	0.051930487
1040	69.35669887163999	0.041729856
1041	69.56280727740601	0.04287722
1042	69.768915683172	0.040715702
1043	69.97502408893803	0.0637683
1044	70.18113249470402	0.016366469
1045	70.38724090047	0.054553293
1046	70.59334930623602	0.023674883
1047	70.79945771200201	0.039863393
1048	71.005566117768	0.042137187
1049	71.21167452353401	0.046956614
1050	71.41778292930002	0.03067218
1051	71.623891335066	0.03970549
1052	71.82999974083202	0.057665028
1053	72.03610814659801	-0.0008116216
1054	72.242216552364	0.053081688
1055	72.44832495813002	0.0366189
1056	72.654433363896	0.004372537
1057	72.86054176966199	0.04661605
1058	73.06665017542802	0.02025675
1059	73.27275858119401	0.0073038726
1060	73.47886698696	0.026658863
1061	73.68497539272602	0.039079543
1062	73.891083798492	0.02346368
1063	74.097192204258	0.03651314
1064	74.30330061002401	0.048796598
1065	74.50940901579001	0.05231703
1066	74.715517421556	0.038936257
1067	74.92162582732202	0.064808205
1068	75.127734233088	0.03377448
1069	75.333842638854	0.054935068
1070	75.53995104462001	0.02926759
1071	75.746059450386	0.013996749
1072	75.95216785615199	0.06407292
1073	76.15827626191802	0.040459245
1074	76.364384667684	0.056665197
1075	76.57049307345	0.05430973
1076	76.77660147921601	0.026230052
1077	76.982709884982	0.033502765
1078	77.18881829074802	0.0052307667
1079	77.394926696514	0.03540472
1080	77.60103510228001	0.02713646
1081	77.80714350804602	0.03308498
1082	78.01325191381201	0.07507082
1083	78.219360319578	0.045751266
1084	78.42546872534402	0.05345483
1085	78.63157713111	0.024337683
1086	78.837685536876	0.0390846
1087	79.04379394264203	0.027678126
1088	79.24990234840801	0.023696372
1089	79.456010754174	0.013524484
1090	79.66211915994002	0.03887712
1091	79.86822756570601	0.061380327
1092	80.074335971472	0.049296215
1093	80.28044437723801	0.01576019
1094	80.48655278300402	0.0347419
1095	80.69266118877	0.05149626
1096	80.89876959453602	0.0351014
1097	81.10487800030201	0.05396917
1098	81.310986406068	0.049865507
1099	81.51709481183401	0.05752569
1100	81.7232032176	0.027213847
1101	81.92931162336599	0.030179251
1102	82.13542002913202	0.029071016
1103	82.34152843489801	0.029878976
1104	82.547636840664	0.052163795
1105	82.75374524643001	-0.00039738975
1106	82.959853652196	0.011371829
1107	83.16596205796199	0.037091304
1108	83.37207046372801	0.037005443
1109	83.57817886949401	0.06441227
1110	83.78428727526	0.03557906
1111	83.99039568102602	0.053389102
1112	84.196504086792	0.030712834
1113	84.40261249255802	0.050969884
1114	84.60872089832401	-0.007534793
1115	84.81482930409	0.042168003
1116	85.02093770985603	0.04354857
1117	85.22704611562202	0.014924756
1118	85.433154521388	0.02381858
1119	85.63926292715402	0.031300306
1120	85.84537133292001	0.042547077
1121	86.051479738686	0.022259085
1122	86.25758814445201	0.014116631
1123	86.463696550218	0.027226022
1124	86.669804955984	0.04829899
1125	86.87591336175002	0.0119060185
1126	87.08202176751601	0.03984653
1127	87.288130173282	0.03315673
1128	87.49423857904802	0.0072813523
1129	87.700346984814	0.025755577
1130	87.90645539057999	0.060002007
1131	88.11256379634602	0.04948681
1132	88.31867220211201	0.021005314
1133	88.524780607878	0.067018606
1134	88.73088901364402	0.015561503
1135	88.93699741941	0.04276084
1136	89.143105825176	0.013590949
1137	89.34921423094201	0.029740382
1138	89.55532263670801	0.008969525
1139	89.761431042474	0.05260907
1140	89.96753944824002	0.008969358
1141	90.173647854006	0.035980083
1142	90.379756259772	0.040490113
1143	90.58586466553801	0.03572176
1144	90.791973071304	0.028490964
1145	90.99808147706999	0.035965405
1146	91.20418988283602	0.061163034
1147	91.41029828860201	0.05234511
1148	91.61640669436802	0.040782444
1149	91.82251510013401	0.042191714
1150	92.0286235059	0.059904
1151	92.23473191166602	0.042750776
1152	92.440840317432	0.019782558
1153	92.64694872319801	0.059136804
1154	92.85305712896402	0.055434447
1155	93.05916553473001	0.03246773
1156	93.265273940496	0.018982142
1157	93.47138234626202	0.014144772
1158	93.677490752028	0.020901216
1159	93.883599157794	0.0068320283
1160	94.08970756356003	0.04037203
1161	94.29581596932601	0.08273267
1162	94.501924375092	0.055055648
1163	94.70803278085802	0.028732391
1164	94.91414118662401	0.065178454
1165	95.12024959239	0.019223858
1166	95.32635799815601	0.0304794
1167	95.532466403922	0.045299754
1168	95.738574809688	0.05528225
1169	95.94468321545402	0.024555419
1170	96.15079162122001	0.04126328
1171	96.356900026986	0.03395892
1172	96.56300843275201	0.024521584
1173	96.769116838518	0.043845147
1174	96.97522524428399	0.039710525
1175	97.18133365005002	0.016338004
1176	97.38744205581601	0.043448105
1177	97.593550461582	0.0412419
1178	97.79965886734801	0.062196974
1179	98.005767273114	0.017886758
1180	98.21187567887999	0.06843541
1181	98.41798408464601	0.060302816
1182	98.62409249041201	0.024212167
1183	98.83020089617803	0.02744696
1184	99.03630930194402	0.039209027
1185	99.24241770771	0.03433387
1186	99.44852611347602	0.030197563
1187	99.65463451924201	0.017586175
1188	99.860742925008	0.068938166
1189	100.06685133077403	0.015648011
1190	100.27295973654002	0.043750945
1191	100.479068142306	0.017188555
1192	100.68517654807202	0.060868826
1193	100.89128495383801	0.06119481
1194	101.097393359604	0.06639389
1195	101.30350176537002	0.044250548
1196	101.509610171136	0.044940535
1197	101.715718576902	0.020533204
1198	101.92182698266802	0.033057168
1199	102.12793538843401	0.039542
1200	102.3340437942	0.026728073
1201	102.54015219996602	0.042402074
1202	102.746260605732	0.05593195
1203	102.95236901149799	0.027174266
1204	103.15847741726402	0.035565462
1205	103.36458582303001	0.0505539
1206	103.570694228796	0.040043987
1207	103.77680263456202	0.060283832
1208	103.982911040328	0.036698088
1209	104.189019446094	0.028836107
1210	104.39512785186001	-0.0028900933
1211	104.601236257626	0.0561765
1212	104.807344663392	0.055026673
1213	105.01345306915802	0.050806552
1214	105.219561474924	0.033610407
1215	105.42566988069	0.05688572
1216	105.63177828645601	0.06438843
1217	105.837886692222	0.04016961
1218	106.04399509798799	0.014795454
1219	106.25010350375402	0.061930533
1220	106.45621190952001	0.034291577
1221	106.66232031528602	0.054308493
1222	106.86842872105201	0.076483466
1223	107.074537126818	0.04502395
1224	107.28064553258402	0.039129235
1225	107.48675393835	0.017143816
1226	107.69286234411601	0.072105765
1227	107.89897074988203	0.05268217
1228	108.10507915564801	0.03334442
1229	108.311187561414	0.049491514
1230	108.51729596718002	0.032853127
1231	108.723404372946	0.05101849
1232	108.929512778712	0.04244626
1233	109.13562118447803	0.06280501
1234	109.34172959024401	0.05076527
1235	109.54783799601	0.0145585695
1236	109.75394640177602	0.018665269
1237	109.96005480754201	0.044225473
1238	110.166163213308	0.025244037
1239	110.37227161907401	0.033741456
1240	110.57838002484	0.05034745
1241	110.784488430606	0.046472274
1242	110.99059683637202	0.03664655
1243	111.19670524213801	0.056012988
1244	111.402813647904	0.02750775
1245	111.60892205367001	0.014709378
1246	111.815030459436	0.045683205
1247	112.02113886520199	0.027694711
1248	112.22724727096802	0.011066369
1249	112.43335567673401	0.055527996
1250	112.6394640825	0.036842167
1251	112.84557248826601	0.025103457
1252	113.051680894032	0.017125351
1253	113.25778929979799	0.036738552
1254	113.46389770556401	0.021757392
1255	113.67000611133	0.043515053
1256	113.87611451709603	0.035457112
1257	114.08222292286202	0.04964526
1258	114.288331328628	0.06321407
1259	114.49443973439402	0.03866548
1260	114.70054814016001	0.040118456
1261	114.906656545926	0.046163335
1262	115.11276495169201	0.03888863
1263	115.31887335745802	0.030949036
1264	115.524981763224	0.034396805
1265	115.73109016899002	0.038782433
1266	115.93719857475601	0.017023813
1267	116.143306980522	0.020146016
1268	116.34941538628802	0.05313226
1269	116.555523792054	0.030292157
1270	116.76163219782	0.0143559985
1271	116.96774060358602	0.039933894
1272	117.17384900935201	0.047730308
1273	117.37995741511803	0.02743282
1274	117.58606582088399	0.07945452
1275	117.79217422665	0.03384189
1276	117.99828263241602	0.03070161
1277	118.20439103818198	0.034880128
1278	118.41049944394801	0.07116595
1279	118.61660784971403	0.04568051
1280	118.82271625547999	0.06443846
1281	119.028824661246	0.015984472
1282	119.23493306701202	0.039754525
1283	119.44104147277798	0.05464626
1284	119.647149878544	0.03178168
1285	119.85325828431003	0.031381086
1286	120.05936669007599	0.0825612
1287	120.265475095842	0.032242015
1288	120.47158350160802	0.045215152
1289	120.67769190737398	0.03979112
1290	120.88380031314	0.068590894
1291	121.08990871890602	0.010957383
1292	121.29601712467198	0.052632492
1293	121.50212553043801	0.032607675
1294	121.70823393620402	0.036851313
1295	121.91434234196998	0.04237858
1296	122.120450747736	0.035086323
1297	122.32655915350202	0.03152958
1298	122.53266755926798	0.017443806
1299	122.738775965034	0.01657018
1300	122.94488437080003	0.043481756
1301	123.15099277656599	0.06835216
1302	123.357101182332	0.042895846
1303	123.56320958809802	0.050295103
1304	123.76931799386398	0.00794079
1305	123.97542639963	0.01592632
1306	124.18153480539601	0.018436456
1307	124.38764321116204	0.07715185
1308	124.593751616928	0.030146042
1309	124.79986002269402	0.034478597
1310	125.00596842846004	0.024612445
1311	125.212076834226	0.0048819217
1312	125.41818523999201	0.05602128
1313	125.62429364575803	0.022548184
1314	125.830402051524	0.0010803621
1315	126.03651045729002	0.041886102
1316	126.24261886305604	0.042077564
1317	126.448727268822	0.05633105
1318	126.65483567458801	0.04378445
1319	126.86094408035403	0.025782362
1320	127.06705248611999	0.031237392
1321	127.27316089188602	0.055747617
1322	127.47926929765204	0.036250763
1323	127.685377703418	0.026624775
1324	127.89148610918402	0.031894486
1325	128.09759451495003	0.017302386
1326	128.303702920716	0.02064717
1327	128.509811326482	0.030168869
1328	128.71591973224804	0.024018317
1329	128.92202813801399	0.00425839
1330	129.12813654378002	0.06869533
1331	129.33424494954602	0.029676447
1332	129.540353355312	0.009883294
1333	129.74646176107802	0.045396313
1334	129.95257016684403	0.07410332
1335	130.15867857261	0.021332286
1336	130.364786978376	0.036556646
1337	130.57089538414203	0.009367792
1338	130.77700378990798	0.010453302
1339	130.983112195674	0.063735664
1340	131.18922060144004	0.027374502
1341	131.395329007206	0.03459593
1342	131.60143741297202	0.08934746
1343	131.80754581873802	0.041261565
1344	132.013654224504	0.025324168
1345	132.21976263027	0.06379434
1346	132.42587103603603	0.0655376
1347	132.631979441802	0.06144883
1348	132.838087847568	0.010281838
1349	133.04419625333404	0.059447013
1350	133.25030465909998	0.026008695
1351	133.456413064866	0.02369604
1352	133.66252147063202	0.0152409
1353	133.868629876398	0.0108204475
1354	134.074738282164	0.05055199
1355	134.28084668793002	0.03545599
1356	134.486955093696	0.032260492
1357	134.693063499462	0.0742683
1358	134.89917190522803	-0.00039685518
1359	135.10528031099398	0.007707691
1360	135.31138871676	0.037709087
1361	135.517497122526	0.043675497
1362	135.72360552829198	0.0013786377
1363	135.92971393405801	0.050326742
1364	136.13582233982402	0.04950446
1365	136.34193074559	0.027252378
1366	136.548039151356	0.01247837
1367	136.75414755712202	0.0562689
1368	136.96025596288797	0.025235195
1369	137.166364368654	0.04039947
1370	137.37247277442003	0.016477356
1371	137.57858118018598	0.06505886
1372	137.784689585952	0.061861277
1373	137.990797991718	0.03942794
1374	138.19690639748399	0.02664556
1375	138.40301480325	0.027445337
1376	138.60912320901602	0.005187533
1377	138.815231614782	0.046328604
1378	139.021340020548	0.0575611
1379	139.22744842631403	0.03619109
1380	139.43355683208003	0.023203045
1381	139.639665237846	0.031952925
1382	139.845773643612	0.056535516
1383	140.05188204937804	0.04101203
1384	140.257990455144	0.049500473
1385	140.46409886091	0.059798606
1386	140.67020726667604	0.016136758
1387	140.876315672442	0.031962827
1388	141.08242407820802	0.0430087
1389	141.28853248397402	0.033521883
1390	141.49464088974	0.0578829
1391	141.70074929550603	0.06449793
1392	141.90685770127203	0.044912137
1393	142.112966107038	0.049419187
1394	142.319074512804	0.03860858
1395	142.52518291857004	0.051778577
1396	142.73129132433598	0.065268986
1397	142.93739973010202	0.039498456
1398	143.14350813586805	0.05886238
1399	143.349616541634	0.061048463
1400	143.55572494740002	0.023911405
1401	143.76183335316603	0.027537096
1402	143.967941758932	0.03210635
1403	144.174050164698	0.010010418
1404	144.38015857046403	0.042718522
1405	144.58626697622998	0.074832186
1406	144.792375381996	0.02550058
1407	144.99848378776204	0.047771357
1408	145.204592193528	0.036862377
1409	145.41070059929402	0.051321045
1410	145.61680900506002	0.035762705
1411	145.822917410826	0.037771218
1412	146.029025816592	0.052853562
1413	146.23513422235803	0.030608108
1414	146.441242628124	0.05799015
1415	146.64735103389	0.03342796
1416	146.85345943965604	0.009426596
1417	147.05956784542198	0.065435156
1418	147.265676251188	0.033380292
1419	147.47178465695401	0.01306408
1420	147.67789306272	0.031691503
1421	147.88400146848602	0.05433756
1422	148.09010987425202	0.02776833
1423	148.296218280018	0.004167622
1424	148.502326685784	0.068107955
1425	148.70843509155003	0.018494667
1426	148.91454349731598	0.041382678
1427	149.120651903082	0.018602887
1428	149.32676030884804	0.024832364
1429	149.53286871461398	0.028446648
1430	149.73897712038	0.0061531216
1431	149.94508552614602	0.036917336
1432	150.151193931912	0.0063418355
1433	150.357302337678	0.02934236
1434	150.56341074344402	0.054364517
1435	150.76951914921	0.036893614
1436	150.975627554976	0.029862083
1437	151.18173596074203	0.054374486
1438	151.38784436650798	0.048868686
1439	151.593952772274	0.03482246
1440	151.80006117804	0.035670858
1441	152.00616958380598	0.032910906
1442	152.212277989572	0.03205159
1443	152.41838639533802	0.07643838
1444	152.624494801104	0.04334211
1445	152.83060320687	0.03030729
1446	153.03671161263603	0.05627533
1447	153.24282001840197	0.04200376
1448	153.448928424168	0.030301692
1449	153.655036829934	0.019734606
1450	153.86114523570004	0.072916
1451	154.067253641466	0.060912743
1452	154.273362047232	0.0587204
1453	154.47947045299804	0.068562746
1454	154.685578858764	0.041956093
1455	154.89168726453002	0.022522608
1456	155.09779567029602	0.0336475
1457	155.303904076062	0.029712416
1458	155.51001248182803	0.03821671
1459	155.71612088759403	0.03717877
1460	155.92222929336	0.022691824
1461	156.128337699126	0.020950183
1462	156.33444610489204	0.043508947
1463	156.54055451065798	0.08696753
1464	156.74666291642401	0.05696342
1465	156.95277132219005	0.0629211
1466	157.158879727956	0.032476142
1467	157.36498813372202	0.065917835
1468	157.57109653948802	0.0527438
1469	157.777204945254	0.017480459
1470	157.98331335102	0.023788026
1471	158.18942175678603	0.04376252
1472	158.395530162552	0.06341566
1473	158.601638568318	0.023080992
1474	158.80774697408404	0.014899916
1475	159.01385537984999	0.04825259
1476	159.21996378561602	0.036651902
1477	159.42607219138202	0.02407455
1478	159.632180597148	0.050317653
1479	159.83828900291402	0.018138193
1480	160.04439740868003	0.026375324
1481	160.250505814446	0.06479803
1482	160.456614220212	0.048958905
1483	160.66272262597803	0.039326746
1484	160.86883103174398	0.02144901
1485	161.07493943751	0.037102923
1486	161.28104784327604	0.05224831
1487	161.487156249042	0.020795245
1488	161.69326465480802	0.06866984
1489	161.89937306057402	0.013210023
1490	162.10548146634	0.016675936
1491	162.311589872106	0.034914233
1492	162.51769827787203	0.025665704
1493	162.72380668363797	0.044188812
1494	162.929915089404	0.044110797
1495	163.13602349517004	0.043804213
1496	163.34213190093598	0.024892129
1497	163.548240306702	0.042292032
1498	163.75434871246802	0.036972173
1499	163.960457118234	0.02933596
