	velocity	Amplitude
0	-145.195129302	0.05534157
1	-144.98902075942698	0.048960827
2	-144.782912216854	0.1009697
3	-144.576803674281	0.096433096
4	-144.370695131708	0.044672333
5	-144.16458658913498	0.07934594
6	-143.958478046562	0.06433414
7	-143.752369503989	0.052124396
8	-143.54626096141598	0.028762087
9	-143.34015241884296	0.07054091
10	-143.13404387626997	0.079374455
11	-142.92793533369698	0.08512598
12	-142.721826791124	0.03484771
13	-142.515718248551	0.06394514
14	-142.30960970597798	0.069561586
15	-142.10350116340499	0.0625101
16	-141.897392620832	0.11373462
17	-141.691284078259	0.06452301
18	-141.48517553568598	0.06876951
19	-141.279066993113	0.06556155
20	-141.07295845054	0.062173318
21	-140.866849907967	0.07912777
22	-140.66074136539396	0.0327741
23	-140.45463282282097	0.08426964
24	-140.24852428024798	0.08524153
25	-140.042415737675	0.09372346
26	-139.836307195102	0.06141604
27	-139.63019865252897	0.06807114
28	-139.42409010995598	0.074104324
29	-139.217981567383	0.050285995
30	-139.01187302481	0.07988787
31	-138.80576448223698	0.061994858
32	-138.599655939664	0.040099233
33	-138.393547397091	0.046873897
34	-138.187438854518	0.038214035
35	-137.981330311945	0.045726
36	-137.775221769372	0.10552472
37	-137.56911322679898	0.09861711
38	-137.36300468422598	0.05164363
39	-137.15689614165296	0.051267885
40	-136.95078759907997	0.04766713
41	-136.74467905650698	0.099717654
42	-136.538570513934	0.05390455
43	-136.332461971361	0.09941532
44	-136.12635342878798	0.07226265
45	-135.920244886215	0.1333518
46	-135.714136343642	0.08827158
47	-135.508027801069	0.1035561
48	-135.30191925849599	0.033055022
49	-135.095810715923	0.08637799
50	-134.88970217335	0.060280394
51	-134.68359363077698	0.075472824
52	-134.47748508820396	0.05906631
53	-134.27137654563097	0.07865122
54	-134.06526800305798	0.053961866
55	-133.859159460485	0.05384055
56	-133.653050917912	0.082666494
57	-133.44694237533898	0.067505874
58	-133.240833832766	0.11390188
59	-133.034725290193	0.071626656
60	-132.82861674762	0.052112453
61	-132.62250820504698	0.09043571
62	-132.416399662474	0.08512163
63	-132.210291119901	0.08544773
64	-132.004182577328	0.0730918
65	-131.798074034755	0.037545152
66	-131.59196549218197	0.06960486
67	-131.38585694960898	0.041336752
68	-131.179748407036	0.066635184
69	-130.97363986446297	0.082223505
70	-130.76753132188998	0.06800035
71	-130.56142277931698	0.10206046
72	-130.355314236744	0.06582103
73	-130.149205694171	0.08289258
74	-129.94309715159798	0.063929915
75	-129.736988609025	0.039908558
76	-129.530880066452	0.04896704
77	-129.32477152387898	0.05943629
78	-129.118662981306	0.06664702
79	-128.912554438733	0.094849914
80	-128.70644589615998	0.07665484
81	-128.50033735358699	0.05811193
82	-128.294228811014	0.06846963
83	-128.08812026844097	0.064545654
84	-127.88201172586798	0.06799795
85	-127.67590318329498	0.112181395
86	-127.46979464072199	0.10593312
87	-127.263686098149	0.056233726
88	-127.05757755557599	0.06435996
89	-126.851469013003	0.07202378
90	-126.64536047042999	0.08527179
91	-126.439251927857	0.07852025
92	-126.23314338528398	0.059019938
93	-126.02703484271099	0.078739956
94	-125.82092630013798	0.08843459
95	-125.61481775756499	0.046336807
96	-125.40870921499199	0.078644045
97	-125.20260067241898	0.068895854
98	-124.99649212984598	0.07555291
99	-124.79038358727298	0.055017587
100	-124.58427504469998	0.08735302
101	-124.37816650212699	0.06708332
102	-124.172057959554	0.07092311
103	-123.96594941698099	0.07531809
104	-123.759840874408	0.097515926
105	-123.553732331835	0.070578076
106	-123.34762378926199	0.05677694
107	-123.14151524668898	0.07111578
108	-122.93540670411599	0.05180329
109	-122.72929816154299	0.09178039
110	-122.52318961897	0.09883726
111	-122.31708107639697	0.03235458
112	-122.11097253382398	0.09426656
113	-121.90486399125098	0.052509286
114	-121.69875544867799	0.03859202
115	-121.49264690610498	0.057716113
116	-121.28653836353199	0.06583904
117	-121.080429820959	0.034370758
118	-120.87432127838599	0.034283742
119	-120.668212735813	0.05821096
120	-120.46210419323998	0.0935203
121	-120.25599565066699	0.094087094
122	-120.04988710809398	0.04792361
123	-119.84377856552099	0.10015958
124	-119.63767002294799	0.11117361
125	-119.431561480375	0.112293944
126	-119.22545293780198	0.053563196
127	-119.01934439522898	0.089591414
128	-118.81323585265598	0.06437475
129	-118.60712731008299	0.07571
130	-118.40101876750998	0.051823437
131	-118.19491022493699	0.032849126
132	-117.988801682364	0.12151201
133	-117.782693139791	0.09061487
134	-117.576584597218	0.030938625
135	-117.37047605464498	0.10925345
136	-117.16436751207199	0.034718275
137	-116.95825896949898	0.057797953
138	-116.752150426926	0.024019703
139	-116.54604188435299	0.06256186
140	-116.33993334177998	0.099901706
141	-116.13382479920698	0.08559867
142	-115.92771625663399	0.07703191
143	-115.72160771406098	0.06909339
144	-115.51549917148799	0.05568302
145	-115.30939062891498	0.12440656
146	-115.10328208634199	0.038221464
147	-114.897173543769	0.08850347
148	-114.691065001196	0.054953832
149	-114.48495645862299	0.10255301
150	-114.27884791604998	0.02726502
151	-114.07273937347699	0.07501624
152	-113.86663083090399	0.05504693
153	-113.660522288331	0.04609048
154	-113.45441374575799	0.053735428
155	-113.24830520318498	0.04210873
156	-113.04219666061198	0.06741698
157	-112.83608811803899	0.08784448
158	-112.62997957546598	0.101937205
159	-112.42387103289299	0.060157675
160	-112.21776249031998	0.07166018
161	-112.01165394774699	0.0575065
162	-111.805545405174	0.059053563
163	-111.599436862601	0.0445992
164	-111.393328320028	0.08477059
165	-111.18721977745498	0.063498616
166	-110.981111234882	0.09251681
167	-110.77500269230899	0.08551988
168	-110.56889414973598	0.07149359
169	-110.36278560716298	0.045927778
170	-110.15667706458999	0.052079976
171	-109.95056852201698	0.06698898
172	-109.74445997944399	0.047861144
173	-109.53835143687098	0.10610026
174	-109.33224289429799	0.031088762
175	-109.12613435172499	0.061879717
176	-108.920025809152	0.028643837
177	-108.71391726657899	0.06299919
178	-108.507808724006	0.044782974
179	-108.30170018143299	0.061542507
180	-108.09559163885999	0.07060837
181	-107.889483096287	0.04590047
182	-107.68337455371399	0.014101102
183	-107.47726601114098	0.079216704
184	-107.27115746856798	0.04920274
185	-107.06504892599499	0.04857313
186	-106.85894038342198	0.09656735
187	-106.65283184084899	0.04966195
188	-106.44672329827598	0.02084319
189	-106.24061475570299	0.06078034
190	-106.03450621312999	0.14468244
191	-105.828397670557	0.096445076
192	-105.62228912798399	0.0723191
193	-105.41618058541098	0.086533524
194	-105.210072042838	0.06100297
195	-105.00396350026499	0.07944061
196	-104.797854957692	0.0737756
197	-104.59174641511898	0.058458008
198	-104.38563787254598	0.066647366
199	-104.17952932997298	0.051075235
200	-103.97342078739999	0.07027113
201	-103.76731224482698	0.05103495
202	-103.56120370225399	0.07923837
203	-103.35509515968099	0.071575
204	-103.148986617108	0.05768521
205	-102.94287807453499	0.045630015
206	-102.736769531962	0.08065046
207	-102.53066098938899	0.04043118
208	-102.32455244681599	0.07307938
209	-102.118443904243	0.023029536
210	-101.91233536166999	0.112271264
211	-101.70622681909698	0.056077696
212	-101.50011827652398	0.08807804
213	-101.29400973395099	0.06457403
214	-101.08790119137798	0.05747097
215	-100.88179264880499	0.054905076
216	-100.67568410623198	0.067672364
217	-100.46957556365899	0.10811524
218	-100.26346702108599	0.056097843
219	-100.057358478513	0.020001464
220	-99.85124993593999	0.079111926
221	-99.645141393367	0.07851314
222	-99.43903285079398	0.045104913
223	-99.23292430822099	0.05951274
224	-99.026815765648	0.054634556
225	-98.82070722307499	0.046993207
226	-98.61459868050198	0.103037566
227	-98.40849013792898	0.10471877
228	-98.20238159535599	0.06049279
229	-97.99627305278298	0.040049337
230	-97.79016451020999	0.07758966
231	-97.58405596763698	0.080082096
232	-97.377947425064	0.057668936
233	-97.17183888249099	0.040778317
234	-96.965730339918	0.078325115
235	-96.75962179734499	0.07721944
236	-96.553513254772	0.037610374
237	-96.34740471219898	0.07939606
238	-96.14129616962599	0.10237157
239	-95.935187627053	0.02790679
240	-95.72907908447998	0.048652485
241	-95.52297054190699	0.03973892
242	-95.31686199933398	0.04336285
243	-95.11075345676099	0.0884359
244	-94.90464491418798	0.060544465
245	-94.69853637161499	0.038446695
246	-94.49242782904199	0.04053317
247	-94.286319286469	0.0296278
248	-94.08021074389599	0.07248303
249	-93.874102201323	0.0712526
250	-93.66799365874999	0.054778513
251	-93.46188511617699	0.07137729
252	-93.25577657360398	0.07028859
253	-93.04966803103099	0.09138521
254	-92.843559488458	0.047813006
255	-92.63745094588498	0.058769498
256	-92.43134240331199	0.048758708
257	-92.22523386073898	0.046677478
258	-92.01912531816599	0.0596759
259	-91.81301677559298	0.08060695
260	-91.60690823302	0.053315263
261	-91.40079969044699	0.058264732
262	-91.194691147874	0.06766052
263	-90.98858260530099	0.040173046
264	-90.782474062728	0.041121446
265	-90.576365520155	0.08526294
266	-90.37025697758199	0.06544655
267	-90.16414843500898	0.048500456
268	-89.95803989243599	0.036004778
269	-89.75193134986297	0.054414652
270	-89.54582280728998	0.06383218
271	-89.33971426471699	0.03391239
272	-89.13360572214398	0.065536715
273	-88.92749717957099	0.062227514
274	-88.72138863699799	0.10368633
275	-88.515280094425	0.031279445
276	-88.30917155185199	0.09299697
277	-88.103063009279	0.03835727
278	-87.89695446670599	0.08238122
279	-87.690845924133	0.07065113
280	-87.48473738155998	0.058885984
281	-87.27862883898699	0.0504028
282	-87.07252029641398	0.031728737
283	-86.86641175384099	0.040106893
284	-86.66030321126797	0.025019333
285	-86.45419466869498	0.0926898
286	-86.24808612612199	0.0486785
287	-86.04197758354898	0.095325425
288	-85.835869040976	0.07506173
289	-85.62976049840299	0.072982274
290	-85.42365195583	0.04069288
291	-85.21754341325699	0.08391682
292	-85.011434870684	0.087214515
293	-84.805326328111	0.04684968
294	-84.59921778553799	0.06924001
295	-84.39310924296498	0.07023679
296	-84.18700070039199	0.09330196
297	-83.98089215781899	0.09249533
298	-83.77478361524598	0.06547268
299	-83.56867507267297	0.044645384
300	-83.36256653009998	0.08001724
301	-83.15645798752699	0.050537366
302	-82.95034944495399	0.06847712
303	-82.744240902381	0.059969854
304	-82.53813235980799	0.08588115
305	-82.332023817235	0.07610841
306	-82.12591527466199	0.066053964
307	-81.919806732089	0.08414172
308	-81.713698189516	0.04501745
309	-81.50758964694299	0.06965381
310	-81.30148110436998	0.039527923
311	-81.09537256179699	0.03130953
312	-80.88926401922397	0.04972312
313	-80.68315547665098	0.07484764
314	-80.47704693407798	0.05958259
315	-80.27093839150498	0.08227989
316	-80.06482984893199	0.05116523
317	-79.85872130635899	0.045847557
318	-79.652612763786	0.04120309
319	-79.44650422121299	0.045429997
320	-79.24039567864	0.13640517
321	-79.03428713606698	0.053484503
322	-78.82817859349399	0.0608137
323	-78.62207005092098	0.103273526
324	-78.41596150834799	0.09075806
325	-78.20985296577499	0.0588578
326	-78.003744423202	0.08243333
327	-77.79763588062899	0.0819974
328	-77.591527338056	0.090057954
329	-77.38541879548298	0.103315555
330	-77.17931025290999	0.057107426
331	-76.973201710337	0.07646339
332	-76.76709316776399	0.0883666
333	-76.560984625191	0.0539705
334	-76.35487608261799	0.0988342
335	-76.148767540045	0.07234861
336	-75.94265899747198	0.073938355
337	-75.73655045489899	0.08532633
338	-75.53044191232598	0.08236492
339	-75.32433336975299	0.066777825
340	-75.11822482717999	0.08842922
341	-74.912116284607	0.048630856
342	-74.70600774203399	0.073193215
343	-74.49989919946098	0.068517566
344	-74.29379065688798	0.06945229
345	-74.08768211431499	0.056801096
346	-73.881573571742	0.11033423
347	-73.67546502916899	0.09633136
348	-73.469356486596	0.03190647
349	-73.263247944023	0.02442716
350	-73.05713940144999	0.08761318
351	-72.85103085887698	0.07873793
352	-72.64492231630399	0.022455253
353	-72.43881377373098	0.08727286
354	-72.232705231158	0.0759838
355	-72.02659668858499	0.02645038
356	-71.820488146012	0.056417532
357	-71.61437960343898	0.070682034
358	-71.40827106086599	0.081214935
359	-71.20216251829298	0.08193569
360	-70.99605397571999	0.06622581
361	-70.78994543314698	0.04967773
362	-70.58383689057399	0.0667757
363	-70.377728348001	0.04461599
364	-70.171619805428	0.08271407
365	-69.96551126285499	0.06290753
366	-69.75940272028198	0.057455603
367	-69.55329417770899	0.04852283
368	-69.34718563513599	0.11728791
369	-69.141077092563	0.04331069
370	-68.93496854998999	0.13716295
371	-68.728860007417	0.052004926
372	-68.52275146484398	0.05521264
373	-68.31664292227099	0.08191573
374	-68.11053437969798	0.06308229
375	-67.90442583712499	0.081065625
376	-67.69831729455198	0.08229341
377	-67.49220875197899	0.06766002
378	-67.286100209406	0.06337157
379	-67.07999166683298	0.03921275
380	-66.87388312425999	0.06756729
381	-66.66777458168698	0.070350945
382	-66.461666039114	0.087044865
383	-66.25555749654099	0.049826704
384	-66.049448953968	0.079552114
385	-65.84334041139499	0.058532164
386	-65.63723186882198	0.06900132
387	-65.43112332624898	0.044697385
388	-65.22501478367599	0.032574445
389	-65.01890624110298	0.059774954
390	-64.81279769852999	0.07425564
391	-64.60668915595699	0.05271505
392	-64.400580613384	0.089008875
393	-64.194472070811	0.1141311
394	-63.98836352823798	0.013893641
395	-63.782254985664984	0.10025583
396	-63.576146443091986	0.10547365
397	-63.37003790051899	0.042309865
398	-63.16392935794599	0.038893428
399	-62.95782081537299	0.07702164
400	-62.7517122728	0.06927876
401	-62.545603730226986	0.09401809
402	-62.33949518765399	0.06437205
403	-62.13338664508099	0.060291357
404	-61.92727810250799	0.027083248
405	-61.72116955993499	0.077519774
406	-61.515061017361994	0.06849858
407	-61.308952474788995	0.0886458
408	-61.10284393221598	0.07566875
409	-60.896735389642984	0.06677455
410	-60.690626847069986	0.047947824
411	-60.48451830449699	0.04562883
412	-60.27840976192399	0.07760979
413	-60.07230121935099	0.091992706
414	-59.86619267677799	0.07229543
415	-59.66008413420498	0.07626188
416	-59.45397559163199	0.09955646
417	-59.24786704905899	0.122988865
418	-59.04175850648599	0.07643652
419	-58.83564996391299	0.06848095
420	-58.629541421339994	0.055827968
421	-58.423432878766995	0.08276302
422	-58.21732433619398	0.0864242
423	-58.011215793620984	0.10007374
424	-57.805107251047986	0.091666564
425	-57.59899870847499	0.055932965
426	-57.39289016590199	0.05020438
427	-57.18678162332899	0.07047868
428	-56.98067308075599	0.102435395
429	-56.77456453818299	0.042083375
430	-56.56845599560998	0.078440815
431	-56.36234745303699	0.059250187
432	-56.15623891046399	0.08876271
433	-55.95013036789099	0.064603046
434	-55.74402182531799	0.104414515
435	-55.537913282744995	0.05166378
436	-55.331804740172	0.07545817
437	-55.125696197598984	0.065818086
438	-54.919587655025985	0.094818056
439	-54.71347911245299	0.081330396
440	-54.50737056987999	0.051115617
441	-54.30126202730699	0.07056642
442	-54.09515348473399	0.13635182
443	-53.88904494216099	0.08183451
444	-53.68293639958798	0.05924867
445	-53.47682785701498	0.09289929
446	-53.27071931444199	0.068125695
447	-53.06461077186899	0.049439467
448	-52.85850222929599	0.040114112
449	-52.652393686722995	0.075519495
450	-52.446285144149996	0.06941986
451	-52.240176601576984	0.070297286
452	-52.034068059003985	0.07313452
453	-51.82795951643099	0.09985107
454	-51.62185097385799	0.063297465
455	-51.41574243128499	0.062580206
456	-51.20963388871199	0.041453585
457	-51.00352534613899	0.059567533
458	-50.79741680356598	0.07675459
459	-50.59130826099298	0.034805946
460	-50.38519971841998	0.06467558
461	-50.17909117584699	0.05689904
462	-49.97298263327399	0.07427908
463	-49.766874090700995	0.060788874
464	-49.560765548127996	0.038535625
465	-49.354657005555	0.0299659
466	-49.148548462981985	0.05622827
467	-48.94243992040899	0.053723905
468	-48.73633137783599	0.05709275
469	-48.53022283526299	0.06227797
470	-48.32411429268999	0.08378312
471	-48.11800575011699	0.08816692
472	-47.911897207543994	0.08003282
473	-47.70578866497098	0.041772135
474	-47.49968012239798	0.07910702
475	-47.293571579824984	0.1124828
476	-47.08746303725199	0.05638507
477	-46.881354494678995	0.06496227
478	-46.675245952105996	0.050055698
479	-46.469137409533	0.13135125
480	-46.263028866959985	0.070872664
481	-46.05692032438699	0.026263133
482	-45.85081178181399	0.036230866
483	-45.64470323924099	0.12782718
484	-45.43859469666799	0.09857084
485	-45.23248615409499	0.0731463
486	-45.026377611521994	0.059007514
487	-44.82026906894898	0.067430615
488	-44.61416052637598	0.06645739
489	-44.408051983802984	0.033284247
490	-44.201943441229986	0.092832975
491	-43.99583489865699	0.08100365
492	-43.789726356083996	0.075245276
493	-43.583617813511	0.040287375
494	-43.377509270937985	0.0704805
495	-43.171400728364986	0.060957015
496	-42.96529218579199	0.082856715
497	-42.75918364321899	0.116900146
498	-42.55307510064599	0.061498888
499	-42.34696655807299	0.037495602
500	-42.140858015499994	0.07834563
501	-41.934749472926995	0.0596094
502	-41.72864093035398	0.0564806
503	-41.522532387780984	0.014619749
504	-41.316423845207986	0.07313463
505	-41.11031530263499	0.037108824
506	-40.90420676006199	0.067920715
507	-40.698098217489	0.04065886
508	-40.491989674916	0.07137187
509	-40.285881132342986	0.0474616
510	-40.07977258976999	0.081116915
511	-39.87366404719699	0.064258575
512	-39.66755550462399	0.08575984
513	-39.46144696205099	0.074202925
514	-39.255338419477994	0.065627575
515	-39.049229876904995	0.07786109
516	-38.84312133433198	0.011484563
517	-38.637012791758984	0.072717905
518	-38.430904249185986	0.081723765
519	-38.22479570661299	0.0667697
520	-38.01868716403999	0.073262416
521	-37.81257862146699	0.0807057
522	-37.606470078894	0.08549121
523	-37.400361536320986	0.06695963
524	-37.19425299374799	0.0815732
525	-36.98814445117499	0.026565418
526	-36.78203590860199	0.09465097
527	-36.57592736602899	0.075738974
528	-36.369818823455994	0.078631185
529	-36.163710280882995	0.02786819
530	-35.95760173831	0.052699134
531	-35.751493195736984	0.02061002
532	-35.545384653163985	0.056269303
533	-35.33927611059099	0.050022364
534	-35.13316756801799	0.053335212
535	-34.92705902544499	0.07157056
536	-34.72095048287199	0.06443717
537	-34.514841940299	0.06188173
538	-34.30873339772599	0.06523306
539	-34.10262485515299	0.050586913
540	-33.89651631257999	0.070850015
541	-33.69040777000699	0.06306389
542	-33.48429922743399	0.09069859
543	-33.278190684860995	0.07687134
544	-33.072082142288	0.07810842
545	-32.865973599714984	0.060893342
546	-32.659865057141985	0.071163654
547	-32.45375651456899	0.07443564
548	-32.24764797199599	0.095626645
549	-32.04153942942299	0.035675094
550	-31.835430886849995	0.07279895
551	-31.629322344276996	0.047158472
552	-31.423213801703984	0.07214212
553	-31.217105259130985	0.040600777
554	-31.010996716557987	0.10529759
555	-30.80488817398499	0.08213936
556	-30.59877963141199	0.07263133
557	-30.392671088838995	0.085144706
558	-30.186562546265996	0.05050315
559	-29.980454003692984	0.04329388
560	-29.774345461119985	0.06546518
561	-29.568236918546987	0.029372936
562	-29.362128375973988	0.053495836
563	-29.15601983340099	0.051806957
564	-28.949911290827995	0.10044995
565	-28.743802748254996	0.033699
566	-28.537694205681998	0.110377856
567	-28.331585663108985	0.061889887
568	-28.125477120535987	0.024380572
569	-27.919368577962988	0.050649248
570	-27.71326003538999	0.029245479
571	-27.50715149281699	0.07900472
572	-27.301042950243996	0.072162345
573	-27.094934407670998	0.03633722
574	-26.888825865097985	0.092905276
575	-26.682717322524987	0.0752195
576	-26.476608779951988	0.029634414
577	-26.27050023737899	0.07150162
578	-26.06439169480599	0.031659544
579	-25.858283152232993	0.023677573
580	-25.652174609659998	0.04728785
581	-25.446066067086985	0.09662502
582	-25.239957524513986	0.047035843
583	-25.033848981940988	0.118906245
584	-24.82774043936799	0.07062386
585	-24.62163189679499	0.04461422
586	-24.415523354221992	0.07027154
587	-24.209414811648998	0.045528308
588	-24.003306269075985	0.03264589
589	-23.797197726502986	0.0047167614
590	-23.591089183929988	0.033746805
591	-23.38498064135699	0.040641412
592	-23.17887209878399	0.06914298
593	-22.972763556210992	0.017475791
594	-22.766655013637994	0.011048719
595	-22.560546471064985	0.003534563
596	-22.354437928491986	0.022540856
597	-22.148329385918988	0.011705416
598	-21.94222084334599	0.015549395
599	-21.73611230077299	0.009831905
600	-21.530003758199992	0.03930918
601	-21.323895215626994	0.013426566
602	-21.117786673054	0.019315936
603	-20.911678130480986	0.0016336935
604	-20.705569587907988	0.024379632
605	-20.49946104533499	0.014662619
606	-20.29335250276199	0.05922314
607	-20.087243960188992	0.029773345
608	-19.881135417615994	0.005956091
609	-19.675026875042995	0.009201974
610	-19.468918332469983	0.040675953
611	-19.262809789896988	0.019608129
612	-19.05670124732399	0.0353629
613	-18.85059270475099	0.005460575
614	-18.644484162177992	0.03590342
615	-18.438375619604994	0.053467628
616	-18.232267077031995	0.001928568
617	-18.026158534458983	0.0038456398
618	-17.820049991885988	0.0041525215
619	-17.61394144931299	0.038980685
620	-17.40783290673999	0.0527579
621	-17.201724364166992	0.031975463
622	-16.995615821593994	0.038492374
623	-16.789507279020995	0.053939868
624	-16.583398736447982	0.020468473
625	-16.377290193874984	0.042728864
626	-16.17118165130199	0.04764519
627	-15.965073108728989	0.050432153
628	-15.758964566155992	0.019880094
629	-15.552856023582994	0.049319908
630	-15.346747481009995	0.0811158
631	-15.140638938436982	0.06900565
632	-14.934530395863986	0.04159127
633	-14.728421853290987	0.0518094
634	-14.522313310717989	0.09300481
635	-14.316204768144992	0.095670775
636	-14.110096225571994	0.04523707
637	-13.903987682998995	0.07015759
638	-13.697879140425997	0.05199954
639	-13.491770597853	0.06824102
640	-13.285662055280001	0.049924597
641	-13.079553512707003	0.02009036
642	-12.873444970133976	0.0953082
643	-12.66733642756098	0.076912664
644	-12.46122788498798	0.04987213
645	-12.255119342414982	0.05434646
646	-12.049010799841984	0.08402589
647	-11.842902257268987	0.066219404
648	-11.636793714695989	0.0663109
649	-11.43068517212299	0.046308048
650	-11.224576629549993	0.032570124
651	-11.018468086976995	0.07259245
652	-10.812359544403996	0.030250005
653	-10.606251001830998	0.022594266
654	-10.400142459258001	0.08111283
655	-10.194033916685003	0.10245464
656	-9.987925374112004	0.04645049
657	-9.781816831538977	0.04386565
658	-9.575708288965979	0.08403584
659	-9.369599746392982	0.06136566
660	-9.163491203819984	0.051429123
661	-8.957382661246985	0.036478102
662	-8.751274118673988	0.03900615
663	-8.54516557610099	0.13407959
664	-8.339057033527991	0.09000323
665	-8.132948490954993	0.05210062
666	-7.926839948381995	0.014874384
667	-7.720731405808998	0.022901714
668	-7.514622863236	0.074397735
669	-7.308514320663002	0.0124773085
670	-7.102405778090004	0.042558372
671	-6.896297235516977	0.025461473
672	-6.690188692943979	0.046817295
673	-6.484080150370981	0.035172373
674	-6.277971607797983	0.010251991
675	-6.071863065224985	0.013398476
676	-5.8657545226519865	0.09242041
677	-5.659645980078989	0.024169564
678	-5.453537437505991	0.06132335
679	-5.247428894932993	0.056815572
680	-5.041320352359995	0.043296665
681	-4.835211809786997	0.05087807
682	-4.629103267213999	0.044041015
683	-4.4229947246410015	0.027359858
684	-4.216886182068003	0.037379555
685	-4.010777639495005	0.04724605
686	-3.804669096921978	0.0538946
687	-3.59856055434898	0.0023852736
688	-3.392452011775982	0.017053265
689	-3.186343469202984	0.11279656
690	-2.9802349266299863	0.0053780023
691	-2.7741263840569883	0.077977814
692	-2.5680178414839903	0.05433579
693	-2.361909298910992	0.02729369
694	-2.155800756337994	0.07458067
695	-1.9496922137649964	0.035469517
696	-1.7435836711919983	0.006847082
697	-1.5374751286190003	0.06051077
698	-1.3313665860460024	0.006636083
699	-1.1252580434730044	0.031236187
700	-0.9191495008999773	0.01023913
701	-0.7130409583269793	0.026631521
702	-0.5069324157539813	0.0128523335
703	-0.30082387318098336	0.0393691
704	-0.09471533060798538	0.12116445
705	0.1113932119650126	0.02000852
706	0.31750175453801055	0.020647973
707	0.5236102971110086	0.012729257
708	0.7297188396840065	-0.003548678
709	0.9358273822570045	0.042223066
710	1.1419359248300025	0.0018619708
711	1.3480444674030005	8.479506e-05
712	1.5541530099759984	0.03342227
713	1.7602615525489964	-0.0049201455
714	1.9663700951220235	0.013731171
715	2.1724786376950216	-0.007451631
716	2.3785871802680196	0.006766543
717	2.5846957228410172	-3.2782555e-05
718	2.7908042654140153	0.0009708963
719	2.9969128079870133	0.019321576
720	3.2030213505600114	0.0037931353
721	3.4091298931330094	0.021688677
722	3.6152384357060074	0.04948534
723	3.8213469782790055	0.02734226
724	4.027455520852003	-0.010861397
725	4.233564063425002	-0.021438811
726	4.439672605997999	0.005155623
727	4.645781148570997	0.018543996
728	4.851889691143995	0.058294393
729	5.057998233717022	0.04004115
730	5.26410677629002	0.0019407348
731	5.470215318863018	0.028693601
732	5.676323861436016	0.026383344
733	5.882432404009014	0.014294356
734	6.088540946582012	0.0011425763
735	6.29464948915501	0.018962353
736	6.500758031728008	0.0062065646
737	6.706866574301006	0.0020026788
738	6.912975116874004	0.089610375
739	7.119083659447002	0.00545587
740	7.32519220202	0.011754572
741	7.531300744592998	0.020008547
742	7.737409287165996	0.042855255
743	7.943517829739023	0.028507339
744	8.14962637231202	0.023745641
745	8.35573491488502	0.014508456
746	8.561843457458018	0.025729127
747	8.767952000031014	0.018015392
748	8.974060542604013	0.028222296
749	9.180169085177011	0.04817453
750	9.386277627750008	0.004531609
751	9.592386170323007	0.03990168
752	9.798494712896005	0.022712633
753	10.004603255469004	0.055420145
754	10.210711798042	0.030476963
755	10.416820340614999	0.046045102
756	10.622928883187997	0.06705478
757	10.829037425760994	0.07908085
758	11.035145968334021	0.086076364
759	11.24125451090702	0.041786104
760	11.447363053480018	0.061080847
761	11.653471596053016	0.03844387
762	11.859580138626013	0.12530571
763	12.065688681199012	0.04063337
764	12.27179722377201	0.076444164
765	12.477905766345007	0.05720788
766	12.684014308918005	0.073900886
767	12.890122851491004	0.073540404
768	13.096231394064002	0.053959496
769	13.302339936636999	0.06518769
770	13.508448479209997	0.10360129
771	13.714557021782996	0.060457304
772	13.920665564356023	0.07072249
773	14.126774106929021	0.055516236
774	14.332882649502018	0.05274827
775	14.538991192075017	0.059399698
776	14.745099734648015	0.05458509
777	14.951208277221012	0.047655642
778	15.15731681979401	0.059300765
779	15.363425362367009	0.08927498
780	15.569533904940005	0.043230712
781	15.775642447513004	0.066948995
782	15.981750990086002	0.09613719
783	16.187859532659	0.022451647
784	16.393968075232	0.008028924
785	16.600076617804998	0.03651044
786	16.806185160377993	0.05259823
787	17.01229370295102	0.09777215
788	17.218402245524018	0.07533655
789	17.424510788097017	0.086321324
790	17.630619330670015	0.025189258
791	17.836727873243014	0.009449892
792	18.042836415816012	0.09801433
793	18.24894495838901	0.10125675
794	18.455053500962006	0.107105576
795	18.661162043535004	0.08470779
796	18.867270586108003	0.07718259
797	19.073379128681	0.08380167
798	19.279487671254	0.030667411
799	19.485596213826998	0.082360774
800	19.691704756399997	0.056097392
801	19.897813298973023	0.10508817
802	20.10392184154602	0.07622695
803	20.310030384119017	0.019735642
804	20.516138926692015	0.04513797
805	20.722247469265014	0.07726387
806	20.928356011838012	0.06410591
807	21.13446455441101	0.047211267
808	21.34057309698401	0.06849407
809	21.546681639557004	0.083909996
810	21.752790182130003	0.08520888
811	21.958898724703	0.051761866
812	22.165007267276	0.13885397
813	22.371115809848998	0.03168959
814	22.577224352421997	0.10902598
815	22.783332894995024	0.08806086
816	22.989441437568022	0.045474727
817	23.195549980141017	0.07381517
818	23.401658522714015	0.07153514
819	23.607767065287014	0.14659317
820	23.813875607860012	0.083248086
821	24.01998415043301	0.036659792
822	24.22609269300601	0.11841066
823	24.432201235579008	0.071626544
824	24.638309778152003	0.096252054
825	24.844418320725	0.06187875
826	25.050526863298	0.11654866
827	25.256635405871	0.10644069
828	25.462743948443997	0.07462606
829	25.668852491016995	0.08027625
830	25.874961033590022	0.0815815
831	26.08106957616302	0.10151157
832	26.28717811873602	0.04792744
833	26.493286661309014	0.050614722
834	26.699395203882013	0.082400605
835	26.90550374645501	0.079048544
836	27.11161228902801	0.025230043
837	27.317720831601008	0.03238614
838	27.523829374174007	0.04494161
839	27.729937916747005	0.07250331
840	27.93604645932	0.09060337
841	28.142155001893	0.067694806
842	28.348263544465997	0.077838734
843	28.554372087038995	0.03005729
844	28.760480629612022	0.078437634
845	28.96658917218502	0.05381231
846	29.17269771475802	0.061694268
847	29.378806257331018	0.09433976
848	29.584914799904013	0.09688943
849	29.79102334247701	0.08452668
850	29.99713188505001	0.062761575
851	30.203240427623008	0.091842875
852	30.409348970196007	0.060185447
853	30.615457512769005	0.06262818
854	30.821566055342004	0.060866714
855	31.027674597915	0.054248318
856	31.233783140487997	0.0299332
857	31.439891683060996	0.049719527
858	31.646000225633994	0.082403325
859	31.85210876820702	0.029870324
860	32.058217310780016	0.07023089
861	32.264325853353014	0.08330709
862	32.47043439592601	0.029166417
863	32.67654293849901	0.04481566
864	32.88265148107201	0.11144066
865	33.08876002364501	0.029581882
866	33.29486856621801	0.036754914
867	33.500977108791005	0.052013442
868	33.707085651364004	0.04445087
869	33.913194193937	0.07550256
870	34.11930273651	0.057809778
871	34.325411279083	0.081125915
872	34.531519821656	0.059433363
873	34.737628364229025	0.06913361
874	34.94373690680202	0.06731349
875	35.149845449375015	0.049825877
876	35.35595399194801	0.05130834
877	35.56206253452101	0.02970499
878	35.76817107709401	0.0711696
879	35.97427961966701	0.040557213
880	36.18038816224001	0.060441617
881	36.386496704813005	0.054057483
882	36.592605247386004	0.082036644
883	36.798713789959	0.060504537
884	37.004822332532	0.04296135
885	37.210930875105	0.01778704
886	37.417039417678	0.02269195
887	37.623147960251025	0.11427909
888	37.82925650282402	0.044734858
889	38.03536504539702	0.0770815
890	38.24147358797001	0.116439834
891	38.44758213054301	0.07053611
892	38.65369067311601	0.06134994
893	38.85979921568901	0.08038604
894	39.06590775826201	0.063243724
895	39.272016300835006	0.06468585
896	39.478124843408004	0.061167587
897	39.684233385981	0.084209815
898	39.890341928554	0.09168272
899	40.096450471127	0.08685644
900	40.3025590137	0.07603392
901	40.508667556273	0.053688582
902	40.71477609884602	0.039472736
903	40.92088464141902	0.0945358
904	41.12699318399202	0.08961807
905	41.33310172656501	0.078047976
906	41.53921026913801	0.07315279
907	41.74531881171101	0.07266911
908	41.95142735428401	0.048439667
909	42.157535896857006	0.046491183
910	42.363644439430004	0.08415614
911	42.569752982003	0.10470115
912	42.775861524576	0.06910874
913	42.981970067149	0.04104715
914	43.188078609722	0.08910361
915	43.394187152295	0.068274535
916	43.600295694868024	0.035408586
917	43.80640423744102	0.049493838
918	44.01251278001402	0.071731776
919	44.21862132258702	0.10786694
920	44.42472986516002	0.031942718
921	44.63083840773301	0.10387451
922	44.83694695030601	0.07504503
923	45.043055492879006	0.12470597
924	45.249164035452004	0.05499425
925	45.455272578025	0.031413488
926	45.661381120598	0.09577816
927	45.867489663171	0.063406825
928	46.073598205744	0.06030791
929	46.279706748317	0.117071375
930	46.485815290889995	0.04352694
931	46.69192383346302	0.055221993
932	46.89803237603602	0.056395814
933	47.10414091860902	0.09344577
934	47.31024946118202	0.043500036
935	47.516358003755016	0.06301137
936	47.72246654632801	0.037448466
937	47.928575088901006	0.063711144
938	48.134683631474005	0.061010867
939	48.340792174047	0.0488808
940	48.54690071662	0.051306352
941	48.753009259193	0.12393354
942	48.959117801766	0.08347666
943	49.165226344339	0.03517496
944	49.371334886911995	0.091005005
945	49.57744342948502	0.05494581
946	49.78355197205802	0.0700813
947	49.98966051463102	0.07106415
948	50.19576905720402	0.071362615
949	50.401877599777016	0.10928357
950	50.607986142350015	0.10699223
951	50.814094684923006	0.06626038
952	51.020203227496005	0.08630462
953	51.226311770069	0.09574303
954	51.432420312642	0.06612157
955	51.638528855215	0.09483758
956	51.844637397788	0.10796236
957	52.050745940361	0.039813697
958	52.256854482933996	0.04935905
959	52.462963025506994	0.124134704
960	52.66907156808002	0.068417415
961	52.87518011065302	0.042268045
962	53.08128865322602	0.095119774
963	53.28739719579902	0.09731473
964	53.493505738372015	0.059138995
965	53.69961428094501	0.028833017
966	53.905722823518005	0.044017047
967	54.111831366091	0.046105698
968	54.317939908664	0.027340263
969	54.524048451237	0.036839373
970	54.73015699381	0.07353488
971	54.936265536383	0.10679503
972	55.142374078955996	0.047066428
973	55.348482621528994	0.08757912
974	55.55459116410202	0.098045886
975	55.76069970667502	0.107274316
976	55.96680824924802	0.0814458
977	56.17291679182102	0.06502302
978	56.379025334394015	0.09430768
979	56.585133876967014	0.06600395
980	56.79124241954001	0.09760585
981	56.997350962113	0.096347064
982	57.203459504686	0.077715404
983	57.409568047259	0.030217864
984	57.615676589832	0.088532105
985	57.821785132405	0.06368162
986	58.027893674977996	0.05614996
987	58.234002217550994	0.08500208
988	58.44011076012402	0.101147205
989	58.64621930269702	0.10437037
990	58.85232784527002	0.046696104
991	59.05843638784302	0.10173871
992	59.264544930416015	0.057706073
993	59.470653472989014	0.08672444
994	59.67676201556201	0.047687553
995	59.88287055813501	0.04159467
996	60.08897910070801	0.052413553
997	60.295087643281	0.08063742
998	60.501196185854	0.08135976
999	60.707304728427	0.04988365
1000	60.913413270999996	0.10944511
1001	61.119521813572995	0.05592523
1002	61.32563035614599	0.060870048
1003	61.53173889871902	0.080891505
1004	61.73784744129202	0.04985234
1005	61.94395598386502	0.08872686
1006	62.150064526438015	0.09680067
1007	62.356173069011014	0.054097913
1008	62.56228161158401	0.12715106
1009	62.76839015415701	0.08889599
1010	62.97449869673001	0.07075092
1011	63.18060723930301	0.021432668
1012	63.386715781876	0.057652745
1013	63.592824324449	0.060975615
1014	63.798932867021996	0.057175223
1015	64.005041409595	0.11570333
1016	64.211149952168	0.04498359
1017	64.41725849474102	0.024119541
1018	64.62336703731403	0.053228553
1019	64.82947557988702	0.06456886
1020	65.03558412246001	0.047091983
1021	65.24169266503301	0.108761996
1022	65.447801207606	0.055368993
1023	65.65390975017901	0.061891064
1024	65.860018292752	0.06555134
1025	66.06612683532501	0.05896693
1026	66.272235377898	0.028860152
1027	66.478343920471	0.08566215
1028	66.684452463044	0.094695434
1029	66.890561005617	0.061960924
1030	67.09666954819	0.075997844
1031	67.302778090763	0.072074465
1032	67.50888663333602	0.067359395
1033	67.71499517590902	0.060354818
1034	67.92110371848202	0.11550271
1035	68.127212261055	0.03207171
1036	68.33332080362801	0.07776068
1037	68.539429346201	0.028035076
1038	68.74553788877401	0.053179838
1039	68.951646431347	0.050401434
1040	69.15775497392	0.02853284
1041	69.363863516493	0.11054589
1042	69.569972059066	0.04052426
1043	69.776080601639	0.03820461
1044	69.982189144212	0.09547826
1045	70.18829768678499	0.05459581
1046	70.39440622935803	0.07519375
1047	70.60051477193102	0.029689131
1048	70.80662331450402	0.050702892
1049	71.01273185707701	0.048746385
1050	71.21884039965002	0.05206106
1051	71.42494894222301	0.03991709
1052	71.631057484796	0.044584796
1053	71.83716602736901	0.09638428
1054	72.043274569942	0.09064106
1055	72.249383112515	0.06487854
1056	72.455491655088	0.049623594
1057	72.661600197661	0.12812196
1058	72.867708740234	0.16228889
1059	73.073817282807	0.110903144
1060	73.27992582537999	0.059335016
1061	73.48603436795302	0.07635212
1062	73.69214291052602	0.09413272
1063	73.89825145309902	0.066937305
1064	74.10435999567201	0.06458452
1065	74.31046853824502	0.07473038
1066	74.51657708081801	0.10411402
1067	74.722685623391	0.050487578
1068	74.928794165964	0.081936374
1069	75.134902708537	0.05783834
1070	75.34101125111	0.05817765
1071	75.547119793683	0.08902264
1072	75.753228336256	0.08472441
1073	75.95933687882899	0.04211606
1074	76.165445421402	0.030191187
1075	76.37155396397502	0.06672214
1076	76.57766250654802	0.0982216
1077	76.78377104912101	0.10368197
1078	76.98987959169402	0.04297267
1079	77.19598813426701	0.059140474
1080	77.40209667684002	0.09778042
1081	77.60820521941301	0.06099094
1082	77.814313761986	0.0803079
1083	78.020422304559	0.060929656
1084	78.226530847132	0.06535927
1085	78.432639389705	0.06760834
1086	78.638747932278	0.030606307
1087	78.844856474851	0.07262367
1088	79.05096501742399	0.07070183
1089	79.25707355999702	0.0586807
1090	79.46318210257002	0.0742217
1091	79.66929064514302	0.0401872
1092	79.87539918771601	0.04250595
1093	80.08150773028902	0.021525696
1094	80.28761627286201	0.03373494
1095	80.49372481543502	0.048510477
1096	80.69983335800801	0.08927257
1097	80.905941900581	0.079126984
1098	81.112050443154	0.05815092
1099	81.318158985727	0.080158815
1100	81.5242675283	0.051801592
1101	81.73037607087299	0.03033373
1102	81.936484613446	0.14813583
1103	82.14259315601899	0.06852063
1104	82.34870169859202	0.0910834
1105	82.55481024116501	0.06891493
1106	82.76091878373802	0.09444739
1107	82.96702732631101	0.088515684
1108	83.17313586888402	0.05350385
1109	83.37924441145701	0.0638024
1110	83.58535295403001	0.07664086
1111	83.791461496603	0.036287263
1112	83.997570039176	0.068939775
1113	84.203678581749	0.075286135
1114	84.409787124322	0.05307655
1115	84.615895666895	0.059237804
1116	84.82200420946799	0.08903867
1117	85.028112752041	0.09143067
1118	85.23422129461402	0.04686509
1119	85.44032983718702	0.07320164
1120	85.64643837976001	0.073300175
1121	85.85254692233302	0.06730808
1122	86.05865546490601	0.07947628
1123	86.26476400747902	0.07246115
1124	86.47087255005201	0.05911164
1125	86.67698109262501	0.04044719
1126	86.883089635198	0.09008666
1127	87.089198177771	0.059122432
1128	87.295306720344	0.01053448
1129	87.50141526291699	0.05029835
1130	87.70752380549	0.04012447
1131	87.91363234806299	0.085396245
1132	88.119740890636	0.068266414
1133	88.32584943320902	0.036673736
1134	88.53195797578202	0.039123498
1135	88.73806651835501	0.038458645
1136	88.94417506092802	0.075219795
1137	89.15028360350101	0.07918669
1138	89.35639214607401	0.10514723
1139	89.562500688647	0.020702653
1140	89.76860923122001	0.06517838
1141	89.974717773793	0.083595335
1142	90.180826316366	0.1347304
1143	90.386934858939	0.09241259
1144	90.59304340151199	0.058013026
1145	90.799151944085	0.10635328
1146	91.00526048665799	0.027614841
1147	91.21136902923102	0.08604007
1148	91.41747757180401	0.038505405
1149	91.62358611437702	0.08356173
1150	91.82969465695001	0.07738198
1151	92.03580319952302	0.036613524
1152	92.24191174209601	0.083478644
1153	92.44802028466901	0.07158896
1154	92.654128827242	0.060949706
1155	92.86023736981501	0.05229342
1156	93.066345912388	0.058846578
1157	93.272454454961	0.08451539
1158	93.478562997534	0.116268195
1159	93.68467154010699	0.031997196
1160	93.89078008268	0.05829457
1161	94.09688862525299	0.09239045
1162	94.30299716782602	0.094845414
1163	94.50910571039901	0.09476559
1164	94.71521425297202	0.037686937
1165	94.92132279554501	0.048885837
1166	95.12743133811801	0.037422292
1167	95.333539880691	0.07195956
1168	95.53964842326401	0.071275204
1169	95.745756965837	0.09145787
1170	95.95186550841001	0.04041586
1171	96.157974050983	0.06550832
1172	96.36408259355599	0.08943741
1173	96.570191136129	0.08303437
1174	96.77629967870199	0.050158598
1175	96.982408221275	0.06986923
1176	97.18851676384801	0.07420404
1177	97.39462530642102	0.060103156
1178	97.60073384899401	0.07747395
1179	97.80684239156702	0.0742912
1180	98.01295093414001	0.08399175
1181	98.21905947671301	0.11066088
1182	98.425168019286	0.08947298
1183	98.63127656185901	0.07994815
1184	98.837385104432	0.07218208
1185	99.04349364700501	0.069558054
1186	99.249602189578	0.064837135
1187	99.455710732151	0.07505216
1188	99.661819274724	0.061460376
1189	99.86792781729699	0.08123751
1190	100.07403635987002	0.02947302
1191	100.28014490244301	0.12096194
1192	100.48625344501602	0.052857533
1193	100.69236198758901	0.10057803
1194	100.89847053016202	0.049795106
1195	101.104579072735	0.051253587
1196	101.31068761530801	0.050000235
1197	101.516796157881	0.08316385
1198	101.72290470045401	0.059658363
1199	101.929013243027	0.038069054
1200	102.1351217856	0.056822095
1201	102.341230328173	0.0740235
1202	102.547338870746	0.08975975
1203	102.753447413319	0.057046853
1204	102.95955595589199	0.091866106
1205	103.16566449846502	0.056768674
1206	103.37177304103801	0.05513883
1207	103.57788158361102	0.094113976
1208	103.78399012618401	0.057258066
1209	103.99009866875701	0.06826391
1210	104.19620721133	0.08123112
1211	104.40231575390301	0.101575896
1212	104.608424296476	0.097309865
1213	104.81453283904901	0.09111349
1214	105.020641381622	0.047765225
1215	105.226749924195	0.049673915
1216	105.432858466768	0.04480161
1217	105.638967009341	0.04932989
1218	105.845075551914	0.0755834
1219	106.05118409448701	0.045553014
1220	106.25729263706002	0.06463597
1221	106.46340117963301	0.09600972
1222	106.66950972220602	0.06631663
1223	106.875618264779	0.046105467
1224	107.08172680735201	0.04090041
1225	107.287835349925	0.045601428
1226	107.49394389249801	0.09216625
1227	107.700052435071	0.072380915
1228	107.906160977644	0.089150205
1229	108.112269520217	0.10089736
1230	108.31837806279	0.09353158
1231	108.524486605363	0.08279271
1232	108.730595147936	0.05744843
1233	108.93670369050899	0.1230643
1234	109.14281223308203	0.07921922
1235	109.34892077565502	0.05104728
1236	109.55502931822801	0.082837574
1237	109.76113786080101	0.09161419
1238	109.967246403374	0.12234146
1239	110.17335494594701	0.045040615
1240	110.37946348852	0.08542756
1241	110.58557203109301	0.08291131
1242	110.791680573666	0.04487314
1243	110.997789116239	0.07026442
1244	111.203897658812	0.0875608
1245	111.410006201385	0.12947193
1246	111.616114743958	0.05802813
1247	111.822223286531	0.078429006
1248	112.02833182910402	0.082593836
1249	112.23444037167702	0.07034212
1250	112.44054891425002	0.0702727
1251	112.64665745682301	0.07730538
1252	112.85276599939601	0.096273884
1253	113.058874541969	0.055440713
1254	113.26498308454201	0.059712246
1255	113.471091627115	0.052455194
1256	113.677200169688	0.078882664
1257	113.883308712261	0.057647154
1258	114.089417254834	0.1149616
1259	114.295525797407	0.071295165
1260	114.50163433998	0.056520455
1261	114.70774288255299	0.0545396
1262	114.91385142512603	0.052277803
1263	115.11995996769902	0.080465965
1264	115.32606851027202	0.09307329
1265	115.53217705284501	0.03410168
1266	115.738285595418	0.10392545
1267	115.94439413799101	0.08086037
1268	116.150502680564	0.07317231
1269	116.35661122313701	0.09987358
1270	116.56271976571	0.12266253
1271	116.768828308283	0.062079284
1272	116.974936850856	0.09575169
1273	117.181045393429	0.10239753
1274	117.387153936002	0.11723874
1275	117.593262478575	0.08016426
1276	117.79937102114799	0.058419876
1277	118.005479563721	0.021240525
1278	118.21158810629399	0.06851238
1279	118.41769664886698	0.05002362
1280	118.62380519143998	0.05230111
1281	118.82991373401298	0.038043156
1282	119.03602227658598	0.0846449
1283	119.24213081915897	0.06550943
1284	119.44823936173204	0.045743063
1285	119.65434790430503	0.09663987
1286	119.86045644687803	0.081394754
1287	120.06656498945102	0.07497805
1288	120.27267353202403	0.05789339
1289	120.47878207459702	0.054399725
1290	120.68489061717003	0.06666571
1291	120.89099915974302	0.043398827
1292	121.09710770231602	0.10108082
1293	121.30321624488901	0.068373434
1294	121.50932478746202	0.03581284
1295	121.71543333003501	0.057735138
1296	121.921541872608	0.07971959
1297	122.12765041518101	0.11628643
1298	122.333758957754	0.06687373
1299	122.539867500327	0.10326587
1300	122.7459760429	0.12909834
1301	122.952084585473	0.06515907
1302	123.158193128046	0.058910035
1303	123.364301670619	0.061134394
1304	123.57041021319199	0.07381038
1305	123.776518755765	0.06154905
1306	123.98262729833799	0.0656883
1307	124.188735840911	0.059528288
1308	124.39484438348398	0.057866298
1309	124.60095292605698	0.041201636
1310	124.80706146862998	0.0957554
1311	125.01317001120297	0.075850554
1312	125.21927855377598	0.05101024
1313	125.42538709634903	0.05700093
1314	125.63149563892203	0.033010308
1315	125.83760418149502	0.064552605
1316	126.04371272406803	0.138842
1317	126.24982126664102	0.05600017
1318	126.45592980921403	0.07382675
1319	126.66203835178702	0.051264927
1320	126.86814689436002	0.05142422
1321	127.07425543693302	0.07199608
1322	127.28036397950602	0.08662939
1323	127.48647252207901	0.047244687
1324	127.69258106465202	0.03833458
1325	127.89868960722501	0.052613772
1326	128.104798149798	0.06763154
1327	128.310906692371	0.051570524
1328	128.517015234944	0.058018196
1329	128.723123777517	0.032111913
1330	128.92923232009	0.046838976
1331	129.13534086266299	0.07458795
1332	129.341449405236	0.057434335
1333	129.547557947809	0.064709015
1334	129.753666490382	0.052909173
1335	129.95977503295498	0.029961614
1336	130.165883575528	0.085610084
1337	130.371992118101	0.10019654
1338	130.57810066067398	0.045824997
1339	130.78420920324697	0.046716414
1340	130.99031774581997	0.05335888
1341	131.19642628839298	0.017145723
1342	131.40253483096603	0.071012184
1343	131.60864337353902	0.04236559
1344	131.81475191611202	0.08785128
1345	132.02086045868504	0.09491936
1346	132.22696900125803	0.06261018
1347	132.43307754383102	0.06726797
1348	132.639186086404	0.05586883
1349	132.84529462897703	0.03938132
1350	133.05140317155002	0.073059365
1351	133.257511714123	0.08968809
1352	133.463620256696	0.0828951
1353	133.66972879926902	0.07724077
1354	133.87583734184201	0.09672063
1355	134.081945884415	0.04712888
1356	134.288054426988	0.046828218
1357	134.494162969561	0.05765393
1358	134.700271512134	0.047717396
1359	134.906380054707	0.11148184
1360	135.11248859728	0.010681298
1361	135.31859713985298	0.055113826
1362	135.524705682426	0.021576442
1363	135.730814224999	0.088134035
1364	135.93692276757199	0.09848267
1365	136.14303131014498	0.05504771
1366	136.349139852718	0.053103358
1367	136.555248395291	0.06773698
1368	136.76135693786398	0.07842493
1369	136.96746548043697	0.08577505
1370	137.17357402300996	0.07741701
1371	137.37968256558304	0.06500482
1372	137.58579110815603	0.07418385
1373	137.79189965072902	0.034813903
1374	137.998008193302	0.04609503
1375	138.20411673587503	0.050476715
1376	138.41022527844802	0.021703571
1377	138.61633382102102	0.10784208
1378	138.822442363594	0.12371688
1379	139.02855090616703	0.09834379
1380	139.23465944874002	0.07879286
1381	139.440767991313	0.036843024
1382	139.646876533886	0.054582987
1383	139.85298507645902	0.07956168
1384	140.059093619032	0.11059145
1385	140.265202161605	0.05869776
1386	140.471310704178	0.08577128
1387	140.677419246751	0.084501736
1388	140.883527789324	0.038151614
1389	141.089636331897	0.055873185
1390	141.29574487447	0.07944398
1391	141.50185341704298	0.06412184
1392	141.707961959616	0.08356418
1393	141.914070502189	0.05034563
1394	142.12017904476198	0.07063423
1395	142.32628758733497	0.06689496
1396	142.532396129908	0.03856982
1397	142.73850467248099	0.08036583
1398	142.94461321505398	0.0897242
1399	143.15072175762702	0.09635231
1400	143.35683030020004	0.09594143
1401	143.56293884277304	0.03088046
1402	143.76904738534603	0.05872252
1403	143.97515592791902	0.06631634
1404	144.181264470492	0.0437722
1405	144.38737301306503	0.075842954
1406	144.59348155563802	0.03645052
1407	144.799590098211	0.04964602
1408	145.005698640784	0.08052842
1409	145.21180718335702	0.07564126
1410	145.41791572593002	0.06940973
1411	145.624024268503	0.046969514
1412	145.830132811076	0.08684666
1413	146.03624135364902	0.04018657
1414	146.242349896222	0.098953396
1415	146.448458438795	0.0746606
1416	146.654566981368	0.06056755
1417	146.86067552394098	0.03479804
1418	147.066784066514	0.09144292
1419	147.272892609087	0.0762825
1420	147.47900115166	0.06883058
1421	147.68510969423298	0.053071246
1422	147.891218236806	0.06478672
1423	148.097326779379	0.041333884
1424	148.30343532195198	0.04809337
1425	148.50954386452497	0.062196355
1426	148.715652407098	0.04957916
1427	148.92176094967098	0.074215524
1428	149.12786949224403	0.06777638
1429	149.33397803481702	0.09382804
1430	149.54008657739004	0.06319326
1431	149.74619511996303	0.041171994
1432	149.95230366253602	0.1263816
1433	150.15841220510902	0.08147573
1434	150.364520747682	0.07045802
1435	150.57062929025503	0.034149617
1436	150.77673783282802	0.08767288
1437	150.982846375401	0.074281916
1438	151.188954917974	0.113026574
1439	151.39506346054702	0.09616183
1440	151.60117200312	0.015381464
1441	151.807280545693	0.03687918
1442	152.013389088266	0.088348754
1443	152.21949763083902	0.034095414
1444	152.425606173412	0.020046927
1445	152.631714715985	0.074863106
1446	152.837823258558	0.05242851
1447	153.043931801131	0.08093342
1448	153.250040343704	0.053693164
1449	153.456148886277	0.053055763
1450	153.66225742884998	0.05467964
1451	153.86836597142297	0.06903549
1452	154.074474513996	0.06905153
1453	154.280583056569	0.034253515
1454	154.48669159914198	0.03741064
1455	154.69280014171497	0.06093479
1456	154.898908684288	0.07203791
1457	155.10501722686104	0.057614874
1458	155.31112576943403	0.0754155
1459	155.51723431200702	0.0956945
1460	155.72334285458004	0.07379956
1461	155.92945139715303	0.056106217
1462	156.13555993972602	0.04675624
1463	156.341668482299	0.06733351
1464	156.547777024872	0.022318922
1465	156.75388556744502	0.08825131
1466	156.95999411001802	0.0453207
1467	157.166102652591	0.14241779
1468	157.372211195164	0.05423623
1469	157.57831973773702	0.092107974
1470	157.78442828031	0.116110414
1471	157.990536822883	0.050371736
1472	158.196645365456	0.06733896
1473	158.402753908029	0.06894198
1474	158.608862450602	0.0618663
1475	158.814970993175	0.093670964
1476	159.021079535748	0.058221657
1477	159.227188078321	0.104279265
1478	159.433296620894	0.05318382
1479	159.639405163467	0.042755887
1480	159.84551370603998	0.06696194
1481	160.05162224861297	0.040691838
1482	160.257730791186	0.062289532
1483	160.46383933375898	0.075094566
1484	160.66994787633197	0.084449604
1485	160.87605641890497	0.052961756
1486	161.08216496147804	0.045950234
1487	161.28827350405103	0.08003694
1488	161.49438204662403	0.06595256
1489	161.70049058919702	0.025891185
1490	161.90659913177004	0.06287794
1491	162.11270767434303	0.08593352
1492	162.31881621691602	0.08588426
1493	162.524924759489	0.062100254
1494	162.73103330206203	0.08787489
1495	162.93714184463502	0.08740549
1496	163.143250387208	0.04025981
1497	163.349358929781	0.076227695
1498	163.555467472354	0.10396116
1499	163.76157601492702	0.08831302
