x_pos y_pos RA DEC amp e_amp VLSR e_VLSR vel_disp e_vel_disp int_tot e_int_tot rms pvalue aicc rchi2 ncomps ncomp_wmedian ncomp_jumps flag_blended flag_neg_res_peak flag_broad flag_centroid
0 0 1.0000 1.0000 0.1601 0.0061 -0.6326 0.1930 4.6625 0.1791 1.8716 0.1461 0.0239 0.0000 -1650.8165 2.3545 3 2 0 0 1 1 0
0 0 1.0000 1.0000 0.0599 0.0083 -35.3392 0.2957 1.8521 0.2957 0.2781 0.0890 0.0239 0.0000 -1650.8165 2.3545 3 2 0 0 0 0 0
0 0 1.0000 1.0000 0.3075 0.0167 1.8693 0.0299 0.4922 0.0325 0.3794 0.0469 0.0239 0.0000 -1650.8165 2.3545 3 2 0 0 0 0 0
1 0 nan nan 1.2904 0.0680 -21.8219 0.1632 2.6828 0.1632 8.6777 1.0126 0.1884 0.0000 -311.6881 7.1537 2 3 0 0 1 0 0
1 0 nan nan 2.1391 0.0610 2.0394 0.1096 3.3269 0.1096 17.8388 1.1135 0.1884 0.0000 -311.6881 7.1537 2 3 0 0 1 1 0
2 0 nan nan 0.2679 0.0110 8.4305 0.0237 0.6832 0.0310 0.4589 0.0406 0.0126 0.0075 -1697.1691 1.4396 2 3 0 1 0 0 0
2 0 nan nan 0.1435 0.0095 7.3437 0.1092 2.0025 0.0758 0.7203 0.0767 0.0126 0.0075 -1697.1691 1.4396 2 3 0 1 0 1 0
3 0 nan nan 0.6524 0.0773 -2.4887 0.4416 2.1116 0.3795 3.4531 1.1034 0.1147 0.0000 -289.7540 17.2592 3 3 0 0 1 0 0
3 0 nan nan 2.2912 0.0528 4.1095 0.1596 2.8299 0.1422 16.2524 1.2101 0.1147 0.0000 -289.7540 17.2592 3 3 0 0 1 0 0
3 0 nan nan 0.4365 0.0377 -16.7087 0.5328 5.2368 0.5731 5.7304 1.1764 0.1147 0.0000 -289.7540 17.2592 3 3 0 0 0 1 0
0 1 1.0000 1.7321 0.6678 0.0813 -10.5681 0.3216 2.1758 0.3292 3.6423 1.0613 0.1990 0.0000 -240.5397 7.9685 2 3 0 0 0 0 0
0 1 1.0000 1.7321 1.8762 0.0646 0.7219 0.1443 3.5582 0.1541 16.7344 1.3261 0.1990 0.0000 -240.5397 7.9685 2 3 0 0 1 1 0
1 1 2.0004 1.4141 1.0206 0.0468 9.8144 0.0324 0.6692 0.0379 1.7119 0.1800 0.0801 0.0064 -1017.3682 1.5255 3 3 0 1 0 0 0
1 1 2.0004 1.4141 0.5618 0.0480 6.6102 0.0558 0.6010 0.0625 0.8463 0.1679 0.0801 0.0064 -1017.3682 1.5255 3 3 0 0 0 0 0
1 1 2.0004 1.4141 0.1824 0.0244 10.6517 0.6425 5.7527 0.6103 2.6303 0.6685 0.0801 0.0064 -1017.3682 1.5255 3 3 0 1 0 1 0
2 1 nan nan 0.4114 0.0190 -9.1802 0.1936 3.4415 0.2082 3.5490 0.3885 0.0734 0.0000 -1061.5139 2.7792 3 3 0 0 0 1 0
2 1 nan nan 1.2215 0.0670 0.6654 0.0344 0.9425 0.0542 2.8858 0.3335 0.0734 0.0000 -1061.5139 2.7792 3 3 0 0 0 0 0
2 1 nan nan 0.7593 0.0249 4.0253 0.2374 2.9306 0.1709 5.5776 0.5186 0.0734 0.0000 -1061.5139 2.7792 3 3 0 0 1 0 0
3 1 nan nan 1.1452 0.0627 -3.1335 0.1011 1.3099 0.0999 3.7602 0.5081 0.1492 0.0000 -638.3944 2.7167 3 3 0 0 1 0 0
3 1 nan nan 1.0915 0.0469 2.5108 0.1440 2.3055 0.1577 6.3076 0.7210 0.1492 0.0000 -638.3944 2.7167 3 3 0 0 1 1 0
3 1 nan nan 0.8315 0.0987 -7.5618 0.0665 0.4830 0.0666 1.0068 0.2749 0.1492 0.0000 -638.3944 2.7167 3 3 0 0 0 0 0
0 2 1.0000 2.2362 0.5450 0.0172 2.3047 0.0604 1.2446 0.0592 1.7004 0.1372 0.0431 0.0000 -1356.9645 1.9868 3 3 0 0 1 0 0
0 2 1.0000 2.2362 0.3112 0.0163 -2.5043 0.1282 1.7332 0.1624 1.3521 0.2042 0.0431 0.0000 -1356.9645 1.9868 3 3 0 0 0 0 0
0 2 1.0000 2.2362 0.0710 0.0100 -10.8132 0.8543 3.9062 0.9269 0.6955 0.2865 0.0431 0.0000 -1356.9645 1.9868 3 3 0 0 0 1 0
1 2 2.0007 1.9999 1.3357 0.0610 -15.5906 0.2024 3.5524 0.2246 11.8944 1.3298 0.1918 0.0000 -276.8816 7.5672 3 3 0 0 1 1 0
1 2 2.0007 1.9999 2.4104 0.0775 2.9408 0.0768 2.0700 0.0771 12.5069 0.8826 0.1918 0.0000 -276.8816 7.5672 3 3 0 0 1 0 0
1 2 2.0007 1.9999 0.7996 0.0880 -6.6560 0.2301 1.6477 0.2336 3.3026 0.8832 0.1918 0.0000 -276.8816 7.5672 3 3 0 0 0 0 0
2 2 3.0007 0.9990 0.1404 0.0119 5.1378 0.0321 0.6561 0.0535 0.2310 0.0401 0.0052 0.0000 -2537.2876 13.3640 3 3 0 0 0 0 0
2 2 3.0007 0.9990 0.7342 0.0046 2.9528 0.0269 1.8053 0.0205 3.3223 0.0587 0.0052 0.0000 -2537.2876 13.3640 3 3 0 0 1 0 0
2 2 3.0007 0.9990 0.0547 0.0012 -13.2478 0.4198 12.8351 0.3956 1.7590 0.0946 0.0052 0.0000 -2537.2876 13.3640 3 3 0 0 1 1 0
3 2 nan nan 0.6120 0.0057 10.8275 0.0125 0.8526 0.0128 1.3078 0.0319 0.0064 0.0000 -1929.6025 7.8636 3 3 0 0 1 0 0
3 2 nan nan 0.4149 0.0062 8.6003 0.0166 0.7106 0.0159 0.7390 0.0278 0.0064 0.0000 -1929.6025 7.8636 3 3 0 1 1 0 0
3 2 nan nan 0.1837 0.0049 8.7348 0.0637 4.0642 0.0691 1.8710 0.0822 0.0064 0.0000 -1929.6025 7.8636 3 3 0 1 1 1 0
0 3 1.0000 2.6459 1.1083 0.1336 2.1208 0.1273 1.1261 0.1605 3.1285 0.8765 0.1799 0.0000 -335.4813 5.7821 3 3 0 1 1 0 0
0 3 1.0000 2.6459 1.1240 0.2971 0.1702 0.4356 4.2057 0.7036 11.8492 5.6390 0.1799 0.0000 -335.4813 5.7821 3 3 0 1 1 0 0
0 3 1.0000 2.6459 0.3368 0.1383 -8.9728 6.6971 8.2630 3.1992 6.9753 6.6746 0.1799 0.0000 -335.4813 5.7821 3 3 0 0 1 1 0
1 3 2.0010 2.4494 2.4364 0.2942 2.2514 0.7743 2.5196 0.4460 15.3874 4.9108 0.2403 0.0000 -269.5453 5.4110 3 3 0 0 0 0 0
1 3 2.0010 2.4494 1.7271 0.7377 6.1068 0.4458 1.6694 0.3031 7.2272 4.9597 0.2403 0.0000 -269.5453 5.4110 3 3 0 0 0 0 0
1 3 2.0010 2.4494 1.3234 0.0696 -11.8876 0.2294 3.7526 0.2400 12.4482 1.4923 0.2403 0.0000 -269.5453 5.4110 3 3 0 0 1 1 0
2 3 3.0013 1.7311 1.9460 0.0974 2.3422 0.0360 0.6616 0.0416 3.2271 0.3744 0.1306 0.0000 -471.6172 6.0551 3 3 0 0 0 0 0
2 3 3.0013 1.7311 1.8604 0.0475 -0.3146 0.1244 3.6752 0.1050 17.1387 0.9397 0.1306 0.0000 -471.6172 6.0551 3 3 0 0 1 0 0
2 3 3.0013 1.7311 0.7518 0.0366 -14.2880 0.2494 4.0145 0.2697 7.5656 0.9012 0.1306 0.0000 -471.6172 6.0551 3 3 0 0 1 0 0
3 3 nan nan 1.8152 0.1810 -14.0373 0.0596 0.5238 0.0618 2.3834 0.5468 0.2215 0.0000 -238.9084 6.7863 2 3 0 0 1 0 0
3 3 nan nan 0.6700 0.0416 -5.6540 0.7517 10.0529 0.7095 16.8820 2.3147 0.2215 0.0000 -238.9084 6.7863 2 3 0 0 1 1 0
0 4 1.0000 3.0003 0.0698 0.0051 -2.5860 0.4912 8.0517 0.4711 1.4094 0.1921 0.0169 0.0000 -1431.3937 4.1680 3 3 0 1 1 1 0
0 4 1.0000 3.0003 0.8202 0.0091 -0.6893 0.0191 1.2298 0.0217 2.5286 0.0731 0.0169 0.0000 -1431.3937 4.1680 3 3 0 1 1 0 0
0 4 1.0000 3.0003 0.3946 0.0096 2.7131 0.0355 0.9526 0.0351 0.9423 0.0584 0.0169 0.0000 -1431.3937 4.1680 3 3 0 0 1 0 0
1 4 2.0013 2.8284 2.5016 0.0830 -1.9865 0.1194 3.1187 0.1228 19.5558 1.4440 0.2591 0.0000 -231.5803 5.4588 2 3 0 0 1 1 0
1 4 2.0013 2.8284 3.0941 0.1571 -10.7186 0.0508 0.8587 0.0511 6.6596 0.7547 0.2591 0.0000 -231.5803 5.4588 2 3 0 0 1 0 0
