	velocity	Amplitude
0	-142.506176588	0.10711508
1	-142.300069893198	0.10791204
2	-142.093963198396	0.10217224
3	-141.887856503594	0.10730717
4	-141.681749808792	0.089712426
5	-141.47564311399	0.10807496
6	-141.269536419188	0.1067294
7	-141.063429724386	0.12084223
8	-140.857323029584	0.10671269
9	-140.651216334782	0.111605324
10	-140.44510963998002	0.10200029
11	-140.23900294517802	0.09810948
12	-140.032896250376	0.10204643
13	-139.826789555574	0.10531722
14	-139.620682860772	0.1009898
15	-139.41457616597	0.11898245
16	-139.208469471168	0.100565426
17	-139.002362776366	0.09746252
18	-138.796256081564	0.09739251
19	-138.590149386762	0.11445233
20	-138.38404269196	0.11949186
21	-138.177935997158	0.113475636
22	-137.97182930235599	0.1043331
23	-137.76572260755398	0.106663935
24	-137.55961591275198	0.09819778
25	-137.35350921795	0.09414461
26	-137.147402523148	0.09495562
27	-136.941295828346	0.10081703
28	-136.73518913354403	0.11540037
29	-136.52908243874202	0.124919996
30	-136.32297574394002	0.0949676
31	-136.11686904913802	0.10235942
32	-135.91076235433601	0.09321975
33	-135.704655659534	0.10057974
34	-135.498548964732	0.10478409
35	-135.29244226993	0.10348961
36	-135.086335575128	0.10614073
37	-134.880228880326	0.11646375
38	-134.674122185524	0.10874783
39	-134.468015490722	0.08962449
40	-134.26190879592	0.09932384
41	-134.055802101118	0.11048374
42	-133.849695406316	0.10095016
43	-133.64358871151398	0.107357234
44	-133.43748201671198	0.10479617
45	-133.23137532190998	0.09759484
46	-133.025268627108	0.10609864
47	-132.819161932306	0.11614171
48	-132.613055237504	0.10395625
49	-132.40694854270203	0.10373768
50	-132.20084184790002	0.11273054
51	-131.99473515309802	0.107292525
52	-131.78862845829602	0.11137316
53	-131.58252176349401	0.10513382
54	-131.376415068692	0.10748628
55	-131.17030837389	0.11005268
56	-130.964201679088	0.10507788
57	-130.758094984286	0.115502045
58	-130.551988289484	0.10663862
59	-130.345881594682	0.113448635
60	-130.13977489988	0.099965915
61	-129.93366820507802	0.09808347
62	-129.72756151027602	0.108826704
63	-129.52145481547402	0.09990649
64	-129.315348120672	0.1022874
65	-129.10924142587	0.10984063
66	-128.903134731068	0.112162136
67	-128.697028036266	0.09662493
68	-128.490921341464	0.10045899
69	-128.284814646662	0.10806841
70	-128.07870795186	0.11231729
71	-127.87260125705801	0.09512721
72	-127.666494562256	0.086556695
73	-127.460387867454	0.10296291
74	-127.254281172652	0.103458986
75	-127.04817447785	0.11342437
76	-126.842067783048	0.114636615
77	-126.63596108824599	0.10919558
78	-126.42985439344399	0.10225327
79	-126.22374769864201	0.10907626
80	-126.01764100384001	0.09828606
81	-125.81153430903801	0.11934109
82	-125.605427614236	0.106071785
83	-125.399320919434	0.10929889
84	-125.193214224632	0.10287483
85	-124.98710752983	0.09792225
86	-124.78100083502801	0.100975536
87	-124.57489414022601	0.116265245
88	-124.368787445424	0.09119367
89	-124.162680750622	0.09679707
90	-123.95657405582	0.10027149
91	-123.750467361018	0.09175834
92	-123.54436066621601	0.100638814
93	-123.338253971414	0.11601703
94	-123.132147276612	0.10551825
95	-122.92604058181	0.116919234
96	-122.719933887008	0.11914842
97	-122.513827192206	0.11603654
98	-122.307720497404	0.10672746
99	-122.101613802602	0.10423085
100	-121.8955071078	0.11532002
101	-121.689400412998	0.11029594
102	-121.483293718196	0.1050023
103	-121.27718702339399	0.110197246
104	-121.07108032859202	0.114735596
105	-120.86497363379002	0.11123839
106	-120.65886693898801	0.102685325
107	-120.45276024418601	0.09464597
108	-120.246653549384	0.11870243
109	-120.040546854582	0.09064798
110	-119.83444015978	0.094323695
111	-119.628333464978	0.099203095
112	-119.422226770176	0.09150905
113	-119.216120075374	0.112076305
114	-119.01001338057199	0.09062141
115	-118.80390668576999	0.096575946
116	-118.59779999096801	0.10254231
117	-118.39169329616601	0.116841465
118	-118.18558660136401	0.101886906
119	-117.979479906562	0.10075603
120	-117.77337321176	0.09833183
121	-117.567266516958	0.105066754
122	-117.361159822156	0.10067182
123	-117.15505312735401	0.09451261
124	-116.948946432552	0.10128701
125	-116.74283973775	0.09906841
126	-116.536733042948	0.09619761
127	-116.330626348146	0.10045668
128	-116.12451965334401	0.103831954
129	-115.918412958542	0.094596304
130	-115.71230626374	0.11236835
131	-115.506199568938	0.10614254
132	-115.300092874136	0.12485098
133	-115.093986179334	0.0885196
134	-114.88787948453201	0.0927171
135	-114.68177278973	0.09901187
136	-114.475666094928	0.097325675
137	-114.269559400126	0.11810656
138	-114.063452705324	0.10516284
139	-113.857346010522	0.12190504
140	-113.65123931572	0.10753411
141	-113.44513262091802	0.11396889
142	-113.23902592611601	0.10144685
143	-113.03291923131401	0.115485266
144	-112.82681253651201	0.103300884
145	-112.62070584171	0.10156292
146	-112.414599146908	0.09906464
147	-112.208492452106	0.09758568
148	-112.002385757304	0.10433149
149	-111.796279062502	0.09711498
150	-111.59017236769999	0.0910963
151	-111.38406567289799	0.10153746
152	-111.177958978096	0.115790196
153	-110.97185228329401	0.1043383
154	-110.76574558849201	0.116989195
155	-110.55963889369	0.12710965
156	-110.353532198888	0.089867756
157	-110.147425504086	0.0934925
158	-109.941318809284	0.105033964
159	-109.73521211448201	0.07388343
160	-109.52910541968001	0.111216046
161	-109.322998724878	0.10170445
162	-109.116892030076	0.096092895
163	-108.910785335274	0.11852586
164	-108.70467864047201	0.10427482
165	-108.49857194567001	0.1171013
166	-108.292465250868	0.11357814
167	-108.086358556066	0.11432711
168	-107.880251861264	0.09769039
169	-107.674145166462	0.115860105
170	-107.46803847166	0.106061935
171	-107.26193177685799	0.104494445
172	-107.055825082056	0.09269183
173	-106.849718387254	0.09760389
174	-106.643611692452	0.10385228
175	-106.43750499765	0.096248046
176	-106.231398302848	0.10586975
177	-106.02529160804602	0.11079568
178	-105.81918491324402	0.102298625
179	-105.61307821844201	0.106769614
180	-105.40697152364001	0.10146811
181	-105.20086482883801	0.10984018
182	-104.994758134036	0.1073537
183	-104.788651439234	0.117155775
184	-104.582544744432	0.11431815
185	-104.37643804963	0.09630017
186	-104.170331354828	0.11118745
187	-103.96422466002599	0.10950298
188	-103.75811796522399	0.11975008
189	-103.552011270422	0.11270739
190	-103.34590457562001	0.1027083
191	-103.13979788081801	0.095331855
192	-102.933691186016	0.114297375
193	-102.727584491214	0.09935349
194	-102.521477796412	0.12076241
195	-102.31537110161001	0.100225724
196	-102.10926440680801	0.1060484
197	-101.903157712006	0.10444226
198	-101.697051017204	0.09389842
199	-101.490944322402	0.09930274
200	-101.28483762760001	0.100087024
201	-101.07873093279801	0.111207776
202	-100.872624237996	0.091609664
203	-100.666517543194	0.10538476
204	-100.460410848392	0.09646713
205	-100.25430415359	0.101870716
206	-100.048197458788	0.09295365
207	-99.842090763986	0.09464968
208	-99.635984069184	0.111622006
209	-99.429877374382	0.10204017
210	-99.22377067958	0.108113885
211	-99.017663984778	0.1034477
212	-98.811557289976	0.10983567
213	-98.60545059517402	0.09976518
214	-98.39934390037202	0.09973442
215	-98.19323720557001	0.088834256
216	-97.98713051076801	0.095550805
217	-97.78102381596601	0.100839965
218	-97.574917121164	0.11016386
219	-97.368810426362	0.11086792
220	-97.16270373156	0.10556379
221	-96.956597036758	0.113017246
222	-96.750490341956	0.09806032
223	-96.54438364715399	0.09829346
224	-96.33827695235199	0.1150577
225	-96.13217025755	0.09930412
226	-95.926063562748	0.10491201
227	-95.71995686794601	0.10077553
228	-95.51385017314401	0.09972216
229	-95.307743478342	0.11969262
230	-95.10163678354	0.09933764
231	-94.89553008873801	0.093208
232	-94.68942339393601	0.11114812
233	-94.48331669913401	0.10200127
234	-94.277210004332	0.104886755
235	-94.07110330953	0.099843524
236	-93.864996614728	0.10701899
237	-93.65888991992601	0.10499198
238	-93.45278322512401	0.10483064
239	-93.246676530322	0.10667442
240	-93.04056983552	0.099559344
241	-92.834463140718	0.1071349
242	-92.628356445916	0.089162745
243	-92.422249751114	0.10595901
244	-92.21614305631199	0.08809141
245	-92.01003636151	0.109211534
246	-91.803929666708	0.11239337
247	-91.597822971906	0.11577666
248	-91.391716277104	0.102986835
249	-91.185609582302	0.11358318
250	-90.97950288750002	0.112469144
251	-90.77339619269802	0.09935724
252	-90.56728949789601	0.094352506
253	-90.36118280309401	0.10040076
254	-90.15507610829201	0.11196271
255	-89.94896941349	0.105811104
256	-89.742862718688	0.11052355
257	-89.536756023886	0.11049952
258	-89.330649329084	0.11768068
259	-89.124542634282	0.10365779
260	-88.91843593947999	0.117112644
261	-88.712329244678	0.09775538
262	-88.506222549876	0.10467483
263	-88.30011585507401	0.12368308
264	-88.09400916027201	0.10592421
265	-87.88790246547	0.10636298
266	-87.681795770668	0.098070696
267	-87.475689075866	0.102614075
268	-87.26958238106401	0.09743391
269	-87.06347568626201	0.11260883
270	-86.85736899146	0.10101603
271	-86.651262296658	0.115269475
272	-86.445155601856	0.11308854
273	-86.23904890705401	0.10168569
274	-86.03294221225201	0.10705573
275	-85.82683551745001	0.109521255
276	-85.620728822648	0.09954398
277	-85.414622127846	0.10486996
278	-85.208515433044	0.104919314
279	-85.002408738242	0.12233363
280	-84.79630204344	0.10129894
281	-84.59019534863799	0.099802464
282	-84.384088653836	0.08938135
283	-84.177981959034	0.106262796
284	-83.971875264232	0.09969145
285	-83.76576856943001	0.10686403
286	-83.55966187462802	0.113346554
287	-83.35355517982602	0.10967201
288	-83.14744848502401	0.099400476
289	-82.94134179022201	0.10850435
290	-82.73523509542001	0.11620037
291	-82.529128400618	0.10028733
292	-82.323021705816	0.102166034
293	-82.116915011014	0.10911771
294	-81.910808316212	0.10233545
295	-81.70470162141	0.109956816
296	-81.49859492660799	0.11982877
297	-81.292488231806	0.10660063
298	-81.086381537004	0.10543095
299	-80.880274842202	0.10853421
300	-80.67416814740001	0.097204566
301	-80.46806145259801	0.112357095
302	-80.261954757796	0.11110914
303	-80.055848062994	0.10484256
304	-79.849741368192	0.09778835
305	-79.64363467339001	0.11454625
306	-79.43752797858801	0.10387974
307	-79.231421283786	0.09577166
308	-79.025314588984	0.09930623
309	-78.81920789418201	0.10573001
310	-78.61310119938001	0.100846544
311	-78.40699450457801	0.09783312
312	-78.200887809776	0.11402351
313	-77.994781114974	0.105393015
314	-77.788674420172	0.10657619
315	-77.58256772537	0.10514966
316	-77.376461030568	0.105633534
317	-77.17035433576599	0.10516493
318	-76.964247640964	0.11393829
319	-76.758140946162	0.111523286
320	-76.55203425136	0.11388276
321	-76.345927556558	0.093044445
322	-76.13982086175601	0.09860314
323	-75.933714166954	0.11082387
324	-75.727607472152	0.10921111
325	-75.52150077735001	0.10506173
326	-75.31539408254801	0.104050554
327	-75.10928738774601	0.10912994
328	-74.903180692944	0.10254174
329	-74.697073998142	0.09621467
330	-74.49096730334	0.10025291
331	-74.284860608538	0.11571617
332	-74.078753913736	0.09494923
333	-73.87264721893399	0.108611666
334	-73.66654052413202	0.10471682
335	-73.46043382933001	0.10646457
336	-73.25432713452801	0.09643136
337	-73.04822043972601	0.10765626
338	-72.842113744924	0.099308096
339	-72.636007050122	0.12010655
340	-72.42990035532	0.10224748
341	-72.223793660518	0.104465894
342	-72.017686965716	0.09946739
343	-71.811580270914	0.10516102
344	-71.605473576112	0.09624929
345	-71.39936688131	0.09203431
346	-71.19326018650801	0.10163158
347	-70.98715349170601	0.089222714
348	-70.78104679690401	0.094562404
349	-70.574940102102	0.11951311
350	-70.3688334073	0.11349903
351	-70.162726712498	0.12268907
352	-69.956620017696	0.10443036
353	-69.75051332289401	0.09538608
354	-69.544406628092	0.1051669
355	-69.33829993329	0.1039079
356	-69.132193238488	0.088829435
357	-68.926086543686	0.11159742
358	-68.71997984888401	0.10539253
359	-68.513873154082	0.11527734
360	-68.30776645928	0.09542133
361	-68.101659764478	0.11493833
362	-67.89555306967601	0.10835674
363	-67.68944637487401	0.11582018
364	-67.483339680072	0.1151694
365	-67.27723298527	0.10379269
366	-67.071126290468	0.10336622
367	-66.865019595666	0.11354561
368	-66.658912900864	0.09823282
369	-66.452806206062	0.10130312
370	-66.24669951126	0.12040277
371	-66.04059281645802	0.10543255
372	-65.83448612165601	0.10325898
373	-65.62837942685401	0.106991485
374	-65.42227273205201	0.103387855
375	-65.21616603725	0.10380945
376	-65.010059342448	0.107579
377	-64.803952647646	0.10206806
378	-64.597845952844	0.11326198
379	-64.391739258042	0.10652853
380	-64.18563256324	0.09726479
381	-63.97952586843801	0.11293215
382	-63.77341917363601	0.09373197
383	-63.567312478834005	0.104779
384	-63.361205784032	0.10569224
385	-63.155099089230006	0.11375498
386	-62.948992394428004	0.10883195
387	-62.742885699626	0.10252647
388	-62.536779004824	0.11326668
389	-62.33067231002201	0.103186615
390	-62.12456561522001	0.109961696
391	-61.91845892041801	0.11010768
392	-61.71235222561601	0.11074862
393	-61.506245530814006	0.097564645
394	-61.300138836012	0.104480825
395	-61.09403214121	0.10544762
396	-60.887925446408	0.09171483
397	-60.681818751606	0.09962206
398	-60.475712056804014	0.1039048
399	-60.26960536200201	0.10938648
400	-60.06349866720001	0.10129418
401	-59.857391972398005	0.113340646
402	-59.651285277596	0.116540894
403	-59.44517858279401	0.11164595
404	-59.239071887992004	0.0887782
405	-59.03296519319	0.10421168
406	-58.826858498388	0.101591304
407	-58.62075180358601	0.10701457
408	-58.41464510878401	0.1178021
409	-58.20853841398201	0.10615269
410	-58.00243171918001	0.10635198
411	-57.79632502437801	0.107966796
412	-57.590218329576004	0.104608625
413	-57.384111634774	0.09120789
414	-57.178004939972	0.1132747
415	-56.97189824517	0.09850884
416	-56.765791550368014	0.09768072
417	-56.55968485556601	0.10083391
418	-56.35357816076401	0.10248262
419	-56.147471465962006	0.10513313
420	-55.94136477116	0.10742208
421	-55.73525807635801	0.0949772
422	-55.529151381556005	0.10297009
423	-55.323044686754	0.11483557
424	-55.116937991952	0.10339813
425	-54.91083129715	0.10315818
426	-54.70472460234801	0.1137893
427	-54.49861790754601	0.10301629
428	-54.29251121274401	0.10247556
429	-54.08640451794201	0.10864018
430	-53.880297823140005	0.1085186
431	-53.674191128338	0.10772468
432	-53.468084433536	0.09778526
433	-53.261977738734	0.117529884
434	-53.055871043932	0.10297831
435	-52.84976434913001	0.094546385
436	-52.64365765432801	0.11288437
437	-52.43755095952601	0.100583576
438	-52.231444264724004	0.104934916
439	-52.025337569922	0.113747016
440	-51.819230875120006	0.11155641
441	-51.613124180318	0.10720969
442	-51.407017485516	0.11560459
443	-51.200910790714	0.087853454
444	-50.99480409591201	0.10326293
445	-50.788697401110014	0.10561289
446	-50.58259070630801	0.115669996
447	-50.37648401150601	0.093743496
448	-50.170377316704005	0.09656827
449	-49.964270621902	0.10859038
450	-49.7581639271	0.11766676
451	-49.552057232298	0.11169444
452	-49.345950537496	0.102649525
453	-49.13984384269401	0.09634039
454	-48.93373714789201	0.10133136
455	-48.72763045309001	0.098514535
456	-48.521523758288005	0.10392241
457	-48.315417063486	0.10308283
458	-48.10931036868401	0.09900216
459	-47.903203673882004	0.09161032
460	-47.69709697908	0.108834535
461	-47.490990284278	0.08907655
462	-47.28488358947601	0.09722988
463	-47.07877689467401	0.10940607
464	-46.87267019987201	0.10631135
465	-46.66656350507001	0.10266191
466	-46.460456810268006	0.086188145
467	-46.254350115466	0.11946211
468	-46.048243420664	0.10337286
469	-45.842136725862	0.101674706
470	-45.63603003106	0.10429821
471	-45.429923336258014	0.11665863
472	-45.22381664145601	0.094533384
473	-45.01770994665401	0.10100198
474	-44.811603251852006	0.111317694
475	-44.60549655705	0.11553643
476	-44.39938986224801	0.101284266
477	-44.193283167446005	0.11181393
478	-43.987176472644	0.10520128
479	-43.781069777842	0.09280002
480	-43.57496308304	0.1119232
481	-43.36885638823801	0.09141449
482	-43.16274969343601	0.11650024
483	-42.95664299863401	0.11005598
484	-42.75053630383201	0.09965012
485	-42.544429609030004	0.10750187
486	-42.338322914228	0.10080334
487	-42.132216219426	0.10708238
488	-41.926109524624	0.11637294
489	-41.720002829822	0.093178794
490	-41.51389613502001	0.09840497
491	-41.30778944021801	0.099162504
492	-41.10168274541601	0.100366674
493	-40.895576050614004	0.11221886
494	-40.68946935581201	0.09709388
495	-40.483362661010005	0.1001594
496	-40.277255966208	0.102157295
497	-40.071149271406	0.09758176
498	-39.865042576604	0.10982242
499	-39.65893588180201	0.1018716
500	-39.45282918700001	0.10572123
501	-39.24672249219801	0.12098091
502	-39.04061579739601	0.108082384
503	-38.834509102594005	0.105735876
504	-38.628402407792	0.10349687
505	-38.42229571299	0.097440206
506	-38.216189018188004	0.106407315
507	-38.010082323386	0.11044776
508	-37.80397562858401	0.08112722
509	-37.59786893378201	0.10555203
510	-37.39176223898001	0.10737889
511	-37.185655544178005	0.10488245
512	-36.97954884937601	0.09755708
513	-36.773442154574006	0.09096288
514	-36.567335459772	0.106224954
515	-36.36122876497	0.09772018
516	-36.155122070168	0.10667918
517	-35.94901537536601	0.10819981
518	-35.742908680564014	0.08580736
519	-35.53680198576201	0.099936984
520	-35.33069529096001	0.10671543
521	-35.124588596158006	0.117836416
522	-34.918481901356	0.08960587
523	-34.712375206554	0.11549674
524	-34.506268511752005	0.10822306
525	-34.30016181695	0.11400427
526	-34.09405512214801	0.11459353
527	-33.88794842734601	0.11002789
528	-33.68184173254401	0.10466904
529	-33.475735037742005	0.10503698
530	-33.26962834294001	0.10444238
531	-33.06352164813801	0.11015729
532	-32.857414953336004	0.10070804
533	-32.651308258534	0.10404632
534	-32.445201563732	0.10786985
535	-32.23909486893001	0.12619168
536	-32.032988174128015	0.119439065
537	-31.82688147932601	0.111853845
538	-31.62077478452401	0.10540657
539	-31.414668089722007	0.09922263
540	-31.208561394920004	0.09853631
541	-31.002454700118005	0.08963925
542	-30.796348005316002	0.09983763
543	-30.590241310514	0.09790315
544	-30.384134615712014	0.102616236
545	-30.17802792091001	0.09588316
546	-29.97192122610801	0.1110112
547	-29.76581453130601	0.08721834
548	-29.559707836504007	0.101560615
549	-29.353601141702004	0.09682613
550	-29.147494446900005	0.12013961
551	-28.941387752098002	0.10000578
552	-28.735281057296	0.1032959
553	-28.529174362494	0.10067171
554	-28.323067667692012	0.10111414
555	-28.11696097289001	0.104500346
556	-27.91085427808801	0.10444263
557	-27.704747583286007	0.117343634
558	-27.498640888484005	0.102154665
559	-27.292534193682005	0.10334702
560	-27.086427498880003	0.10627012
561	-26.880320804078	0.09080535
562	-26.674214109276	0.110967435
563	-26.468107414474012	0.11811346
564	-26.26200071967201	0.09431554
565	-26.05589402487001	0.09513077
566	-25.849787330068008	0.11422409
567	-25.643680635266005	0.11296232
568	-25.437573940464006	0.113119304
569	-25.231467245662003	0.10534507
570	-25.02536055086	0.10310527
571	-24.819253856058	0.114320435
572	-24.613147161256013	0.09710062
573	-24.40704046645401	0.10448535
574	-24.20093377165201	0.11815313
575	-23.994827076850008	0.09939919
576	-23.788720382048005	0.09194842
577	-23.582613687246006	0.082625315
578	-23.376506992444003	0.11500973
579	-23.170400297642	0.10089625
580	-22.96429360284	0.09615533
581	-22.758186908038013	0.09491931
582	-22.55208021323601	0.112352304
583	-22.34597351843401	0.10156634
584	-22.13986682363201	0.090435185
585	-21.933760128830006	0.116487734
586	-21.727653434028007	0.10711006
587	-21.521546739226004	0.106587574
588	-21.315440044424	0.0908687
589	-21.109333349622002	0.10825091
590	-20.903226654820013	0.089263275
591	-20.69711996001801	0.102989905
592	-20.49101326521601	0.091413006
593	-20.28490657041401	0.101193845
594	-20.078799875612006	0.10123766
595	-19.872693180810007	0.09633673
596	-19.666586486008004	0.08561171
597	-19.460479791206	0.10370642
598	-19.254373096404002	0.11605552
599	-19.048266401602014	0.095580615
600	-18.84215970680001	0.10173149
601	-18.636053011998012	0.08902426
602	-18.42994631719601	0.100512914
603	-18.223839622394006	0.08840812
604	-18.017732927592007	0.10309017
605	-17.811626232790005	0.107105285
606	-17.605519537988002	0.09560848
607	-17.399412843186	0.11337637
608	-17.193306148384	0.105475366
609	-16.98719945358201	0.093410194
610	-16.781092758780012	0.08739951
611	-16.57498606397801	0.101805344
612	-16.368879369176007	0.106975056
613	-16.162772674374004	0.11155676
614	-15.956665979572005	0.09511447
615	-15.750559284770002	0.102164574
616	-15.544452589968001	0.11374232
617	-15.338345895166	0.094864435
618	-15.132239200364012	0.105937816
619	-14.92613250556201	0.10148494
620	-14.72002581076001	0.1012907
621	-14.513919115958007	0.11016988
622	-14.307812421156006	0.10438115
623	-14.101705726354005	0.10887875
624	-13.895599031552003	0.11062932
625	-13.689492336750002	0.096986346
626	-13.483385641948	0.10017921
627	-13.277278947146012	0.09487773
628	-13.071172252344011	0.10784728
629	-12.86506555754201	0.09876572
630	-12.658958862740008	0.10794315
631	-12.452852167938007	0.096673325
632	-12.246745473136006	0.12482349
633	-12.040638778334003	0.12032248
634	-11.834532083532002	0.097428456
635	-11.62842538873	0.10597626
636	-11.422318693928013	0.10406832
637	-11.216211999126012	0.109758414
638	-11.01010530432401	0.09791335
639	-10.803998609522008	0.10100573
640	-10.597891914720007	0.110599734
641	-10.391785219918004	0.09774226
642	-10.185678525116003	0.1020265
643	-9.979571830314002	0.096228786
644	-9.773465135512	0.09721492
645	-9.567358440709999	0.1038634
646	-9.361251745907998	0.101791754
647	-9.155145051105995	0.10726995
648	-8.949038356303994	0.10143702
649	-8.742931661501993	0.11989561
650	-8.53682496670002	0.082010634
651	-8.330718271898018	0.08944947
652	-8.124611577096017	0.0925026
653	-7.918504882294015	0.09351188
654	-7.712398187492013	0.091357835
655	-7.506291492690012	0.08347796
656	-7.300184797888011	0.08991689
657	-7.094078103086009	0.08550383
658	-6.887971408284008	0.08710948
659	-6.681864713482006	0.090353
660	-6.475758018680004	0.1034753
661	-6.269651323878002	0.07795152
662	-6.063544629076001	0.10133264
663	-5.8574379342739995	0.09716116
664	-5.651331239471998	0.1070633
665	-5.445224544669996	0.09854608
666	-5.239117849867995	0.072103366
667	-5.033011155065993	0.08402154
668	-4.8269044602640205	0.08471733
669	-4.620797765462019	0.094739705
670	-4.414691070660018	0.08143878
671	-4.208584375858016	0.1153649
672	-4.002477681056014	0.09181895
673	-3.7963709862540127	0.086037934
674	-3.5902642914520113	0.10632318
675	-3.3841575966500095	0.107673906
676	-3.178050901848008	0.07495028
677	-2.9719442070460063	0.10095392
678	-2.765837512244005	0.0998585
679	-2.559730817442003	0.09802881
680	-2.3536241226400016	0.081543885
681	-2.147517427838	0.106537685
682	-1.9414107330359984	0.104880184
683	-1.7353040382339968	0.08258952
684	-1.5291973434319952	0.07809617
685	-1.3230906486299936	0.1215711
686	-1.1169839538280213	0.10449596
687	-0.9108772590260196	0.089278154
688	-0.7047705642240181	0.09723908
689	-0.49866386942201646	0.10811422
690	-0.29255717462001485	0.11572027
691	-0.08645047981801326	0.090475455
692	0.11965621498398832	0.10340598
693	0.32576290978598993	0.09364263
694	0.5318696045879915	0.09736384
695	0.7379762993899931	0.09734078
696	0.9440829941919947	0.10505015
697	1.1501896889939962	0.1066867
698	1.3562963837959978	0.0855648
699	1.5624030785979994	0.11083193
700	1.768509773400001	0.08224384
701	1.9746164682020027	0.09283045
702	2.180723163004004	0.08411768
703	2.386829857806006	0.106977716
704	2.5929365526080073	0.1029187
705	2.79904324740998	0.095353745
706	3.0051499422119816	0.11953638
707	3.211256637013983	0.10469073
708	3.4173633318159844	0.10617511
709	3.6234700266179862	0.09693532
710	3.8295767214199876	0.107967585
711	4.035683416221989	0.11110883
712	4.241790111023991	0.097350545
713	4.447896805825993	0.121158876
714	4.6540035006279945	0.1046203
715	4.8601101954299954	0.106441766
716	5.066216890231997	0.10744522
717	5.272323585033999	0.10430774
718	5.478430279836	0.0905917
719	5.684536974638002	0.099151365
720	5.890643669440004	0.096793294
721	6.096750364242006	0.10641997
722	6.3028570590440065	0.10130358
723	6.508963753845979	0.12950106
724	6.715070448647981	0.09696014
725	6.921177143449983	0.102265835
726	7.127283838251984	0.1034614
727	7.3333905330539855	0.10365631
728	7.539497227855987	0.0975619
729	7.745603922657989	0.10021272
730	7.95171061745999	0.09446053
731	8.157817312261992	0.11351871
732	8.363924007063993	0.094598874
733	8.570030701865996	0.1079488
734	8.776137396667997	0.099459104
735	8.982244091469997	0.09119204
736	9.188350786272	0.10458061
737	9.394457481074001	0.11163473
738	9.600564175876004	0.13086855
739	9.806670870678005	0.099961385
740	10.012777565480006	0.10942437
741	10.218884260281978	0.09521652
742	10.424990955083981	0.104576856
743	10.631097649885982	0.10676944
744	10.837204344687983	0.089564025
745	11.043311039489986	0.10002826
746	11.249417734291987	0.09617708
747	11.455524429093987	0.08641748
748	11.66163112389599	0.09968702
749	11.867737818697991	0.0992528
750	12.073844513499992	0.10200913
751	12.279951208301995	0.10359578
752	12.486057903103996	0.09726022
753	12.692164597905998	0.09404138
754	12.898271292708	0.10582031
755	13.10437798751	0.108831495
756	13.310484682312003	0.10628673
757	13.516591377114004	0.117420495
758	13.722698071916005	0.110170156
759	13.928804766717978	0.11272326
760	14.13491146151998	0.09844299
761	14.341018156321981	0.09572916
762	14.547124851123982	0.104442626
763	14.753231545925985	0.073756784
764	14.959338240727986	0.10164464
765	15.165444935529987	0.08977178
766	15.37155163033199	0.109905906
767	15.57765832513399	0.122061834
768	15.783765019935993	0.08958144
769	15.989871714737994	0.09861798
770	16.195978409539997	0.10553414
771	16.402085104341996	0.11126268
772	16.608191799144	0.11909487
773	16.814298493946	0.09973167
774	17.020405188748	0.1232821
775	17.226511883550003	0.122932255
776	17.432618578352006	0.104744144
777	17.638725273154005	0.09529614
778	17.84483196795598	0.103905655
779	18.050938662757982	0.10956167
780	18.25704535755998	0.11785989
781	18.463152052361984	0.10886901
782	18.669258747163987	0.08821554
783	18.875365441965986	0.12932388
784	19.08147213676799	0.113930106
785	19.28757883156999	0.11795632
786	19.49368552637199	0.1045203
787	19.699792221173993	0.09802608
788	19.905898915975996	0.0870652
789	20.112005610777995	0.09357013
790	20.318112305579998	0.10414666
791	20.524219000382	0.11273046
792	20.730325695184	0.110035114
793	20.936432389986003	0.122535825
794	21.142539084788005	0.09425671
795	21.348645779590004	0.11233725
796	21.55475247439198	0.10475382
797	21.76085916919398	0.115017325
798	21.96696586399598	0.113179386
799	22.173072558797983	0.08848863
800	22.379179253599986	0.094432436
801	22.585285948401985	0.10215187
802	22.791392643203988	0.11043184
803	22.99749933800599	0.10788964
804	23.20360603280799	0.10814141
805	23.409712727609993	0.08983682
806	23.615819422411995	0.110311724
807	23.821926117213994	0.10894401
808	24.028032812015997	0.08790425
809	24.234139506818	0.07808195
810	24.44024620162	0.10888565
811	24.646352896422002	0.10354503
812	24.852459591224004	0.09045718
813	25.058566286026004	0.11231585
814	25.264672980827978	0.12910116
815	25.47077967562998	0.09345017
816	25.67688637043198	0.12084011
817	25.882993065233983	0.09407275
818	26.089099760035985	0.11167975
819	26.295206454837984	0.0858525
820	26.501313149639987	0.096779175
821	26.70741984444199	0.104770795
822	26.91352653924399	0.09952569
823	27.119633234045992	0.11871196
824	27.325739928847995	0.10762912
825	27.531846623649994	0.099862404
826	27.737953318451996	0.09615016
827	27.944060013254	0.08319831
828	28.150166708056	0.09307562
829	28.356273402858	0.11460295
830	28.562380097660004	0.097696945
831	28.768486792462006	0.10751874
832	28.974593487263977	0.10004672
833	29.18070018206598	0.108781785
834	29.38680687686798	0.101738185
835	29.592913571669982	0.09090391
836	29.799020266471985	0.09991875
837	30.005126961273984	0.117093876
838	30.211233656075986	0.12039859
839	30.41734035087799	0.10266522
840	30.62344704567999	0.11334526
841	30.82955374048199	0.1138001
842	31.035660435283994	0.09118648
843	31.241767130085996	0.10225463
844	31.447873824887996	0.10672294
845	31.65398051969	0.09215607
846	31.860087214492	0.10026155
847	32.066193909294	0.09943252
848	32.272300604096	0.10141691
849	32.478407298898006	0.1055323
850	32.68451399370001	0.0875064
851	32.890620688501976	0.108844295
852	33.09672738330398	0.106885605
853	33.30283407810598	0.103689745
854	33.508940772907984	0.09581551
855	33.71504746770999	0.100013144
856	33.92115416251199	0.106155604
857	34.127260857313985	0.10257015
858	34.33336755211599	0.100774944
859	34.53947424691799	0.103447944
860	34.74558094171999	0.09785319
861	34.951687636521996	0.0916272
862	35.157794331324	0.091701135
863	35.363901026125994	0.10754458
864	35.570007720928	0.11299491
865	35.77611441573	0.10742131
866	35.982221110532	0.106728725
867	36.188327805334005	0.107432604
868	36.39443450013601	0.104245275
869	36.600541194937975	0.09949258
870	36.80664788973998	0.13042554
871	37.01275458454198	0.11204869
872	37.21886127934398	0.094398186
873	37.424967974145986	0.09947628
874	37.63107466894799	0.10573911
875	37.837181363749984	0.10175661
876	38.04328805855199	0.11766645
877	38.24939475335399	0.12136948
878	38.45550144815599	0.09956246
879	38.661608142957995	0.093034156
880	38.86771483776	0.095902115
881	39.07382153256199	0.111663595
882	39.279928227363996	0.11179541
883	39.486034922166	0.1090324
884	39.692141616968	0.11124006
885	39.898248311770004	0.11002131
886	40.10435500657201	0.11161144
887	40.310461701373974	0.09736496
888	40.51656839617598	0.09110261
889	40.72267509097798	0.10590265
890	40.92878178577998	0.10608321
891	41.134888480581985	0.109821424
892	41.34099517538399	0.095499985
893	41.54710187018598	0.104592845
894	41.753208564987986	0.09645216
895	41.95931525978999	0.09356871
896	42.16542195459199	0.114166595
897	42.371528649393994	0.10524902
898	42.577635344196	0.102512896
899	42.783742038998	0.10806352
900	42.989848733799995	0.08677265
901	43.195955428602	0.1059239
902	43.402062123404	0.13062489
903	43.608168818206	0.112851225
904	43.814275513008006	0.10216945
905	44.02038220781001	0.081259266
906	44.226488902611976	0.08866295
907	44.43259559741398	0.10821618
908	44.63870229221598	0.09647514
909	44.844808987017984	0.106855534
910	45.05091568181999	0.09494586
911	45.25702237662198	0.10317668
912	45.463129071423985	0.104027204
913	45.66923576622599	0.10589062
914	45.87534246102799	0.10462356
915	46.08144915582999	0.10348771
916	46.287555850631996	0.109339155
917	46.493662545434	0.10247568
918	46.699769240235995	0.113004655
919	46.905875935038	0.10801826
920	47.11198262984	0.1028816
921	47.318089324642	0.09861211
922	47.524196019444005	0.11345895
923	47.73030271424601	0.10328608
924	47.936409409047975	0.10307811
925	48.14251610384998	0.097839564
926	48.34862279865198	0.11942672
927	48.55472949345398	0.10814974
928	48.760836188255986	0.10404953
929	48.96694288305799	0.108204305
930	49.173049577859985	0.10476941
931	49.37915627266199	0.109068856
932	49.58526296746399	0.08639597
933	49.79136966226599	0.112999454
934	49.997476357067995	0.09454396
935	50.20358305187	0.10557722
936	50.409689746671994	0.114012115
937	50.615796441474	0.11097747
938	50.821903136276	0.10805116
939	51.028009831078	0.10889433
940	51.234116525880005	0.112439185
941	51.44022322068201	0.10436444
942	51.646329915483975	0.10472118
943	51.85243661028598	0.09263882
944	52.05854330508798	0.117195204
945	52.26464999988998	0.10057415
946	52.470756694691985	0.11542668
947	52.67686338949399	0.1076265
948	52.882970084295984	0.09755727
949	53.08907677909799	0.09933701
950	53.29518347389999	0.107716314
951	53.50129016870199	0.09606701
952	53.707396863503995	0.09254347
953	53.913503558306	0.09096997
954	54.11961025310799	0.096075445
955	54.325716947909996	0.09563801
956	54.531823642712	0.0870592
957	54.737930337514	0.0985181
958	54.944037032316004	0.10494254
959	55.15014372711801	0.106125765
960	55.35625042192	0.11800367
961	55.56235711672198	0.09623973
962	55.76846381152398	0.08930129
963	55.97457050632598	0.09657112
964	56.180677201127985	0.09965506
965	56.38678389592999	0.1053348
966	56.59289059073198	0.112142414
967	56.798997285533986	0.10083871
968	57.00510398033599	0.099792615
969	57.21121067513799	0.11387453
970	57.417317369939994	0.10359197
971	57.623424064742	0.095448434
972	57.82953075954399	0.09651663
973	58.035637454345995	0.11613948
974	58.241744149148	0.10323615
975	58.44785084395	0.10489468
976	58.653957538752	0.11094791
977	58.860064233554006	0.12296384
978	59.066170928356	0.088587426
979	59.272277623157976	0.104593195
980	59.47838431795998	0.09196977
981	59.68449101276198	0.10556611
982	59.890597707563984	0.09930828
983	60.09670440236599	0.11224872
984	60.30281109716798	0.09500054
985	60.508917791969985	0.10587826
986	60.71502448677199	0.10147164
987	60.92113118157399	0.09920642
988	61.12723787637599	0.10183851
989	61.333344571177996	0.113431655
990	61.53945126597999	0.115861945
991	61.745557960781994	0.10899659
992	61.951664655584	0.107470855
993	62.157771350386	0.09793049
994	62.363878045188	0.10828189
995	62.569984739990005	0.106866114
996	62.77609143479201	0.10734183
997	62.982198129593975	0.11325598
998	63.18830482439598	0.1029734
999	63.39441151919798	0.10398051
1000	63.60051821399998	0.10377613
1001	63.806624908801986	0.1034813
1002	64.01273160360398	0.10008951
1003	64.21883829840598	0.11460315
1004	64.42494499320799	0.100281425
1005	64.63105168800999	0.09032422
1006	64.83715838281199	0.105634965
1007	65.043265077614	0.10706171
1008	65.249371772416	0.0930548
1009	65.455478467218	0.10341402
1010	65.66158516202	0.08455373
1011	65.867691856822	0.095419854
1012	66.073798551624	0.101215325
1013	66.279905246426	0.1001245
1014	66.486011941228	0.08943542
1015	66.69211863602997	0.10936563
1016	66.89822533083198	0.11649257
1017	67.10433202563398	0.09431862
1018	67.31043872043598	0.09535723
1019	67.51654541523799	0.09728659
1020	67.72265211003999	0.11110597
1021	67.92875880484199	0.09701543
1022	68.134865499644	0.11055749
1023	68.34097219444598	0.111074135
1024	68.54707888924798	0.11237506
1025	68.75318558404999	0.10907791
1026	68.95929227885199	0.11911253
1027	69.16539897365399	0.099398434
1028	69.371505668456	0.1020866
1029	69.577612363258	0.1015334
1030	69.78371905806	0.09757219
1031	69.989825752862	0.11259172
1032	70.195932447664	0.08676877
1033	70.40203914246601	0.0999425
1034	70.60814583726798	0.10092885
1035	70.81425253206997	0.09471142
1036	71.02035922687197	0.11450695
1037	71.22646592167398	0.10936354
1038	71.43257261647598	0.10097305
1039	71.63867931127798	0.11572841
1040	71.84478600607999	0.1032843
1041	72.05089270088199	0.10641193
1042	72.25699939568399	0.10375224
1043	72.463106090486	0.10850394
1044	72.669212785288	0.10858836
1045	72.87531948009	0.11591645
1046	73.081426174892	0.09810142
1047	73.287532869694	0.111631334
1048	73.493639564496	0.11776746
1049	73.699746259298	0.10827853
1050	73.9058529541	0.10019142
1051	74.111959648902	0.1080633
1052	74.31806634370398	0.09172034
1053	74.52417303850598	0.10742812
1054	74.73027973330798	0.1202277
1055	74.93638642810998	0.100421704
1056	75.14249312291199	0.11732221
1057	75.34859981771399	0.09869945
1058	75.55470651251599	0.11005389
1059	75.760813207318	0.102562934
1060	75.96691990211998	0.106076896
1061	76.17302659692199	0.10612924
1062	76.37913329172399	0.104969814
1063	76.58523998652599	0.10683091
1064	76.791346681328	0.09550723
1065	76.99745337613	0.111533195
1066	77.203560070932	0.098950416
1067	77.409666765734	0.1073119
1068	77.615773460536	0.108393654
1069	77.82188015533801	0.10958925
1070	78.02798685013998	0.10000849
1071	78.23409354494198	0.11062155
1072	78.44020023974397	0.08546896
1073	78.64630693454598	0.09457757
1074	78.85241362934798	0.10913374
1075	79.05852032414998	0.11614809
1076	79.26462701895198	0.1075827
1077	79.47073371375399	0.09023965
1078	79.67684040855599	0.101044044
1079	79.88294710335799	0.09719972
1080	80.08905379816	0.11033329
1081	80.295160492962	0.113579296
1082	80.501267187764	0.10266758
1083	80.707373882566	0.11871002
1084	80.91348057736799	0.105790436
1085	81.11958727217	0.11311288
1086	81.325693966972	0.09748645
1087	81.531800661774	0.10632936
1088	81.73790735657597	0.11991227
1089	81.94401405137798	0.11305735
1090	82.15012074617998	0.09600819
1091	82.35622744098198	0.10980576
1092	82.56233413578398	0.09812514
1093	82.76844083058599	0.0945977
1094	82.97454752538799	0.10772889
1095	83.18065422019	0.10503845
1096	83.38676091499198	0.10682567
1097	83.59286760979398	0.09947541
1098	83.79897430459599	0.11126211
1099	84.00508099939799	0.10638094
1100	84.21118769419999	0.11274684
1101	84.417294389002	0.111109726
1102	84.623401083804	0.106152244
1103	84.829507778606	0.09305634
1104	85.035614473408	0.08779472
1105	85.24172116821	0.08755306
1106	85.44782786301201	0.09148912
1107	85.65393455781398	0.10125389
1108	85.86004125261597	0.09735969
1109	86.06614794741797	0.103650585
1110	86.27225464221998	0.097146034
1111	86.47836133702198	0.08629705
1112	86.68446803182398	0.09869519
1113	86.89057472662599	0.10527184
1114	87.09668142142799	0.1022644
1115	87.30278811622999	0.1016214
1116	87.508894811032	0.10408639
1117	87.715001505834	0.11896712
1118	87.921108200636	0.10190892
1119	88.127214895438	0.10979363
1120	88.33332159023999	0.09923579
1121	88.53942828504199	0.095043965
1122	88.745534979844	0.101139724
1123	88.951641674646	0.10351183
1124	89.157748369448	0.11294454
1125	89.36385506424998	0.09607885
1126	89.56996175905198	0.10954271
1127	89.77606845385398	0.10782635
1128	89.98217514865598	0.09928095
1129	90.18828184345799	0.09527851
1130	90.39438853825999	0.106054746
1131	90.60049523306199	0.10406084
1132	90.80660192786398	0.09921117
1133	91.01270862266598	0.0975933
1134	91.21881531746799	0.11109881
1135	91.42492201226999	0.11556225
1136	91.63102870707199	0.10004605
1137	91.837135401874	0.10182824
1138	92.043242096676	0.11197514
1139	92.249348791478	0.105610296
1140	92.45545548628	0.111356914
1141	92.661562181082	0.10600566
1142	92.86766887588401	0.12573764
1143	93.07377557068598	0.09846392
1144	93.27988226548797	0.108124845
1145	93.48598896028997	0.11006524
1146	93.69209565509198	0.099667944
1147	93.89820234989398	0.11428398
1148	94.10430904469598	0.11732198
1149	94.31041573949798	0.10749798
1150	94.51652243429999	0.10609324
1151	94.72262912910199	0.08806686
1152	94.92873582390399	0.11062925
1153	95.134842518706	0.104646266
1154	95.340949213508	0.09693952
1155	95.54705590831	0.10501972
1156	95.753162603112	0.109243125
1157	95.95926929791399	0.10803896
1158	96.165375992716	0.09826094
1159	96.371482687518	0.10610478
1160	96.57758938232	0.108550265
1161	96.783696077122	0.10723916
1162	96.98980277192398	0.10693286
1163	97.19590946672598	0.09894215
1164	97.40201616152798	0.09544664
1165	97.60812285632998	0.096241936
1166	97.81422955113199	0.10100715
1167	98.02033624593399	0.09677684
1168	98.22644294073599	0.10463634
1169	98.43254963553798	0.11571037
1170	98.63865633033998	0.09880772
1171	98.84476302514199	0.11855663
1172	99.05086971994399	0.10564667
1173	99.25697641474599	0.10203561
1174	99.463083109548	0.12346287
1175	99.66918980435	0.09316937
1176	99.875296499152	0.10602779
1177	100.081403193954	0.10681659
1178	100.287509888756	0.11336284
1179	100.49361658355801	0.100820705
1180	100.69972327835998	0.10680887
1181	100.90582997316197	0.10710062
1182	101.11193666796397	0.103755005
1183	101.31804336276598	0.087938935
1184	101.52415005756798	0.09678945
1185	101.73025675236998	0.113864616
1186	101.93636344717198	0.101458475
1187	102.14247014197399	0.11521266
1188	102.34857683677599	0.11263942
1189	102.554683531578	0.086798206
1190	102.76079022638	0.10599856
1191	102.966896921182	0.09648416
1192	103.173003615984	0.115929335
1193	103.37911031078599	0.09320863
1194	103.58521700558799	0.103460915
1195	103.79132370039	0.11123958
1196	103.997430395192	0.10295763
1197	104.203537089994	0.1059228
1198	104.40964378479597	0.10846649
1199	104.61575047959798	0.11470502
1200	104.82185717439998	0.09535842
1201	105.02796386920198	0.09183475
1202	105.23407056400399	0.09638884
1203	105.44017725880599	0.11378075
1204	105.64628395360799	0.10425585
1205	105.85239064840998	0.11264998
1206	106.05849734321198	0.09686974
1207	106.26460403801399	0.10286402
1208	106.47071073281599	0.10841879
1209	106.67681742761799	0.09095799
1210	106.88292412242	0.09808861
1211	107.089030817222	0.11283842
1212	107.295137512024	0.09861925
1213	107.501244206826	0.1053414
1214	107.707350901628	0.102886245
1215	107.91345759643	0.10378683
1216	108.11956429123201	0.093688145
1217	108.32567098603397	0.088320896
1218	108.53177768083597	0.102582395
1219	108.73788437563798	0.10092764
1220	108.94399107043998	0.12607278
1221	109.15009776524198	0.10590136
1222	109.35620446004398	0.11849217
1223	109.56231115484599	0.11046395
1224	109.76841784964799	0.09246152
1225	109.97452454444999	0.11724531
1226	110.180631239252	0.103865415
1227	110.386737934054	0.10341314
1228	110.592844628856	0.09201235
1229	110.79895132365799	0.11739861
1230	111.00505801845999	0.10187271
1231	111.211164713262	0.100292705
1232	111.417271408064	0.112324946
1233	111.623378102866	0.11558136
1234	111.829484797668	0.102574974
1235	112.03559149246998	0.11236238
1236	112.24169818727198	0.109345764
1237	112.44780488207398	0.10751601
1238	112.65391157687598	0.11253723
1239	112.86001827167799	0.100308776
1240	113.06612496647999	0.113974325
1241	113.27223166128198	0.12163335
1242	113.47833835608398	0.10342714
1243	113.68444505088598	0.10660003
1244	113.89055174568799	0.1046589
1245	114.09665844048999	0.10695941
1246	114.30276513529199	0.10740202
1247	114.508871830094	0.10250506
1248	114.714978524896	0.11282241
1249	114.921085219698	0.10323238
1250	115.1271919145	0.111368
1251	115.333298609302	0.09583017
1252	115.53940530410401	0.11687548
1253	115.74551199890597	0.11047572
1254	115.95161869370797	0.104200296
1255	116.15772538850997	0.10068085
1256	116.36383208331198	0.113653764
1257	116.56993877811398	0.100106135
1258	116.77604547291598	0.111281596
1259	116.98215216771798	0.11074281
1260	117.18825886251999	0.09631917
1261	117.39436555732199	0.10815874
1262	117.60047225212399	0.11051072
1263	117.806578946926	0.11167952
1264	118.012685641728	0.11397386
1265	118.21879233653	0.102368295
1266	118.42489903133199	0.11008366
1267	118.63100572613399	0.113401875
1268	118.837112420936	0.104773864
1269	119.043219115738	0.118128024
1270	119.24932581054	0.112340055
1271	119.45543250534197	0.11061845
1272	119.66153920014398	0.11353882
1273	119.86764589494598	0.095271535
1274	120.07375258974798	0.11071734
1275	120.27985928454999	0.1081115
1276	120.48596597935199	0.10261761
1277	120.69207267415399	0.11135515
1278	120.89817936895598	0.11862289
1279	121.10428606375798	0.100768834
1280	121.31039275855998	0.11160667
1281	121.51649945336199	0.10044648
1282	121.72260614816399	0.105945855
1283	121.928712842966	0.104622886
1284	122.134819537768	0.10088703
1285	122.34092623257	0.10467713
1286	122.547032927372	0.12337989
1287	122.753139622174	0.10385806
1288	122.959246316976	0.111922674
1289	123.16535301177801	0.09776366
1290	123.37145970658	0.11227941
1291	123.577566401382	0.10535547
1292	123.783673096184	0.116650574
1293	123.989779790986	0.10168265
1294	124.19588648578801	0.102425545
1295	124.40199318059001	0.106593475
1296	124.60809987539201	0.10080953
1297	124.81420657019402	0.091249295
1298	125.02031326499602	0.10102762
1299	125.22641995979797	0.0964979
1300	125.43252665459997	0.11382167
1301	125.63863334940196	0.10486072
1302	125.84474004420396	0.10210181
1303	126.05084673900596	0.11089747
1304	126.25695343380796	0.10819012
1305	126.46306012860997	0.09745971
1306	126.66916682341197	0.09930428
1307	126.87527351821397	0.10885212
1308	127.08138021301598	0.09820147
1309	127.28748690781798	0.090052515
1310	127.49359360261998	0.101525426
1311	127.69970029742198	0.10909715
1312	127.90580699222399	0.11114869
1313	128.11191368702598	0.10859318
1314	128.31802038182798	0.10344103
1315	128.52412707662998	0.121847644
1316	128.73023377143198	0.09845596
1317	128.936340466234	0.10566255
1318	129.142447161036	0.1100796
1319	129.348553855838	0.09085612
1320	129.55466055064	0.100705266
1321	129.760767245442	0.09520304
1322	129.966873940244	0.102036804
1323	130.172980635046	0.09596161
1324	130.379087329848	0.111884825
1325	130.58519402465	0.09532087
1326	130.791300719452	0.112302355
1327	130.997407414254	0.098979436
1328	131.20351410905602	0.093625985
1329	131.40962080385802	0.10783408
1330	131.61572749866002	0.12306381
1331	131.82183419346202	0.099078126
1332	132.02794088826403	0.10633429
1333	132.234047583066	0.10623842
1334	132.440154277868	0.11701944
1335	132.64626097266995	0.113033324
1336	132.85236766747195	0.10776583
1337	133.05847436227396	0.10060845
1338	133.26458105707596	0.09453048
1339	133.47068775187796	0.095921
1340	133.67679444667996	0.11727537
1341	133.88290114148197	0.108866714
1342	134.08900783628397	0.10235287
1343	134.29511453108597	0.09996311
1344	134.50122122588797	0.10402582
1345	134.70732792068998	0.11597306
1346	134.91343461549198	0.10466165
1347	135.11954131029398	0.11590406
1348	135.32564800509599	0.083667174
1349	135.531754699898	0.10736926
1350	135.7378613947	0.09501821
1351	135.943968089502	0.10756543
1352	136.150074784304	0.10086259
1353	136.356181479106	0.09383027
1354	136.562288173908	0.12337474
1355	136.76839486871	0.1007373
1356	136.97450156351198	0.1022603
1357	137.18060825831398	0.09445821
1358	137.38671495311598	0.107129484
1359	137.592821647918	0.10235555
1360	137.79892834272	0.11017235
1361	138.005035037522	0.10730559
1362	138.211141732324	0.10337905
1363	138.417248427126	0.11150257
1364	138.623355121928	0.105841786
1365	138.82946181673	0.10378812
1366	139.035568511532	0.114384286
1367	139.241675206334	0.10874798
1368	139.447781901136	0.10240428
1369	139.653888595938	0.10817759
1370	139.85999529074002	0.091814704
1371	140.06610198554202	0.10663698
1372	140.27220868034397	0.10766386
1373	140.47831537514597	0.10037917
1374	140.68442206994797	0.095669575
1375	140.89052876474997	0.10154105
1376	141.09663545955198	0.116585374
1377	141.30274215435398	0.09980515
1378	141.50884884915598	0.09189995
1379	141.71495554395798	0.11666796
1380	141.92106223875996	0.104749255
1381	142.12716893356196	0.10003801
1382	142.33327562836396	0.098888375
1383	142.53938232316597	0.08947231
1384	142.74548901796797	0.10437433
1385	142.95159571276997	0.11266009
1386	143.15770240757197	0.098029025
1387	143.36380910237398	0.108018525
1388	143.56991579717598	0.1143653
1389	143.77602249197798	0.08798096
1390	143.98212918677999	0.11274699
1391	144.188235881582	0.10784081
1392	144.394342576384	0.104424976
1393	144.600449271186	0.1034525
1394	144.806555965988	0.113265276
1395	145.01266266079	0.10533546
1396	145.218769355592	0.1103998
1397	145.424876050394	0.10415175
1398	145.630982745196	0.100902215
1399	145.837089439998	0.10281797
1400	146.0431961348	0.09399539
1401	146.24930282960202	0.11103853
1402	146.45540952440402	0.10149443
1403	146.66151621920602	0.10027593
1404	146.86762291400802	0.104916595
1405	147.07372960881	0.117302164
1406	147.279836303612	0.10567634
1407	147.485942998414	0.11135722
1408	147.692049693216	0.097575
1409	147.89815638801795	0.1172568
1410	148.10426308281995	0.11239508
1411	148.31036977762196	0.104989305
1412	148.51647647242396	0.10248764
1413	148.72258316722596	0.1221163
1414	148.92868986202797	0.11017212
1415	149.13479655682997	0.1028546
1416	149.34090325163197	0.105949834
1417	149.54700994643397	0.1035195
1418	149.75311664123598	0.11923291
1419	149.95922333603798	0.112636745
1420	150.16533003083998	0.096626185
1421	150.37143672564198	0.098896965
1422	150.577543420444	0.10272602
1423	150.783650115246	0.10009715
1424	150.989756810048	0.112122595
1425	151.19586350485	0.109065905
1426	151.401970199652	0.11075661
1427	151.608076894454	0.11242331
1428	151.814183589256	0.10190461
1429	152.02029028405798	0.12044884
1430	152.22639697885998	0.100635976
1431	152.43250367366198	0.095937
1432	152.638610368464	0.106671035
1433	152.844717063266	0.10517775
1434	153.050823758068	0.11554939
1435	153.25693045287	0.107016966
1436	153.463037147672	0.09300518
1437	153.669143842474	0.102658674
1438	153.875250537276	0.1140641
1439	154.081357232078	0.10062351
1440	154.28746392688	0.10694321
1441	154.493570621682	0.10843528
1442	154.699677316484	0.08678901
1443	154.90578401128602	0.11709291
1444	155.11189070608802	0.11150162
1445	155.31799740088996	0.087399244
1446	155.52410409569197	0.101683944
1447	155.73021079049397	0.12295663
1448	155.93631748529597	0.11939729
1449	156.14242418009798	0.101850174
1450	156.34853087489998	0.10393483
1451	156.55463756970198	0.107169874
1452	156.76074426450398	0.10506472
1453	156.96685095930596	0.088889785
1454	157.17295765410796	0.11298659
1455	157.37906434890996	0.09676442
1456	157.58517104371197	0.11139939
1457	157.79127773851397	0.11780132
1458	157.99738443331597	0.09820506
1459	158.20349112811797	0.103657566
1460	158.40959782291998	0.09847388
1461	158.61570451772198	0.11979112
1462	158.82181121252398	0.11386552
1463	159.02791790732599	0.09387201
1464	159.234024602128	0.10226841
1465	159.44013129693	0.09841477
1466	159.646237991732	0.12511614
1467	159.852344686534	0.080134876
1468	160.058451381336	0.11284967
1469	160.264558076138	0.09943197
1470	160.47066477094	0.1048962
1471	160.676771465742	0.105601445
1472	160.882878160544	0.11199949
1473	161.088984855346	0.108639486
1474	161.29509155014802	0.10332748
1475	161.50119824495002	0.10942477
1476	161.70730493975202	0.10054836
1477	161.91341163455402	0.10161721
1478	162.119518329356	0.099736094
1479	162.325625024158	0.10660949
1480	162.53173171896	0.097526126
1481	162.737838413762	0.09783462
1482	162.94394510856395	0.10905382
1483	163.15005180336595	0.09961672
1484	163.35615849816796	0.09746657
1485	163.56226519296996	0.111387536
1486	163.76837188777196	0.113874055
1487	163.97447858257397	0.10530354
1488	164.18058527737597	0.09543728
1489	164.38669197217797	0.102374315
1490	164.59279866697997	0.10522431
1491	164.79890536178198	0.114165045
1492	165.00501205658398	0.104687795
1493	165.21111875138598	0.11063884
1494	165.41722544618798	0.10953067
1495	165.62333214099	0.105689324
1496	165.829438835792	0.103852615
1497	166.035545530594	0.09343539
1498	166.241652225396	0.10191015
1499	166.447758920198	0.08964836
