	velocity	Amplitude
0	-139.23005790300002	0.35315725
1	-139.02395345945303	0.38774532
2	-138.817849015906	0.39326376
3	-138.61174457235902	0.41915357
4	-138.405640128812	0.39397115
5	-138.199535685265	0.39269254
6	-137.993431241718	0.381551
7	-137.78732679817102	0.3960901
8	-137.581222354624	0.40545103
9	-137.375117911077	0.40163556
10	-137.16901346753002	0.36934233
11	-136.962909023983	0.39379635
12	-136.756804580436	0.3769398
13	-136.550700136889	0.3857116
14	-136.344595693342	0.38442212
15	-136.138491249795	0.43445715
16	-135.93238680624802	0.40387788
17	-135.72628236270103	0.38847607
18	-135.520177919154	0.3732754
19	-135.314073475607	0.38312164
20	-135.10796903206	0.375901
21	-134.901864588513	0.42375618
22	-134.69576014496602	0.42158726
23	-134.48965570141903	0.38019848
24	-134.28355125787203	0.3979326
25	-134.077446814325	0.43380412
26	-133.871342370778	0.42001817
27	-133.665237927231	0.41149303
28	-133.459133483684	0.37734035
29	-133.25302904013702	0.41071773
30	-133.04692459659003	0.37265435
31	-132.840820153043	0.38897043
32	-132.634715709496	0.38995302
33	-132.428611265949	0.35863665
34	-132.222506822402	0.38498595
35	-132.01640237885502	0.38931003
36	-131.81029793530803	0.41320887
37	-131.604193491761	0.37293884
38	-131.398089048214	0.38792562
39	-131.191984604667	0.40295604
40	-130.98588016112	0.39118373
41	-130.77977571757302	0.37359053
42	-130.57367127402603	0.3896283
43	-130.367566830479	0.39470494
44	-130.16146238693202	0.36943394
45	-129.955357943385	0.40501228
46	-129.749253499838	0.42571217
47	-129.543149056291	0.39190352
48	-129.337044612744	0.37488592
49	-129.130940169197	0.41761243
50	-128.92483572565	0.38174874
51	-128.718731282103	0.39167303
52	-128.512626838556	0.3860739
53	-128.306522395009	0.38782898
54	-128.100417951462	0.40015343
55	-127.89431350791502	0.3806287
56	-127.68820906436801	0.37790927
57	-127.482104620821	0.39801028
58	-127.27600017727401	0.39929262
59	-127.06989573372701	0.3766471
60	-126.86379129018	0.40674943
61	-126.657686846633	0.37305042
62	-126.45158240308601	0.36505702
63	-126.24547795953902	0.38592407
64	-126.039373515992	0.38158515
65	-125.833269072445	0.40605375
66	-125.62716462889802	0.4043695
67	-125.421060185351	0.36645418
68	-125.214955741804	0.35998318
69	-125.00885129825701	0.3716404
70	-124.80274685471001	0.40367472
71	-124.596642411163	0.41181836
72	-124.39053796761601	0.39606655
73	-124.18443352406901	0.3520984
74	-123.978329080522	0.39571026
75	-123.77222463697501	0.46083823
76	-123.566120193428	0.33409756
77	-123.36001574988101	0.39160982
78	-123.15391130633401	0.38156307
79	-122.947806862787	0.36882493
80	-122.74170241924001	0.39118904
81	-122.53559797569301	0.38500768
82	-122.329493532146	0.44721746
83	-122.12338908859901	0.38979384
84	-121.91728464505202	0.35560083
85	-121.711180201505	0.3928009
86	-121.50507575795801	0.4332791
87	-121.29897131441102	0.36913145
88	-121.092866870864	0.39347
89	-120.88676242731701	0.3515263
90	-120.68065798377002	0.40217716
91	-120.47455354022301	0.36324158
92	-120.26844909667601	0.39499685
93	-120.06234465312902	0.42740422
94	-119.85624020958201	0.41046986
95	-119.650135766035	0.42055926
96	-119.444031322488	0.40182298
97	-119.23792687894101	0.3855351
98	-119.03182243539402	0.3688113
99	-118.825717991847	0.3661667
100	-118.61961354830001	0.39343613
101	-118.413509104753	0.3757155
102	-118.207404661206	0.43447787
103	-118.00130021765901	0.4057216
104	-117.79519577411202	0.4639569
105	-117.58909133056501	0.4077643
106	-117.382986887018	0.3768969
107	-117.17688244347102	0.39327547
108	-116.970777999924	0.37733957
109	-116.764673556377	0.38694516
110	-116.55856911283001	0.37392354
111	-116.35246466928301	0.39115217
112	-116.14636022573602	0.43109828
113	-115.94025578218901	0.39506847
114	-115.73415133864201	0.38164827
115	-115.528046895095	0.39087486
116	-115.32194245154801	0.3895222
117	-115.115838008001	0.3829724
118	-114.90973356445402	0.36831504
119	-114.70362912090701	0.40114063
120	-114.49752467736	0.36135766
121	-114.29142023381301	0.39047566
122	-114.08531579026601	0.39206833
123	-113.879211346719	0.3758758
124	-113.67310690317201	0.3834783
125	-113.46700245962502	0.3861161
126	-113.260898016078	0.39676413
127	-113.05479357253101	0.38848722
128	-112.84868912898402	0.40076137
129	-112.642584685437	0.40891653
130	-112.43648024189001	0.38885915
131	-112.230375798343	0.37341017
132	-112.02427135479601	0.37751144
133	-111.81816691124901	0.39599162
134	-111.612062467702	0.37940383
135	-111.40595802415501	0.40680355
136	-111.199853580608	0.38969254
137	-110.993749137061	0.41628587
138	-110.78764469351401	0.4070131
139	-110.58154024996702	0.38779902
140	-110.37543580642	0.39181793
141	-110.16933136287301	0.36292905
142	-109.96322691932602	0.4006978
143	-109.757122475779	0.38089883
144	-109.55101803223201	0.3977226
145	-109.34491358868502	0.38909525
146	-109.13880914513801	0.3995741
147	-108.932704701591	0.37740886
148	-108.72660025804402	0.37456033
149	-108.52049581449701	0.3688769
150	-108.31439137095	0.3989671
151	-108.10828692740301	0.41461203
152	-107.90218248385601	0.38587585
153	-107.69607804030902	0.3875483
154	-107.48997359676201	0.3678482
155	-107.28386915321501	0.39115992
156	-107.077764709668	0.3940312
157	-106.87166026612101	0.4375385
158	-106.665555822574	0.40901423
159	-106.45945137902702	0.37837863
160	-106.25334693548002	0.4190122
161	-106.047242491933	0.38048008
162	-105.84113804838601	0.38585755
163	-105.635033604839	0.40207213
164	-105.428929161292	0.40210602
165	-105.22282471774501	0.39142987
166	-105.01672027419801	0.39006534
167	-104.81061583065102	0.44460893
168	-104.60451138710401	0.40735853
169	-104.398406943557	0.4074802
170	-104.19230250001	0.40731004
171	-103.98619805646301	0.38706267
172	-103.780093612916	0.36307725
173	-103.57398916936901	0.3856281
174	-103.36788472582202	0.38457808
175	-103.161780282275	0.390593
176	-102.95567583872801	0.36956707
177	-102.74957139518101	0.42917615
178	-102.543466951634	0.4147468
179	-102.33736250808701	0.38829666
180	-102.13125806454002	0.420019
181	-101.92515362099302	0.40322384
182	-101.71904917744601	0.37415823
183	-101.512944733899	0.3535599
184	-101.306840290352	0.36728558
185	-101.10073584680501	0.38525078
186	-100.89463140325802	0.38647202
187	-100.68852695971101	0.39987093
188	-100.48242251616402	0.35591975
189	-100.27631807261702	0.39945006
190	-100.07021362907	0.37072647
191	-99.864109185523	0.37413028
192	-99.65800474197601	0.37288445
193	-99.45190029842901	0.4468051
194	-99.24579585488202	0.4201409
195	-99.03969141133503	0.43875664
196	-98.83358696778801	0.4166917
197	-98.627482524241	0.39014608
198	-98.421378080694	0.37346116
199	-98.215273637147	0.39697152
200	-98.00916919360002	0.43031257
201	-97.80306475005301	0.4093605
202	-97.596960306506	0.38686007
203	-97.39085586295901	0.38594246
204	-97.184751419412	0.3587369
205	-96.978646975865	0.38774237
206	-96.77254253231801	0.39961863
207	-96.56643808877101	0.4157846
208	-96.36033364522402	0.39470208
209	-96.15422920167701	0.41700542
210	-95.94812475813	0.4035146
211	-95.742020314583	0.3787107
212	-95.53591587103601	0.38363403
213	-95.329811427489	0.41453767
214	-95.12370698394201	0.39193988
215	-94.91760254039502	0.41603518
216	-94.711498096848	0.3980552
217	-94.50539365330101	0.38478807
218	-94.29928920975401	0.40960154
219	-94.093184766207	0.37561116
220	-93.88708032266001	0.3974961
221	-93.68097587911302	0.42043918
222	-93.47487143556602	0.3876093
223	-93.26876699201901	0.41487083
224	-93.06266254847202	0.40438884
225	-92.856558104925	0.37856203
226	-92.65045366137801	0.4126292
227	-92.44434921783102	0.4049654
228	-92.23824477428401	0.4099374
229	-92.03214033073702	0.40423277
230	-91.82603588719002	0.39457038
231	-91.61993144364301	0.37002873
232	-91.413827000096	0.38190886
233	-91.207722556549	0.38825572
234	-91.00161811300201	0.38417885
235	-90.79551366945502	0.39044985
236	-90.58940922590801	0.39683408
237	-90.38330478236101	0.41693828
238	-90.177200338814	0.37088826
239	-89.971095895267	0.34352016
240	-89.76499145172001	0.41245222
241	-89.55888700817302	0.38902596
242	-89.35278256462601	0.41309848
243	-89.14667812107902	0.4022104
244	-88.94057367753202	0.41705373
245	-88.734469233985	0.38983116
246	-88.528364790438	0.41755962
247	-88.32226034689101	0.4267049
248	-88.11615590334401	0.40087733
249	-87.91005145979702	0.42328918
250	-87.70394701625001	0.39102975
251	-87.49784257270301	0.38495117
252	-87.291738129156	0.41025847
253	-87.08563368560901	0.4229767
254	-86.879529242062	0.39417458
255	-86.67342479851501	0.4248095
256	-86.46732035496802	0.42264086
257	-86.261215911421	0.38372472
258	-86.05511146787401	0.42064568
259	-85.84900702432701	0.41408122
260	-85.64290258078	0.40577883
261	-85.43679813723301	0.42390028
262	-85.23069369368602	0.39330178
263	-85.02458925013902	0.41829357
264	-84.81848480659201	0.37268412
265	-84.61238036304502	0.40790278
266	-84.406275919498	0.4196645
267	-84.20017147595101	0.37671888
268	-83.994067032404	0.39745808
269	-83.78796258885701	0.3718896
270	-83.58185814531002	0.44336712
271	-83.375753701763	0.40859118
272	-83.16964925821601	0.41363513
273	-82.963544814669	0.40203223
274	-82.757440371122	0.40319872
275	-82.55133592757501	0.40268457
276	-82.34523148402802	0.41779554
277	-82.13912704048101	0.3947715
278	-81.93302259693401	0.41527888
279	-81.72691815338702	0.41406596
280	-81.52081370984	0.39540946
281	-81.31470926629301	0.40454975
282	-81.10860482274602	0.40191883
283	-80.90250037919901	0.3815216
284	-80.69639593565202	0.3926682
285	-80.49029149210502	0.40279755
286	-80.28418704855801	0.37232938
287	-80.078082605011	0.40822488
288	-79.87197816146401	0.40809366
289	-79.66587371791701	0.38074318
290	-79.45976927437002	0.4083887
291	-79.25366483082303	0.404443
292	-79.04756038727601	0.39725375
293	-78.841455943729	0.37781703
294	-78.63535150018201	0.38604438
295	-78.429247056635	0.38410056
296	-78.22314261308802	0.35559317
297	-78.01703816954102	0.42093092
298	-77.81093372599402	0.3863368
299	-77.60482928244701	0.3952076
300	-77.3987248389	0.41901192
301	-77.192620395353	0.41311535
302	-76.98651595180601	0.37961623
303	-76.78041150825901	0.40506127
304	-76.57430706471202	0.41193625
305	-76.36820262116501	0.36529863
306	-76.162098177618	0.39569998
307	-75.955993734071	0.38689676
308	-75.74988929052401	0.4021945
309	-75.543784846977	0.40056744
310	-75.33768040343001	0.39588296
311	-75.13157595988302	0.38597274
312	-74.925471516336	0.37605613
313	-74.71936707278901	0.39800283
314	-74.513262629242	0.39021274
315	-74.307158185695	0.39723164
316	-74.10105374214801	0.40780503
317	-73.89494929860102	0.36423582
318	-73.688844855054	0.43379214
319	-73.48274041150701	0.41310683
320	-73.27663596796002	0.3808305
321	-73.07053152441301	0.38354352
322	-72.86442708086601	0.40183568
323	-72.65832263731902	0.38177243
324	-72.45221819377201	0.41826034
325	-72.246113750225	0.35621154
326	-72.04000930667802	0.43281808
327	-71.83390486313101	0.40302473
328	-71.62780041958402	0.4360856
329	-71.42169597603701	0.38328135
330	-71.21559153249001	0.3644906
331	-71.00948708894302	0.39148468
332	-70.80338264539601	0.3878571
333	-70.59727820184901	0.37806773
334	-70.39117375830202	0.39191732
335	-70.18506931475503	0.3661976
336	-69.978964871208	0.38341314
337	-69.77286042766102	0.37049127
338	-69.56675598411401	0.3772814
339	-69.360651540567	0.38761833
340	-69.15454709702001	0.38365144
341	-68.94844265347301	0.40862238
342	-68.742338209926	0.39226082
343	-68.53623376637901	0.4242957
344	-68.33012932283201	0.38047725
345	-68.12402487928502	0.38409245
346	-67.91792043573801	0.3977951
347	-67.711815992191	0.38858226
348	-67.50571154864402	0.38535967
349	-67.29960710509701	0.38534847
350	-67.09350266155	0.38138333
351	-66.88739821800301	0.39071643
352	-66.68129377445602	0.4171938
353	-66.475189330909	0.4087465
354	-66.26908488736201	0.44454858
355	-66.06298044381502	0.43241352
356	-65.856876000268	0.40360042
357	-65.65077155672101	0.40519693
358	-65.44466711317402	0.38606438
359	-65.23856266962702	0.3797086
360	-65.03245822608001	0.4203767
361	-64.82635378253302	0.40663642
362	-64.62024933898601	0.40485635
363	-64.41414489543901	0.4258481
364	-64.20804045189202	0.38434434
365	-64.00193600834501	0.37380707
366	-63.79583156479801	0.38354445
367	-63.58972712125101	0.42603558
368	-63.38362267770401	0.37872133
369	-63.17751823415702	0.38229996
370	-62.97141379061001	0.39227104
371	-62.76530934706301	0.40668613
372	-62.55920490351602	0.4189473
373	-62.353100459969006	0.39850762
374	-62.14699601642201	0.38768914
375	-61.94089157287502	0.346986
376	-61.73478712932802	0.4051978
377	-61.52868268578101	0.37932804
378	-61.322578242234016	0.4023985
379	-61.11647379868702	0.37614352
380	-60.910369355140006	0.38711667
381	-60.70426491159301	0.40125394
382	-60.49816046804602	0.44359404
383	-60.29205602449902	0.374533
384	-60.085951580952006	0.36499113
385	-59.879847137405015	0.4005224
386	-59.67374269385802	0.42971072
387	-59.467638250311005	0.3679779
388	-59.261533806764014	0.4371938
389	-59.055429363217016	0.39670217
390	-58.84932491967002	0.40008333
391	-58.64322047612301	0.3923108
392	-58.437116032576014	0.37103134
393	-58.231011589029016	0.37520683
394	-58.02490714548201	0.3703084
395	-57.81880270193501	0.35260782
396	-57.612698258388015	0.38077262
397	-57.406593814841	0.33859015
398	-57.20048937129401	0.40217838
399	-56.994384927747014	0.38274276
400	-56.788280484200016	0.38234788
401	-56.58217604065301	0.40024886
402	-56.37607159710601	0.39795238
403	-56.169967153559014	0.39759636
404	-55.96386271001201	0.40954217
405	-55.75775826646501	0.42079547
406	-55.55165382291801	0.36261514
407	-55.34554937937102	0.39178362
408	-55.13944493582401	0.41311485
409	-54.93334049227701	0.42525265
410	-54.72723604873002	0.38619336
411	-54.52113160518301	0.3975526
412	-54.31502716163601	0.41005594
413	-54.10892271808902	0.36747745
414	-53.90281827454202	0.41238788
415	-53.69671383099501	0.39839
416	-53.49060938744801	0.39342582
417	-53.28450494390102	0.37497425
418	-53.07840050035401	0.4130275
419	-52.87229605680701	0.39129275
420	-52.66619161326002	0.36913905
421	-52.460087169713006	0.38286284
422	-52.25398272616601	0.3816359
423	-52.04787828261902	0.38942614
424	-51.84177383907202	0.38728917
425	-51.63566939552501	0.3623428
426	-51.429564951978016	0.3567173
427	-51.22346050843102	0.39622152
428	-51.017356064884005	0.4454223
429	-50.811251621337014	0.3649971
430	-50.605147177790016	0.4258219
431	-50.39904273424302	0.42637527
432	-50.192938290696006	0.42790064
433	-49.986833847149015	0.4039036
434	-49.78072940360202	0.3667835
435	-49.574624960055004	0.41003907
436	-49.36852051650801	0.3898644
437	-49.162416072961015	0.3867507
438	-48.95631162941402	0.40708134
439	-48.75020718586701	0.38083366
440	-48.544102742320014	0.3863672
441	-48.337998298773016	0.428399
442	-48.13189385522601	0.41311654
443	-47.92578941167901	0.44855434
444	-47.719684968132015	0.38354924
445	-47.51358052458501	0.37818074
446	-47.30747608103801	0.38432553
447	-47.10137163749101	0.39527008
448	-46.89526719394402	0.39999285
449	-46.68916275039701	0.416666
450	-46.48305830685001	0.40023056
451	-46.276953863303014	0.39774704
452	-46.07084941975601	0.36283368
453	-45.86474497620901	0.39698023
454	-45.65864053266201	0.402784
455	-45.45253608911502	0.3700747
456	-45.24643164556801	0.38851857
457	-45.04032720202101	0.36490995
458	-44.83422275847402	0.380431
459	-44.62811831492701	0.37107208
460	-44.42201387138001	0.40117198
461	-44.21590942783302	0.38949174
462	-44.00980498428602	0.3906438
463	-43.80370054073901	0.38558605
464	-43.59759609719202	0.40849376
465	-43.39149165364502	0.42547303
466	-43.18538721009801	0.4116578
467	-42.97928276655101	0.4119596
468	-42.77317832300402	0.39314908
469	-42.56707387945702	0.361917
470	-42.36096943591001	0.39389485
471	-42.15486499236302	0.38736385
472	-41.94876054881602	0.3931515
473	-41.742656105269006	0.38218504
474	-41.536551661722015	0.4089364
475	-41.33044721817502	0.35694715
476	-41.124342774628005	0.38865316
477	-40.918238331081014	0.39943472
478	-40.712133887534016	0.42811805
479	-40.50602944398702	0.40261096
480	-40.29992500044001	0.43655774
481	-40.093820556893014	0.36218885
482	-39.887716113346016	0.40061247
483	-39.681611669799004	0.3812084
484	-39.47550722625201	0.3824579
485	-39.269402782705015	0.4283356
486	-39.06329833915802	0.38460952
487	-38.85719389561101	0.38865432
488	-38.651089452064014	0.37978002
489	-38.444985008517016	0.38457453
490	-38.23888056497001	0.3679875
491	-38.03277612142301	0.4127939
492	-37.826671677876014	0.4049439
493	-37.62056723432902	0.35836354
494	-37.41446279078201	0.3795022
495	-37.20835834723501	0.36544508
496	-37.00225390368802	0.38815016
497	-36.79614946014101	0.37516385
498	-36.59004501659401	0.37275487
499	-36.38394057304702	0.37807825
500	-36.17783612950001	0.38140512
501	-35.97173168595301	0.37800196
502	-35.76562724240601	0.42852202
503	-35.55952279885902	0.4356886
504	-35.35341835531201	0.4071208
505	-35.14731391176501	0.3983486
506	-34.94120946821802	0.38935903
507	-34.73510502467101	0.38056454
508	-34.52900058112401	0.40896094
509	-34.32289613757702	0.3983851
510	-34.11679169403002	0.38775274
511	-33.91068725048301	0.4028854
512	-33.70458280693602	0.44655883
513	-33.49847836338902	0.32272676
514	-33.29237391984201	0.41564196
515	-33.086269476295016	0.4280988
516	-32.88016503274802	0.38606513
517	-32.67406058920102	0.40453783
518	-32.46795614565401	0.3869937
519	-32.261851702107016	0.36903736
520	-32.05574725856002	0.40649512
521	-31.84964281501301	0.40642247
522	-31.64353837146601	0.40734258
523	-31.437433927919017	0.4026054
524	-31.231329484372022	0.38279682
525	-31.02522504082501	0.36482406
526	-30.819120597278015	0.40670538
527	-30.61301615373102	0.3856888
528	-30.40691171018401	0.37374535
529	-30.200807266637014	0.38380963
530	-29.99470282309002	0.40140605
531	-29.788598379543007	0.35244578
532	-29.582493935996013	0.36361766
533	-29.376389492449015	0.38828567
534	-29.17028504890202	0.398538
535	-28.96418060535501	0.36397177
536	-28.758076161808013	0.35023257
537	-28.55197171826102	0.4478784
538	-28.345867274714006	0.43351835
539	-28.139762831167012	0.38142267
540	-27.933658387620017	0.40871456
541	-27.72755394407302	0.37166867
542	-27.52144950052601	0.4264785
543	-27.315345056979016	0.4233231
544	-27.109240613432018	0.4218666
545	-26.90313616988501	0.42354435
546	-26.697031726338015	0.38443658
547	-26.490927282791016	0.3751793
548	-26.284822839244022	0.35476154
549	-26.07871839569701	0.38347775
550	-25.872613952150015	0.41840294
551	-25.66650950860302	0.3927831
552	-25.46040506505601	0.36123985
553	-25.254300621509014	0.36964282
554	-25.04819617796202	0.41697547
555	-24.842091734415007	0.3775324
556	-24.635987290868012	0.39764214
557	-24.429882847321014	0.3780594
558	-24.22377840377402	0.4334787
559	-24.01767396022701	0.39682433
560	-23.811569516680013	0.42683166
561	-23.60546507313302	0.43023786
562	-23.39936062958601	0.43585193
563	-23.19325618603901	0.387072
564	-22.987151742492017	0.36638007
565	-22.781047298945023	0.4460192
566	-22.57494285539801	0.3823741
567	-22.368838411851016	0.37719557
568	-22.162733968304018	0.38651595
569	-21.95662952475701	0.33665353
570	-21.750525081210014	0.38730836
571	-21.544420637663016	0.37377468
572	-21.33831619411602	0.37076825
573	-21.13221175056901	0.4077309
574	-20.926107307022015	0.37388796
575	-20.72000286347502	0.403961
576	-20.513898419928008	0.36409345
577	-20.307793976381014	0.38936433
578	-20.10168953283402	0.43752506
579	-19.89558508928702	0.37824345
580	-19.689480645740012	0.4266225
581	-19.483376202193018	0.3679896
582	-19.27727175864602	0.37899724
583	-19.07116731509901	0.41007242
584	-18.865062871552013	0.40911543
585	-18.65895842800502	0.39932603
586	-18.45285398445801	0.39711285
587	-18.24674954091101	0.36808676
588	-18.040645097364017	0.42614636
589	-17.834540653817022	0.39593077
590	-17.62843621027001	0.42281604
591	-17.422331766723016	0.3491767
592	-17.216227323176017	0.39254615
593	-17.01012287962901	0.39270616
594	-16.804018436082014	0.3788638
595	-16.597913992535016	0.37444207
596	-16.39180954898802	0.38411185
597	-16.185705105441013	0.38005027
598	-15.979600661894015	0.4168253
599	-15.77349621834702	0.40611652
600	-15.56739177480001	0.3876104
601	-15.361287331253013	0.34804398
602	-15.155182887706017	0.39137885
603	-14.949078444159023	0.40284464
604	-14.742974000612012	0.3768021
605	-14.536869557065016	0.40041763
606	-14.330765113518021	0.3654819
607	-14.12466066997101	0.38163713
608	-13.918556226424014	0.4021315
609	-13.712451782877018	0.38571015
610	-13.506347339330008	0.38944808
611	-13.300242895783013	0.37910813
612	-13.094138452236017	0.41687295
613	-12.88803400868902	0.40172833
614	-12.68192956514201	0.38954198
615	-12.475825121595015	0.35778043
616	-12.269720678048019	0.41279593
617	-12.063616234501009	0.39327753
618	-11.857511790954014	0.35474327
619	-11.651407347407018	0.39466858
620	-11.445302903860021	0.36458197
621	-11.23919846031301	0.38117775
622	-11.033094016766016	0.4044812
623	-10.82698957321902	0.4217743
624	-10.62088512967201	0.3984154
625	-10.414780686125013	0.40590316
626	-10.208676242578019	0.42668965
627	-10.002571799031022	0.3892316
628	-9.796467355484012	0.3391279
629	-9.590362911937016	0.37022537
630	-9.384258468390021	0.3916214
631	-9.17815402484301	0.37963143
632	-8.972049581296014	0.3554747
633	-8.765945137749018	0.37971637
634	-8.559840694202009	0.41966686
635	-8.353736250655013	0.36662963
636	-8.147631807108002	0.38323835
637	-7.941527363561007	0.40287828
638	-7.7354229200140106	0.3980926
639	-7.529318476467015	0.3837808
640	-7.323214032920019	0.42311046
641	-7.117109589373023	0.43357742
642	-6.911005145826028	0.3577031
643	-6.704900702279003	0.3758114
644	-6.498796258732007	0.4184093
645	-6.2926918151850115	0.37311518
646	-6.086587371638015	0.41130322
647	-5.88048292809102	0.35594204
648	-5.674378484544024	0.4432773
649	-5.468274040997028	0.35590893
650	-5.262169597450003	0.39708576
651	-5.056065153903008	0.39665627
652	-4.849960710356012	0.3592259
653	-4.643856266809016	0.36861658
654	-4.437751823262021	0.44483688
655	-4.2316473797150245	0.37354732
656	-4.025542936168029	0.3647387
657	-3.8194384926210043	0.40363964
658	-3.6133340490740085	0.37280637
659	-3.4072296055270126	0.4125782
660	-3.2011251619800167	0.37734407
661	-2.9950207184330213	0.338242
662	-2.7889162748860254	0.3905572
663	-2.5828118313390296	0.36510202
664	-2.376707387792005	0.3175548
665	-2.170602944245009	0.35891622
666	-1.9644985006980131	0.3282255
667	-1.7583940571510175	0.3715943
668	-1.5522896136040216	0.33562487
669	-1.346185170057026	0.37881315
670	-1.1400807265100301	0.35540447
671	-0.9339762829630054	0.34575817
672	-0.7278718394160096	0.37094712
673	-0.5217673958690139	0.37478614
674	-0.3156629523220181	0.38419905
675	-0.10955850877502235	0.378312
676	0.0965459347719734	0.43453687
677	0.30265037831899827	0.37907013
678	0.508754821865994	0.37326023
679	0.7148592654129897	0.36287922
680	0.9209637089599855	0.38144508
681	1.1270681525069812	0.3766334
682	1.333172596053977	0.4141722
683	1.5392770396009727	0.38315836
684	1.7453814831479977	0.39718106
685	1.9514859266949933	0.4005736
686	2.157590370241989	0.3865151
687	2.363694813788985	0.3775977
688	2.5697992573359807	0.39602613
689	2.7759037008829766	0.35263196
690	2.982008144429972	0.37840372
691	3.188112587976997	0.41985998
692	3.3942170315239926	0.3617873
693	3.6003214750709884	0.38421607
694	3.8064259186179843	0.37888518
695	4.01253036216498	0.40315932
696	4.218634805711976	0.41891333
697	4.424739249258971	0.39940327
698	4.630843692805996	0.38913086
699	4.8369481363529925	0.3798089
700	5.043052579899988	0.4253866
701	5.249157023446983	0.3617834
702	5.45526146699398	0.43277082
703	5.661365910540975	0.36888978
704	5.867470354087971	0.39758164
705	6.073574797634996	0.41054508
706	6.2796792411819915	0.3818786
707	6.485783684728987	0.38214785
708	6.691888128275983	0.41573954
709	6.897992571822979	0.3982458
710	7.104097015369975	0.4003244
711	7.31020145891697	0.42904982
712	7.516305902463995	0.4061448
713	7.7224103460109905	0.43694586
714	7.928514789557987	0.37350085
715	8.134619233104983	0.41346335
716	8.340723676651978	0.39015687
717	8.546828120198974	0.3878998
718	8.75293256374597	0.3536055
719	8.959037007292995	0.3944337
720	9.16514145083999	0.4112392
721	9.371245894386986	0.35104847
722	9.577350337933982	0.44143888
723	9.783454781480977	0.41315195
724	9.989559225027973	0.40144104
725	10.19566366857497	0.41946712
726	10.401768112121994	0.40360695
727	10.60787255566899	0.35631594
728	10.813976999215985	0.3958646
729	11.020081442762981	0.4056131
730	11.226185886309977	0.4043408
731	11.432290329856972	0.40088838
732	11.638394773403997	0.4416156
733	11.844499216950993	0.39930364
734	12.05060366049799	0.40922084
735	12.256708104044986	0.39355138
736	12.46281254759198	0.3946141
737	12.668916991138977	0.39052245
738	12.875021434685973	0.38660297
739	13.081125878232998	0.4187167
740	13.287230321779992	0.3558764
741	13.493334765326988	0.37987497
742	13.699439208873985	0.40144715
743	13.90554365242098	0.41022262
744	14.111648095967976	0.3813529
745	14.317752539514972	0.32835963
746	14.523856983061997	0.37295598
747	14.729961426608993	0.35910076
748	14.936065870155987	0.37181422
749	15.142170313702984	0.38575602
750	15.34827475724998	0.41128734
751	15.554379200796975	0.38072497
752	15.76048364434397	0.37583044
753	15.966588087890996	0.37649208
754	16.172692531437992	0.3946546
755	16.378796974984986	0.3818003
756	16.584901418531985	0.41577134
757	16.79100586207898	0.34364563
758	16.997110305625974	0.3773136
759	17.20321474917297	0.39339855
760	17.409319192719995	0.39977497
761	17.61542363626699	0.37840748
762	17.821528079813987	0.39143696
763	18.02763252336098	0.37176317
764	18.233736966907976	0.36634806
765	18.439841410454974	0.39300203
766	18.64594585400197	0.37552518
767	18.852050297548995	0.38018435
768	19.05815474109599	0.38262025
769	19.264259184642984	0.41758126
770	19.470363628189983	0.40537453
771	19.676468071736977	0.37782556
772	19.88257251528397	0.39793426
773	20.08867695883097	0.40535274
774	20.294781402377993	0.39185494
775	20.50088584592499	0.4044129
776	20.706990289471985	0.3898477
777	20.91309473301898	0.40361392
778	21.119199176565978	0.44976318
779	21.325303620112972	0.38348457
780	21.531408063659967	0.38124448
781	21.737512507206993	0.44094718
782	21.943616950753988	0.3933964
783	22.149721394300986	0.3652626
784	22.35582583784798	0.35974282
785	22.561930281394975	0.40483916
786	22.768034724941973	0.38216287
787	22.974139168488996	0.32859033
788	23.180243612035994	0.4046722
789	23.38634805558299	0.459595
790	23.592452499129983	0.3908901
791	23.79855694267698	0.37567687
792	24.004661386223976	0.3825441
793	24.21076582977097	0.38125882
794	24.416870273317997	0.36517915
795	24.62297471686499	0.34749475
796	24.829079160411986	0.40264156
797	25.035183603958984	0.37873504
798	25.24128804750598	0.42187354
799	25.447392491052973	0.39801037
800	25.65349693459997	0.3905683
801	25.859601378146994	0.39120218
802	26.065705821693992	0.4153696
803	26.271810265240987	0.44260415
804	26.47791470878798	0.42095524
805	26.68401915233498	0.38371283
806	26.890123595881974	0.3757278
807	27.09622803942897	0.38647446
808	27.302332482975995	0.38336143
809	27.50843692652299	0.4079107
810	27.714541370069988	0.40010953
811	27.920645813616982	0.37927508
812	28.126750257163977	0.3753937
813	28.332854700710975	0.3720268
814	28.53895914425797	0.38997966
815	28.745063587804996	0.37347296
816	28.95116803135199	0.42685324
817	29.157272474898985	0.40453145
818	29.363376918445983	0.39146528
819	29.569481361992977	0.3893807
820	29.775585805539972	0.38532048
821	29.98169024908697	0.44547978
822	30.187794692633993	0.3909117
823	30.39389913618099	0.4242241
824	30.600003579727986	0.38923946
825	30.80610802327498	0.34475455
826	31.01221246682198	0.39757022
827	31.218316910368973	0.3778935
828	31.424421353915967	0.40364674
829	31.630525797462994	0.397863
830	31.83663024100999	0.35080206
831	32.04273468455698	0.3595035
832	32.24883912810398	0.37771788
833	32.45494357165098	0.37334284
834	32.66104801519797	0.40890214
835	32.86715245874497	0.36134312
836	33.073256902291995	0.38854012
837	33.279361345838986	0.38933736
838	33.485465789385984	0.40307316
839	33.69157023293298	0.36622277
840	33.89767467647997	0.38685477
841	34.10377912002697	0.38821012
842	34.309883563574	0.37104762
843	34.51598800712099	0.42761424
844	34.722092450667986	0.38743767
845	34.928196894214985	0.3715117
846	35.13430133776198	0.40500915
847	35.340405781308974	0.40506312
848	35.54651022485597	0.37229672
849	35.752614668403	0.39111596
850	35.95871911194999	0.4321118
851	36.16482355549699	0.39150298
852	36.370927999043985	0.36065182
853	36.577032442590976	0.3828023
854	36.783136886137974	0.3824714
855	36.98924132968497	0.35166097
856	37.19534577323199	0.38961884
857	37.40145021677899	0.44099104
858	37.60755466032599	0.42431077
859	37.81365910387298	0.42216608
860	38.01976354741998	0.39196563
861	38.225867990966975	0.38757512
862	38.431972434513966	0.3945033
863	38.63807687806099	0.43574458
864	38.84418132160799	0.37061918
865	39.05028576515499	0.3828786
866	39.25639020870198	0.41638866
867	39.46249465224898	0.40108466
868	39.668599095795976	0.4000223
869	39.87470353934297	0.40863982
870	40.08080798288999	0.38962597
871	40.28691242643699	0.3945697
872	40.49301686998398	0.4036059
873	40.69912131353098	0.37957832
874	40.90522575707798	0.37491602
875	41.11133020062497	0.38332975
876	41.31743464417197	0.3940987
877	41.523539087718994	0.40638044
878	41.729643531265985	0.39124474
879	41.93574797481298	0.4011812
880	42.14185241835998	0.36978698
881	42.34795686190698	0.40001586
882	42.55406130545397	0.37876248
883	42.76016574900097	0.39467764
884	42.966270192547995	0.41816318
885	43.172374636094986	0.40512678
886	43.378479079641984	0.3671083
887	43.58458352318898	0.4010958
888	43.79068796673597	0.39706206
889	43.99679241028297	0.3738989
890	44.20289685383	0.39432102
891	44.40900129737699	0.42473975
892	44.61510574092399	0.39507768
893	44.821210184470985	0.34770304
894	45.027314628017976	0.40645203
895	45.233419071564974	0.37409392
896	45.43952351511197	0.3833374
897	45.645627958659	0.39337245
898	45.85173240220599	0.39103925
899	46.05783684575299	0.37384248
900	46.263941289299986	0.37984055
901	46.47004573284698	0.393199
902	46.676150176393975	0.38666907
903	46.88225461994097	0.4018366
904	47.08835906348799	0.3733226
905	47.29446350703499	0.40575394
906	47.50056795058199	0.3961344
907	47.70667239412898	0.38963005
908	47.91277683767598	0.38134357
909	48.118881281222976	0.445244
910	48.32498572476997	0.4191143
911	48.53109016831699	0.3989432
912	48.73719461186399	0.38098565
913	48.94329905541098	0.36827818
914	49.14940349895798	0.42775553
915	49.35550794250498	0.3700886
916	49.561612386051976	0.38149285
917	49.76771682959897	0.40423656
918	49.973821273145994	0.39622724
919	50.17992571669299	0.3780451
920	50.38603016023998	0.40757373
921	50.59213460378698	0.38497642
922	50.79823904733398	0.40565097
923	51.00434349088097	0.37936044
924	51.21044793442797	0.399876
925	51.416552377974995	0.3673442
926	51.622656821521986	0.41062567
927	51.828761265068984	0.3703271
928	52.03486570861598	0.3774804
929	52.24097015216297	0.44093755
930	52.44707459570997	0.3747131
931	52.65317903925697	0.37179342
932	52.859283482803995	0.38328338
933	53.065387926350986	0.39800203
934	53.271492369897985	0.37202445
935	53.47759681344498	0.4102512
936	53.683701256991974	0.39794105
937	53.88980570053897	0.39730924
938	54.09591014408597	0.3754205
939	54.30201458763299	0.37741303
940	54.50811903117999	0.40410852
941	54.714223474726985	0.37857023
942	54.920327918273976	0.42290828
943	55.126432361820974	0.41501173
944	55.33253680536797	0.37778535
945	55.53864124891499	0.40568933
946	55.74474569246199	0.40013906
947	55.95085013600899	0.39171135
948	56.15695457955598	0.40891975
949	56.36305902310298	0.37735772
950	56.569163466649975	0.39956963
951	56.77526791019697	0.38211733
952	56.98137235374399	0.36397687
953	57.18747679729099	0.35050803
954	57.39358124083799	0.4509724
955	57.59968568438498	0.3795488
956	57.80579012793198	0.40624055
957	58.011894571478976	0.40089947
958	58.21799901502597	0.38514182
959	58.42410345857299	0.38542217
960	58.63020790211999	0.4337327
961	58.83631234566698	0.38333496
962	59.04241678921398	0.3718009
963	59.24852123276098	0.39390573
964	59.45462567630797	0.40066713
965	59.66073011985497	0.39981657
966	59.866834563401994	0.41438127
967	60.07293900694899	0.38324878
968	60.27904345049598	0.38143384
969	60.48514789404298	0.3922533
970	60.69125233758998	0.38826245
971	60.89735678113697	0.38398066
972	61.10346122468397	0.3912135
973	61.309565668230995	0.38603824
974	61.515670111777986	0.41460782
975	61.721774555324984	0.39820966
976	61.92787899887198	0.3821481
977	62.13398344241897	0.40805495
978	62.34008788596597	0.37899184
979	62.54619232951297	0.3862343
980	62.75229677305999	0.37012056
981	62.95840121660699	0.39615998
982	63.164505660153985	0.37348157
983	63.370610103700976	0.38973662
984	63.576714547247974	0.3974969
985	63.78281899079497	0.40420943
986	63.98892343434197	0.3955861
987	64.19502787788899	0.41382504
988	64.40113232143598	0.37789023
989	64.60723676498299	0.3591598
990	64.81334120852998	0.3863981
991	65.01944565207697	0.3660224
992	65.22555009562397	0.3953459
993	65.43165453917096	0.37760064
994	65.637758982718	0.38605988
995	65.84386342626499	0.3846786
996	66.04996786981198	0.38033092
997	66.25607231335898	0.39802304
998	66.46217675690598	0.38170996
999	66.66828120045297	0.38772827
1000	66.874385644	0.37706435
1001	67.08049008754699	0.39732653
1002	67.28659453109398	0.3864598
1003	67.49269897464099	0.44020903
1004	67.69880341818798	0.3743103
1005	67.90490786173497	0.38481778
1006	68.11101230528197	0.35362354
1007	68.317116748829	0.40949917
1008	68.52322119237598	0.4008459
1009	68.72932563592299	0.39569488
1010	68.93543007946998	0.38903826
1011	69.14153452301697	0.3751813
1012	69.34763896656398	0.3859994
1013	69.55374341011097	0.38949227
1014	69.75984785365799	0.39198175
1015	69.96595229720499	0.35523725
1016	70.17205674075198	0.3760268
1017	70.37816118429897	0.3588597
1018	70.58426562784598	0.39085507
1019	70.79037007139297	0.37162256
1020	70.99647451493996	0.3744804
1021	71.202578958487	0.39205775
1022	71.40868340203399	0.3682592
1023	71.61478784558098	0.38906962
1024	71.82089228912798	0.39530706
1025	72.02699673267497	0.38117805
1026	72.23310117622196	0.36140212
1027	72.43920561976897	0.41029665
1028	72.64531006331599	0.38024035
1029	72.851414506863	0.39382097
1030	73.05751895040999	0.3941967
1031	73.26362339395698	0.39528015
1032	73.46972783750398	0.36095437
1033	73.67583228105097	0.37944728
1034	73.88193672459796	0.39687225
1035	74.088041168145	0.38741076
1036	74.29414561169199	0.38101524
1037	74.50025005523898	0.39586264
1038	74.70635449878598	0.3823532
1039	74.91245894233298	0.44677585
1040	75.11856338587997	0.3867638
1041	75.32466782942697	0.37911826
1042	75.53077227297399	0.39933908
1043	75.73687671652098	0.38998514
1044	75.94298116006799	0.39073643
1045	76.14908560361498	0.3838961
1046	76.35519004716197	0.41842064
1047	76.56129449070897	0.40044695
1048	76.76739893425597	0.43255132
1049	76.97350337780298	0.3743804
1050	77.17960782134999	0.38013035
1051	77.38571226489698	0.39091563
1052	77.59181670844397	0.39589942
1053	77.79792115199098	0.38692617
1054	78.00402559553797	0.3611362
1055	78.21013003908499	0.4083825
1056	78.41623448263199	0.38946706
1057	78.62233892617898	0.41950798
1058	78.82844336972597	0.4168532
1059	79.03454781327298	0.41901165
1060	79.24065225681997	0.41846102
1061	79.44675670036696	0.38049063
1062	79.652861143914	0.3582514
1063	79.85896558746099	0.3849781
1064	80.06507003100799	0.36190584
1065	80.27117447455498	0.36563167
1066	80.47727891810197	0.44248068
1067	80.68338336164898	0.3519278
1068	80.88948780519597	0.4090346
1069	81.09559224874299	0.3886793
1070	81.30169669229	0.36206827
1071	81.50780113583698	0.37886512
1072	81.71390557938398	0.3897516
1073	81.92001002293098	0.3875055
1074	82.12611446647797	0.38329938
1075	82.33221891002496	0.3910522
1076	82.538323353572	0.3766461
1077	82.74442779711899	0.391697
1078	82.95053224066598	0.3884957
1079	83.15663668421298	0.39518565
1080	83.36274112775997	0.3960797
1081	83.56884557130697	0.37519774
1082	83.77495001485397	0.36849603
1083	83.98105445840099	0.3963482
1084	84.18715890194798	0.39590237
1085	84.39326334549499	0.3933129
1086	84.59936778904198	0.37872377
1087	84.80547223258897	0.40094346
1088	85.01157667613597	0.38849714
1089	85.21768111968296	0.38611826
1090	85.42378556322998	0.41756976
1091	85.62989000677699	0.40271074
1092	85.83599445032398	0.463061
1093	86.04209889387097	0.3685336
1094	86.24820333741798	0.41315436
1095	86.45430778096497	0.3789877
1096	86.66041222451196	0.4242279
1097	86.86651666805899	0.38206127
1098	87.07262111160598	0.3834155
1099	87.27872555515299	0.4006193
1100	87.48482999869998	0.4099831
1101	87.69093444224697	0.3720752
1102	87.89703888579398	0.40954977
1103	88.10314332934097	0.40226933
1104	88.30924777288799	0.38125056
1105	88.51535221643499	0.42037603
1106	88.72145665998198	0.39235845
1107	88.92756110352897	0.37073946
1108	89.13366554707598	0.36259103
1109	89.33976999062297	0.37728757
1110	89.54587443416999	0.37075853
1111	89.751978877717	0.3993499
1112	89.95808332126398	0.3619331
1113	90.16418776481098	0.38569698
1114	90.37029220835798	0.42172125
1115	90.57639665190497	0.41583234
1116	90.78250109545196	0.38832766
1117	90.988605538999	0.37645832
1118	91.19470998254599	0.34308183
1119	91.40081442609298	0.36633533
1120	91.60691886963998	0.40191367
1121	91.81302331318697	0.4528365
1122	92.01912775673397	0.40015906
1123	92.22523220028097	0.38106892
1124	92.43133664382799	0.39742947
1125	92.63744108737498	0.3945092
1126	92.84354553092199	0.40922335
1127	93.04964997446898	0.35953072
1128	93.25575441801597	0.4138758
1129	93.46185886156297	0.40595958
1130	93.66796330510996	0.3994273
1131	93.874067748657	0.3755379
1132	94.08017219220399	0.38331017
1133	94.28627663575098	0.36754143
1134	94.49238107929799	0.37411436
1135	94.69848552284498	0.38621068
1136	94.90458996639197	0.41653648
1137	95.11069440993897	0.3897576
1138	95.31679885348599	0.37005916
1139	95.52290329703298	0.38612905
1140	95.72900774057999	0.3789942
1141	95.93511218412698	0.40176028
1142	96.14121662767397	0.39150104
1143	96.34732107122097	0.36601618
1144	96.55342551476797	0.3507176
1145	96.75952995831499	0.3834048
1146	96.96563440186199	0.41180596
1147	97.17173884540898	0.45103356
1148	97.37784328895597	0.40693998
1149	97.58394773250298	0.40196073
1150	97.79005217604997	0.40916348
1151	97.99615661959696	0.3824279
1152	98.202261063144	0.38466007
1153	98.40836550669098	0.39491248
1154	98.61446995023798	0.41750273
1155	98.82057439378498	0.4061032
1156	99.02667883733197	0.40194446
1157	99.23278328087896	0.41766542
1158	99.43888772442597	0.3781066
1159	99.64499216797299	0.406846
1160	99.85109661151998	0.3847755
1161	100.05720105506698	0.3884391
1162	100.26330549861397	0.3748361
1163	100.46940994216096	0.40872937
1164	100.67551438570797	0.4044516
1165	100.88161882925499	0.3967667
1166	101.087723272802	0.3747378
1167	101.29382771634899	0.3481595
1168	101.49993215989598	0.38650402
1169	101.70603660344298	0.37883735
1170	101.91214104698997	0.40432525
1171	102.11824549053696	0.41272545
1172	102.324349934084	0.3895184
1173	102.53045437763099	0.38399878
1174	102.73655882117798	0.39733985
1175	102.94266326472498	0.42419475
1176	103.14876770827198	0.39990863
1177	103.35487215181897	0.39147565
1178	103.56097659536597	0.38797832
1179	103.76708103891299	0.4098225
1180	103.97318548245998	0.3804309
1181	104.17928992600699	0.38194603
1182	104.38539436955398	0.3544212
1183	104.59149881310097	0.44379362
1184	104.79760325664797	0.44387567
1185	105.00370770019497	0.4078891
1186	105.20981214374198	0.4376191
1187	105.41591658728899	0.45243916
1188	105.62202103083598	0.40377766
1189	105.82812547438297	0.36592263
1190	106.03422991792998	0.43947512
1191	106.24033436147697	0.37932587
1192	106.44643880502396	0.35366988
1193	106.65254324857099	0.38878947
1194	106.85864769211798	0.3940383
1195	107.06475213566497	0.37835678
1196	107.27085657921198	0.3620233
1197	107.47696102275897	0.36045337
1198	107.68306546630596	0.37603104
1199	107.88916990985297	0.39598078
1200	108.09527435339999	0.37911293
1201	108.30137879694699	0.37991965
1202	108.50748324049398	0.41101965
1203	108.71358768404097	0.40901232
1204	108.91969212758798	0.4085066
1205	109.12579657113497	0.380724
1206	109.33190101468196	0.39243358
1207	109.538005458229	0.39863777
1208	109.74410990177599	0.38125056
1209	109.95021434532298	0.39567947
1210	110.15631878886998	0.39804184
1211	110.36242323241697	0.4183747
1212	110.56852767596396	0.4037718
1213	110.774632119511	0.34951437
1214	110.98073656305799	0.40287483
1215	111.18684100660498	0.39516234
1216	111.39294545015198	0.3731366
1217	111.59904989369898	0.40540227
1218	111.80515433724597	0.3781281
1219	112.01125878079297	0.35801932
1220	112.21736322433999	0.38036007
1221	112.42346766788698	0.36277825
1222	112.62957211143399	0.3761724
1223	112.83567655498098	0.37499604
1224	113.04178099852797	0.4096138
1225	113.24788544207497	0.41600272
1226	113.45398988562197	0.34455374
1227	113.66009432916898	0.3827554
1228	113.86619877271599	0.3654996
1229	114.07230321626298	0.37783736
1230	114.27840765980997	0.4094972
1231	114.48451210335698	0.39991888
1232	114.69061654690397	0.35162273
1233	114.89672099045096	0.38678756
1234	115.10282543399799	0.40355304
1235	115.30892987754498	0.40255338
1236	115.51503432109199	0.38858888
1237	115.72113876463898	0.37288857
1238	115.92724320818597	0.386995
1239	116.13334765173298	0.39175773
1240	116.33945209527997	0.40537468
1241	116.54555653882699	0.37686136
1242	116.75166098237399	0.39385876
1243	116.95776542592098	0.4038217
1244	117.16386986946797	0.37363294
1245	117.36997431301498	0.35576186
1246	117.57607875656197	0.3912844
1247	117.78218320010896	0.37541306
1248	117.988287643656	0.36808997
1249	118.19439208720298	0.37099838
1250	118.40049653074998	0.4112775
1251	118.60660097429698	0.37511206
1252	118.81270541784397	0.38868713
1253	119.01880986139096	0.4258039
1254	119.22491430493797	0.37376532
1255	119.43101874848499	0.3822857
1256	119.63712319203198	0.38689542
1257	119.84322763557898	0.4154
1258	120.04933207912597	0.38739341
1259	120.25543652267297	0.38424408
1260	120.46154096621997	0.37197182
1261	120.66764540976696	0.40842295
1262	120.87374985331398	0.41909152
1263	121.07985429686099	0.38811976
1264	121.28595874040798	0.4011832
1265	121.49206318395497	0.39023504
1266	121.69816762750197	0.37615812
1267	121.90427207104896	0.39972672
1268	122.110376514596	0.4235306
1269	122.31648095814299	0.37387833
1270	122.52258540168998	0.3949292
1271	122.72868984523699	0.38560644
1272	122.934794288784	0.3615027
1273	123.14089873233097	0.37689364
1274	123.347003175878	0.3778782
1275	123.55310761942496	0.4107751
1276	123.75921206297198	0.38971725
1277	123.96531650651896	0.38685173
1278	124.17142095006598	0.40467
1279	124.377525393613	0.3766817
1280	124.58362983715998	0.38982964
1281	124.789734280707	0.3670494
1282	124.99583872425396	0.37146696
1283	125.20194316780099	0.4041198
1284	125.40804761134795	0.46381512
1285	125.61415205489497	0.39840105
1286	125.820256498442	0.3878224
1287	126.02636094198897	0.41304025
1288	126.23246538553599	0.3785401
1289	126.43856982908297	0.4238513
1290	126.64467427262998	0.37345883
1291	126.85077871617695	0.420013
1292	127.05688315972398	0.40742323
1293	127.262987603271	0.40309575
1294	127.46909204681796	0.39461726
1295	127.675196490365	0.4064656
1296	127.88130093391196	0.3631458
1297	128.087405377459	0.38163945
1298	128.29350982100596	0.37196654
1299	128.49961426455297	0.3889977
1300	128.7057187081	0.41745397
1301	128.91182315164696	0.3698782
1302	129.117927595194	0.37001297
1303	129.32403203874097	0.37944433
1304	129.530136482288	0.4046829
1305	129.73624092583495	0.3825729
1306	129.94234536938197	0.38194093
1307	130.148449812929	0.39659703
1308	130.35455425647598	0.41702768
1309	130.560658700023	0.3996313
1310	130.76676314356996	0.39583185
1311	130.97286758711698	0.40651926
1312	131.17897203066394	0.39406282
1313	131.38507647421096	0.35313645
1314	131.591180917758	0.42430082
1315	131.79728536130497	0.39647207
1316	132.003389804852	0.36947912
1317	132.20949424839895	0.3942339
1318	132.41559869194597	0.33741102
1319	132.62170313549294	0.3709439
1320	132.82780757903998	0.38172144
1321	133.033912022587	0.39393875
1322	133.24001646613397	0.41807604
1323	133.44612090968099	0.41423848
1324	133.65222535322795	0.42457157
1325	133.858329796775	0.38683027
1326	134.06443424032196	0.4119188
1327	134.27053868386898	0.41288713
1328	134.476643127416	0.39795324
1329	134.68274757096296	0.37391153
1330	134.88885201450998	0.37167707
1331	135.09495645805697	0.4034814
1332	135.301060901604	0.39675084
1333	135.50716534515095	0.3714977
1334	135.71326978869797	0.39819273
1335	135.919374232245	0.38223827
1336	136.12547867579195	0.40711254
1337	136.331583119339	0.4175011
1338	136.53768756288596	0.43348286
1339	136.74379200643298	0.38927677
1340	136.94989644997995	0.40074793
1341	137.15600089352697	0.411171
1342	137.36210533707398	0.39852586
1343	137.56820978062098	0.39613912
1344	137.774314224168	0.4111365
1345	137.98041866771496	0.37017614
1346	138.18652311126198	0.37276202
1347	138.39262755480894	0.36851054
1348	138.59873199835596	0.38041413
1349	138.804836441903	0.38177362
1350	139.01094088544997	0.3904088
1351	139.217045328997	0.4231078
1352	139.42314977254395	0.39219403
1353	139.62925421609097	0.41470107
1354	139.83535865963802	0.3873645
1355	140.04146310318498	0.40618193
1356	140.247567546732	0.3749457
1357	140.45367199027896	0.38946873
1358	140.65977643382598	0.38858435
1359	140.86588087737294	0.3672269
1360	141.07198532092	0.39721462
1361	141.278089764467	0.3577416
1362	141.48419420801397	0.41311926
1363	141.690298651561	0.3917386
1364	141.89640309510796	0.42801166
1365	142.10250753865498	0.37277704
1366	142.30861198220197	0.40454274
1367	142.514716425749	0.3907643
1368	142.720820869296	0.3998246
1369	142.92692531284297	0.40474015
1370	143.13302975639	0.4158446
1371	143.33913419993695	0.369989
1372	143.545238643484	0.41724804
1373	143.75134308703096	0.39494503
1374	143.95744753057798	0.36309665
1375	144.163551974125	0.39632893
1376	144.36965641767196	0.3622155
1377	144.57576086121898	0.3974525
1378	144.78186530476597	0.37993738
1379	144.987969748313	0.4060942
1380	145.19407419185995	0.36875236
1381	145.40017863540697	0.38744882
1382	145.606283078954	0.39368984
1383	145.81238752250096	0.4131189
1384	146.018491966048	0.4028787
1385	146.22459640959497	0.39686093
1386	146.43070085314199	0.38856632
1387	146.63680529668895	0.38181043
1388	146.84290974023597	0.3823041
1389	147.04901418378302	0.4016838
1390	147.25511862732998	0.3914619
1391	147.461223070877	0.4096361
1392	147.66732751442396	0.3757744
1393	147.87343195797098	0.36922216
1394	148.07953640151794	0.3891713
1395	148.285640845065	0.35829735
1396	148.491745288612	0.39238855
1397	148.69784973215897	0.4412698
1398	148.903954175706	0.38058242
1399	149.11005861925295	0.40154946
1400	149.31616306279997	0.36739808
1401	149.52226750634696	0.39523634
1402	149.72837194989398	0.4039434
1403	149.934476393441	0.4030983
1404	150.14058083698797	0.39547518
1405	150.34668528053498	0.40764025
1406	150.55278972408195	0.3788464
1407	150.758894167629	0.35970813
1408	150.96499861117596	0.3914878
1409	151.17110305472298	0.36116675
1410	151.37720749827	0.39062423
1411	151.58331194181696	0.39398503
1412	151.78941638536398	0.4003684
1413	151.99552082891097	0.4220815
1414	152.201625272458	0.3894565
1415	152.40772971600495	0.39671922
1416	152.61383415955197	0.41122648
1417	152.819938603099	0.4141577
1418	153.02604304664595	0.37070322
1419	153.232147490193	0.37204534
1420	153.43825193373996	0.39208567
1421	153.64435637728698	0.40807992
1422	153.85046082083394	0.39961416
1423	154.05656526438096	0.3848792
1424	154.262669707928	0.37229925
1425	154.46877415147497	0.41479048
1426	154.674878595022	0.37635425
1427	154.88098303856896	0.4050207
1428	155.08708748211598	0.39948535
1429	155.29319192566294	0.42433077
1430	155.49929636921	0.35891423
1431	155.705400812757	0.3631419
1432	155.91150525630397	0.37124178
1433	156.117609699851	0.3871672
1434	156.32371414339795	0.37807244
1435	156.52981858694497	0.3741849
1436	156.73592303049196	0.36556268
1437	156.94202747403898	0.40174907
1438	157.148131917586	0.4052208
1439	157.35423636113296	0.41103548
1440	157.56034080467998	0.3655281
1441	157.76644524822694	0.38514003
1442	157.972549691774	0.38911483
1443	158.17865413532095	0.39626366
1444	158.38475857886797	0.40567422
1445	158.590863022415	0.3784816
1446	158.79696746596196	0.400946
1447	159.00307190950898	0.40599778
1448	159.20917635305597	0.40469605
1449	159.41528079660299	0.4402552
1450	159.62138524014995	0.4050301
1451	159.82748968369697	0.40513822
1452	160.033594127244	0.40281978
1453	160.23969857079095	0.3546149
1454	160.445803014338	0.39172143
1455	160.65190745788496	0.3961899
1456	160.85801190143198	0.39255488
1457	161.064116344979	0.35978544
1458	161.27022078852596	0.415379
1459	161.476325232073	0.39223635
1460	161.68242967561997	0.4156891
1461	161.888534119167	0.41345423
1462	162.09463856271395	0.3581486
1463	162.30074300626097	0.36985788
1464	162.506847449808	0.38466364
1465	162.71295189335498	0.3932184
1466	162.919056336902	0.40399283
1467	163.12516078044897	0.40456444
1468	163.33126522399598	0.3959044
1469	163.53736966754295	0.37970743
1470	163.74347411108997	0.39182603
1471	163.94957855463701	0.4091139
1472	164.15568299818398	0.4444399
1473	164.361787441731	0.35470042
1474	164.56789188527796	0.38372633
1475	164.77399632882498	0.38915876
1476	164.98010077237194	0.4187451
1477	165.186205215919	0.3751517
1478	165.392309659466	0.34658793
1479	165.59841410301297	0.40752453
1480	165.80451854656	0.43754897
1481	166.01062299010695	0.42162952
1482	166.21672743365397	0.3916255
1483	166.42283187720096	0.4239559
1484	166.62893632074798	0.38899973
1485	166.835040764295	0.39224765
1486	167.04114520784196	0.38337424
1487	167.24724965138898	0.36863664
1488	167.45335409493595	0.44188377
1489	167.659458538483	0.38011274
1490	167.86556298202996	0.41248065
1491	168.07166742557698	0.38931292
1492	168.277771869124	0.40289372
1493	168.48387631267096	0.3629031
1494	168.689980756218	0.40479982
1495	168.89608519976497	0.3563277
1496	169.102189643312	0.39615482
1497	169.30829408685895	0.38947698
1498	169.51439853040597	0.41203812
1499	169.720502973953	0.3908711
