	velocity	Amplitude
0	-142.01851566500002	0.042320326
1	-141.812409305305	0.052355498
2	-141.60630294561003	0.030360429
3	-141.400196585915	0.04051144
4	-141.19409022622003	0.036795735
5	-140.98798386652498	0.04942894
6	-140.78187750683	0.02962861
7	-140.57577114713501	0.05646982
8	-140.36966478744	0.032111492
9	-140.16355842774502	0.03529439
10	-139.95745206805	0.036797732
11	-139.75134570835502	0.031390496
12	-139.54523934866003	0.048181474
13	-139.33913298896502	0.04738088
14	-139.13302662927003	0.04542316
15	-138.926920269575	0.03764444
16	-138.72081390988	0.03703842
17	-138.514707550185	0.032758698
18	-138.30860119049	0.03085682
19	-138.10249483079502	0.039362274
20	-137.8963884711	0.03343735
21	-137.69028211140503	0.039393537
22	-137.48417575171	0.040891357
23	-137.27806939201503	0.027020209
24	-137.07196303232	0.030388203
25	-136.865856672625	0.028174158
26	-136.65975031293002	0.014464859
27	-136.453643953235	0.025378153
28	-136.24753759354002	0.03306345
29	-136.041431233845	0.020004796
30	-135.83532487415002	0.031475216
31	-135.629218514455	0.03984347
32	-135.42311215476002	0.0491092
33	-135.21700579506503	0.045977674
34	-135.01089943537002	0.047312066
35	-134.804793075675	0.04739225
36	-134.59868671598	0.04663419
37	-134.392580356285	0.046568133
38	-134.18647399659	0.04324414
39	-133.980367636895	0.037426405
40	-133.77426127720003	0.024222257
41	-133.568154917505	0.031956166
42	-133.36204855781003	0.04108864
43	-133.155942198115	0.045480777
44	-132.94983583842003	0.03249578
45	-132.743729478725	0.035567887
46	-132.53762311903	0.029070614
47	-132.33151675933502	0.030018609
48	-132.12541039964	0.026485011
49	-131.91930403994502	0.04801171
50	-131.71319768025	0.028996354
51	-131.50709132055502	0.037105236
52	-131.30098496086	0.032121282
53	-131.09487860116502	0.033742197
54	-130.88877224147	0.016103245
55	-130.68266588177502	0.048087444
56	-130.47655952208	0.04150353
57	-130.270453162385	0.044862498
58	-130.06434680269	0.044940244
59	-129.858240442995	0.020851858
60	-129.6521340833	0.038224928
61	-129.44602772360503	0.02102298
62	-129.23992136391	0.028182492
63	-129.033815004215	0.033287752
64	-128.82770864452002	0.03765722
65	-128.621602284825	0.037063494
66	-128.41549592513002	0.050385714
67	-128.209389565435	0.036153045
68	-128.00328320574002	0.033153906
69	-127.797176846045	0.056851756
70	-127.59107048635002	0.03858524
71	-127.38496412665502	0.041271545
72	-127.17885776696002	0.027078409
73	-126.97275140726501	0.051769022
74	-126.76664504757001	0.026135936
75	-126.56053868787501	0.04466091
76	-126.35443232818001	0.0203658
77	-126.14832596848501	0.0368046
78	-125.94221960879001	0.029818458
79	-125.73611324909501	0.031586852
80	-125.53000688940001	0.04309695
81	-125.32390052970501	0.054479986
82	-125.11779417001001	0.037330225
83	-124.911687810315	0.03999946
84	-124.70558145062002	0.04700892
85	-124.49947509092502	0.032660607
86	-124.29336873123002	0.040729698
87	-124.087262371535	0.038586386
88	-123.88115601184	0.03193975
89	-123.675049652145	0.040762868
90	-123.46894329245002	0.039987586
91	-123.26283693275502	0.03167994
92	-123.05673057306002	0.04889348
93	-122.85062421336501	0.025748456
94	-122.64451785367001	0.048658796
95	-122.43841149397501	0.033699844
96	-122.23230513428001	0.030440625
97	-122.02619877458501	0.038917363
98	-121.82009241489001	0.019670365
99	-121.61398605519501	0.030272212
100	-121.40787969550001	0.028298602
101	-121.20177333580502	0.041349117
102	-120.99566697611002	0.032545436
103	-120.789560616415	0.037030436
104	-120.58345425672002	0.033429906
105	-120.37734789702502	0.045688786
106	-120.17124153733002	0.04932884
107	-119.965135177635	0.033551127
108	-119.75902881794	0.035196975
109	-119.552922458245	0.040920462
110	-119.34681609855001	0.036409505
111	-119.14070973885502	0.043370813
112	-118.93460337916002	0.03830691
113	-118.72849701946501	0.025179297
114	-118.52239065977001	0.032639258
115	-118.31628430007501	0.049228214
116	-118.11017794038001	0.044853073
117	-117.904071580685	0.037239105
118	-117.69796522099001	0.030781193
119	-117.49185886129501	0.0335825
120	-117.28575250160002	0.03277769
121	-117.07964614190502	0.04326664
122	-116.87353978221002	0.03707906
123	-116.667433422515	0.043745793
124	-116.46132706282002	0.043889154
125	-116.25522070312502	0.045337692
126	-116.04911434343002	0.026089007
127	-115.843007983735	0.039810296
128	-115.63690162404001	0.036193337
129	-115.43079526434501	0.038628124
130	-115.22468890465001	0.06136906
131	-115.01858254495502	0.035324886
132	-114.81247618526002	0.04513138
133	-114.60636982556501	0.04300066
134	-114.40026346587001	0.043135222
135	-114.19415710617501	0.039927855
136	-113.98805074648001	0.03782573
137	-113.781944386785	0.055817258
138	-113.57583802709001	0.036102004
139	-113.36973166739502	0.043901436
140	-113.16362530770002	0.036956765
141	-112.95751894800502	0.038146563
142	-112.75141258831002	0.021836458
143	-112.545306228615	0.036358666
144	-112.33919986892	0.0468687
145	-112.13309350922502	0.050023526
146	-111.92698714953002	0.035285965
147	-111.72088078983501	0.038475644
148	-111.51477443014001	0.04256465
149	-111.30866807044501	0.04171871
150	-111.10256171075001	0.040387865
151	-110.89645535105502	0.03498707
152	-110.69034899136003	0.029732656
153	-110.48424263166501	0.03226912
154	-110.27813627197001	0.029512152
155	-110.07202991227501	0.04733562
156	-109.86592355258	0.036196068
157	-109.659817192885	0.045178436
158	-109.45371083319002	0.036034826
159	-109.24760447349502	0.03705886
160	-109.04149811380002	0.0414952
161	-108.83539175410502	0.03740353
162	-108.62928539441002	0.03810629
163	-108.423179034715	0.046446837
164	-108.21707267502	0.018748857
165	-108.01096631532502	0.028108995
166	-107.80485995563001	0.03737285
167	-107.59875359593501	0.05687747
168	-107.39264723624001	0.031942062
169	-107.18654087654501	0.046429805
170	-106.98043451685001	0.053780615
171	-106.77432815715501	0.03065658
172	-106.56822179746003	0.02282597
173	-106.36211543776501	0.032582343
174	-106.15600907807001	0.022199348
175	-105.94990271837501	0.044064548
176	-105.74379635868	0.045717962
177	-105.537689998985	0.042676933
178	-105.33158363929	0.04668548
179	-105.12547727959502	0.03105689
180	-104.91937091990002	0.038901515
181	-104.71326456020502	0.042908642
182	-104.50715820051002	0.04833906
183	-104.301051840815	0.03811226
184	-104.09494548112	0.04464274
185	-103.88883912142502	0.02049425
186	-103.68273276173001	0.05371698
187	-103.47662640203501	0.029186046
188	-103.27052004234001	0.04115017
189	-103.06441368264501	0.04523907
190	-102.85830732295001	0.03924262
191	-102.65220096325501	0.038432967
192	-102.44609460356003	0.039783526
193	-102.23998824386501	0.05657182
194	-102.03388188417001	0.051416624
195	-101.82777552447502	0.041605644
196	-101.62166916478	0.041790664
197	-101.415562805085	0.046093658
198	-101.20945644539	0.027218962
199	-101.00335008569502	0.04372546
200	-100.79724372600002	0.046829652
201	-100.59113736630502	0.053876717
202	-100.38503100661002	0.05308273
203	-100.17892464691501	0.046612468
204	-99.97281828722001	0.035349507
205	-99.76671192752501	0.043921493
206	-99.56060556783001	0.040603895
207	-99.35449920813501	0.03991847
208	-99.14839284844001	0.03478205
209	-98.94228648874501	0.054020986
210	-98.73618012905001	0.03558469
211	-98.53007376935501	0.040277004
212	-98.32396740966001	0.04462122
213	-98.11786104996501	0.032981962
214	-97.91175469027002	0.02966785
215	-97.705648330575	0.028581649
216	-97.49954197088	0.032699175
217	-97.293435611185	0.04269611
218	-97.08732925149	0.025383966
219	-96.88122289179502	0.04502274
220	-96.67511653210002	0.045076415
221	-96.46901017240502	0.043060943
222	-96.26290381271002	0.037874024
223	-96.05679745301501	0.033714723
224	-95.85069109332001	0.038304593
225	-95.644584733625	0.048260942
226	-95.43847837393001	0.040394876
227	-95.23237201423501	0.03826664
228	-95.02626565454001	0.037479136
229	-94.82015929484501	0.040822774
230	-94.61405293515001	0.017340235
231	-94.40794657545501	0.035382733
232	-94.20184021576001	0.04623481
233	-93.99573385606502	0.034910273
234	-93.78962749637002	0.048355862
235	-93.583521136675	0.046991915
236	-93.37741477698	0.045165077
237	-93.171308417285	0.045208894
238	-92.96520205759	0.037007254
239	-92.759095697895	0.029486567
240	-92.55298933820002	0.052873485
241	-92.34688297850502	0.034458917
242	-92.14077661881002	0.03834991
243	-91.93467025911501	0.03763821
244	-91.72856389942001	0.038478546
245	-91.522457539725	0.035803013
246	-91.31635118003	0.050449837
247	-91.11024482033501	0.03665831
248	-90.90413846064001	0.05243393
249	-90.69803210094501	0.023756573
250	-90.49192574125001	0.025744637
251	-90.28581938155502	0.031694666
252	-90.07971302186002	0.044402696
253	-89.87360666216502	0.024273241
254	-89.66750030247002	0.058569845
255	-89.461393942775	0.0310179
256	-89.25528758308	0.024710476
257	-89.049181223385	0.03627272
258	-88.84307486369	0.027387934
259	-88.636968503995	0.053775538
260	-88.43086214430002	0.047138073
261	-88.22475578460502	0.037504673
262	-88.01864942491002	0.037611887
263	-87.81254306521501	0.033171356
264	-87.60643670552001	0.038164046
265	-87.400330345825	0.02400309
266	-87.19422398613	0.041441925
267	-86.98811762643501	0.031043597
268	-86.78201126674001	0.050164
269	-86.57590490704501	0.027068477
270	-86.36979854735002	0.032072097
271	-86.16369218765502	0.03126914
272	-85.95758582796002	0.047570955
273	-85.751479468265	0.044721454
274	-85.54537310857002	0.03594592
275	-85.339266748875	0.035363305
276	-85.13316038918	0.041282587
277	-84.927054029485	0.037913997
278	-84.72094766979001	0.023766927
279	-84.51484131009501	0.04797204
280	-84.30873495040001	0.03158753
281	-84.10262859070502	0.045728244
282	-83.89652223101002	0.038639545
283	-83.69041587131501	0.03420692
284	-83.48430951162001	0.03282769
285	-83.278203151925	0.040160343
286	-83.07209679223	0.035761524
287	-82.86599043253501	0.0507926
288	-82.65988407284001	0.032362573
289	-82.45377771314502	0.03558237
290	-82.24767135345002	0.032481283
291	-82.04156499375502	0.05032502
292	-81.83545863406002	0.03230939
293	-81.629352274365	0.02909096
294	-81.42324591467002	0.04036953
295	-81.217139554975	0.050125018
296	-81.01103319528	0.033077665
297	-80.80492683558501	0.04794021
298	-80.59882047589001	0.036367133
299	-80.39271411619501	0.047834918
300	-80.18660775650001	0.042205267
301	-79.98050139680502	0.04096127
302	-79.77439503711001	0.0439265
303	-79.56828867741501	0.026494691
304	-79.36218231772001	0.03872745
305	-79.156075958025	0.04545496
306	-78.94996959833	0.025409011
307	-78.743863238635	0.034878146
308	-78.53775687894002	0.03963293
309	-78.33165051924502	0.039910533
310	-78.12554415955002	0.026996944
311	-77.91943779985502	0.062082276
312	-77.71333144016	0.02704423
313	-77.507225080465	0.043184936
314	-77.30111872077	0.03588312
315	-77.095012361075	0.031829327
316	-76.88890600138001	0.030214427
317	-76.68279964168501	0.027483983
318	-76.47669328199001	0.035403967
319	-76.27058692229501	0.028594803
320	-76.06448056260001	0.02532093
321	-75.85837420290501	0.044400208
322	-75.65226784321001	0.03444784
323	-75.44616148351501	0.04422427
324	-75.24005512382001	0.035679266
325	-75.03394876412501	0.03641911
326	-74.82784240443	0.035174094
327	-74.621736044735	0.040243708
328	-74.41562968504002	0.040005106
329	-74.20952332534502	0.053156037
330	-74.00341696565002	0.049069982
331	-73.797310605955	0.03691957
332	-73.59120424626	0.03866131
333	-73.385097886565	0.029926833
334	-73.17899152687	0.02277059
335	-72.97288516717502	0.052853025
336	-72.76677880748001	0.04006318
337	-72.56067244778501	0.037987765
338	-72.35456608809001	0.04131794
339	-72.14845972839501	0.03700911
340	-71.94235336870001	0.039029323
341	-71.736247009005	0.028549533
342	-71.53014064931001	0.053499922
343	-71.32403428961501	0.05170328
344	-71.11792792992001	0.035671905
345	-70.91182157022502	0.031564895
346	-70.70571521053	0.03173486
347	-70.499608850835	0.03604695
348	-70.29350249114	0.03378992
349	-70.08739613144502	0.032659773
350	-69.88128977175002	0.056942523
351	-69.675183412055	0.026440818
352	-69.46907705236	0.043642417
353	-69.26297069266501	0.046704624
354	-69.05686433297001	0.030563844
355	-68.85075797327502	0.053394705
356	-68.64465161358001	0.028751237
357	-68.43854525388501	0.034822434
358	-68.23243889419001	0.03680855
359	-68.02633253449501	0.037264317
360	-67.82022617480001	0.051946506
361	-67.614119815105	0.039162286
362	-67.40801345541001	0.031802975
363	-67.20190709571501	0.04420036
364	-66.99580073602002	0.04490121
365	-66.78969437632502	0.031268816
366	-66.58358801663	0.03526723
367	-66.377481656935	0.04479694
368	-66.17137529724	0.03650938
369	-65.96526893754502	0.03972143
370	-65.75916257785002	0.037519343
371	-65.553056218155	0.037578467
372	-65.34694985846001	0.034671366
373	-65.14084349876501	0.03135249
374	-64.93473713907001	0.044539258
375	-64.72863077937501	0.031270035
376	-64.52252441968001	0.054859642
377	-64.31641805998501	0.034567937
378	-64.11031170029001	0.04438526
379	-63.90420534059501	0.036033075
380	-63.69809898090001	0.04607343
381	-63.49199262120501	0.031856216
382	-63.28588626151001	0.030484816
383	-63.07977990181501	0.028264431
384	-62.87367354212002	0.034632016
385	-62.66756718242502	0.041330043
386	-62.461460822730004	0.034188077
387	-62.255354463035005	0.023594081
388	-62.04924810334001	0.06035333
389	-61.84314174364501	0.03586969
390	-61.637035383950014	0.04349035
391	-61.43092902425501	0.043885283
392	-61.22482266456001	0.04183013
393	-61.01871630486501	0.04368245
394	-60.81260994517002	0.03189183
395	-60.60650358547502	0.03517435
396	-60.400397225780004	0.036777224
397	-60.194290866085005	0.029680211
398	-59.98818450639001	0.036633126
399	-59.782078146695014	0.046686642
400	-59.575971787000015	0.029060593
401	-59.36986542730501	0.041135803
402	-59.16375906761001	0.04042226
403	-58.95765270791501	0.037109457
404	-58.75154634822001	0.03784457
405	-58.54543998852502	0.05959453
406	-58.339333628830005	0.029104266
407	-58.133227269135006	0.040499616
408	-57.92712090944001	0.031539127
409	-57.721014549745014	0.04824065
410	-57.514908190050015	0.03699795
411	-57.30880183035501	0.022326853
412	-57.10269547066001	0.03894271
413	-56.89658911096501	0.03276013
414	-56.69048275127001	0.01779526
415	-56.48437639157502	0.040438946
416	-56.278270031880005	0.0513606
417	-56.072163672185006	0.011898992
418	-55.866057312490014	0.035988152
419	-55.659950952795015	0.028737858
420	-55.453844593100015	0.027101615
421	-55.247738233405	0.050493497
422	-55.04163187371001	0.04481241
423	-54.83552551401501	0.010144986
424	-54.62941915432001	0.03152333
425	-54.42331279462502	0.03516227
426	-54.217206434930006	0.03301095
427	-54.01110007523501	0.03017297
428	-53.804993715540014	0.04010765
429	-53.598887355845015	0.035486408
430	-53.39278099615	0.031063296
431	-53.186674636455	0.027275542
432	-52.98056827676001	0.04170099
433	-52.77446191706501	0.030634034
434	-52.56835555737001	0.039990682
435	-52.362249197675006	0.02677873
436	-52.156142837980006	0.044271417
437	-51.95003647828501	0.026794031
438	-51.74393011859001	0.035016906
439	-51.537823758895016	0.038309757
440	-51.3317173992	0.044137217
441	-51.125611039505	0.038676374
442	-50.91950467981001	0.029017456
443	-50.71339832011501	0.027992537
444	-50.50729196042001	0.030079741
445	-50.301185600725006	0.044875335
446	-50.09507924103001	0.047751613
447	-49.88897288133501	0.044240985
448	-49.68286652164001	0.03696208
449	-49.476760161945016	0.028348655
450	-49.27065380225	0.02472474
451	-49.064547442555	0.028088259
452	-48.85844108286001	0.03700921
453	-48.65233472316501	0.026477609
454	-48.44622836347001	0.050310537
455	-48.240122003775	0.017794523
456	-48.03401564408001	0.028646166
457	-47.82790928438501	0.028536793
458	-47.62180292469001	0.029209621
459	-47.41569656499502	0.02527948
460	-47.2095902053	0.031524204
461	-47.003483845605004	0.040073786
462	-46.79737748591001	0.04197917
463	-46.59127112621501	0.044901084
464	-46.38516476652001	0.015530853
465	-46.179058406825	0.050368257
466	-45.97295204713001	0.039919466
467	-45.76684568743501	0.041782413
468	-45.56073932774001	0.035845246
469	-45.35463296804502	0.03571318
470	-45.148526608350004	0.052162424
471	-44.942420248655004	0.036199786
472	-44.736313888960005	0.031749867
473	-44.53020752926501	0.03950505
474	-44.324101169570014	0.047697097
475	-44.117994809875	0.041850843
476	-43.91188845018001	0.041105088
477	-43.70578209048501	0.032096162
478	-43.49967573079001	0.05084257
479	-43.29356937109502	0.04427805
480	-43.087463011400004	0.031826045
481	-42.881356651705005	0.034671985
482	-42.675250292010006	0.042882014
483	-42.46914393231501	0.033662252
484	-42.263037572620014	0.037890732
485	-42.056931212925	0.039163154
486	-41.85082485323001	0.048768297
487	-41.64471849353501	0.032543797
488	-41.43861213384001	0.046209704
489	-41.23250577414502	0.04144858
490	-41.026399414450005	0.045445107
491	-40.820293054755005	0.039315004
492	-40.614186695060006	0.030816194
493	-40.408080335365014	0.048734643
494	-40.201973975670015	0.042364277
495	-39.995867615975	0.043290153
496	-39.78976125628001	0.035048276
497	-39.58365489658501	0.040027615
498	-39.37754853689001	0.016112912
499	-39.17144217719501	0.028789256
500	-38.965335817500005	0.042003985
501	-38.759229457805006	0.051150836
502	-38.55312309811001	0.03521967
503	-38.347016738415014	0.029422967
504	-38.140910378720015	0.04863915
505	-37.934804019025	0.04926454
506	-37.72869765933	0.03934391
507	-37.52259129963501	0.029522303
508	-37.31648493994001	0.04578216
509	-37.11037858024501	0.030941216
510	-36.904272220550006	0.04101003
511	-36.698165860855006	0.037236717
512	-36.49205950116001	0.040376507
513	-36.285953141465015	0.04652539
514	-36.079846781770016	0.03146878
515	-35.873740422075	0.028960904
516	-35.66763406238	0.057135753
517	-35.46152770268501	0.03616173
518	-35.25542134299001	0.022537638
519	-35.04931498329501	0.0464827
520	-34.843208623600006	0.035922986
521	-34.63710226390501	0.036202073
522	-34.43099590421001	0.028252805
523	-34.224889544515015	0.03892304
524	-34.018783184820016	0.04696446
525	-33.812676825125	0.02753777
526	-33.60657046543	0.040704835
527	-33.40046410573501	0.038335934
528	-33.19435774604001	0.0327262
529	-32.98825138634501	0.04245973
530	-32.78214502665001	0.052543316
531	-32.57603866695501	0.034976304
532	-32.36993230726001	0.048181523
533	-32.16382594756501	0.041441523
534	-31.957719587870017	0.03215459
535	-31.751613228175003	0.036795307
536	-31.545506868480008	0.037019767
537	-31.33940050878501	0.02059607
538	-31.133294149090013	0.052390993
539	-30.927187789395013	0.041654773
540	-30.721081429700003	0.03743139
541	-30.514975070005008	0.013211686
542	-30.30886871031001	0.031595774
543	-30.102762350615013	0.03223945
544	-29.896655990920014	0.026241247
545	-29.690549631225004	0.04325122
546	-29.484443271530008	0.026956929
547	-29.27833691183501	0.029965954
548	-29.072230552140013	0.02807946
549	-28.866124192445014	0.030131476
550	-28.660017832750004	0.04751667
551	-28.453911473055005	0.029412955
552	-28.24780511336001	0.054961722
553	-28.041698753665013	0.03261195
554	-27.835592393970014	0.0474747
555	-27.629486034275004	0.027961915
556	-27.423379674580005	0.04708993
557	-27.21727331488501	0.04066758
558	-27.011166955190014	0.039661475
559	-26.805060595495014	0.04516453
560	-26.598954235800004	0.04779616
561	-26.392847876105005	0.050608803
562	-26.18674151641001	0.057912085
563	-25.980635156715014	0.028023457
564	-25.774528797020015	0.040786117
565	-25.568422437325005	0.030315068
566	-25.362316077630005	0.026590131
567	-25.15620971793501	0.034944262
568	-24.950103358240014	0.027567679
569	-24.743996998545015	0.051241137
570	-24.537890638850005	0.053218327
571	-24.331784279155006	0.04756442
572	-24.12567791946001	0.04158821
573	-23.91957155976501	0.029308453
574	-23.713465200070015	0.047094245
575	-23.507358840375005	0.027799072
576	-23.301252480680006	0.027715888
577	-23.09514612098501	0.024213932
578	-22.88903976129001	0.02490095
579	-22.682933401595015	0.045953542
580	-22.476827041900005	0.026064243
581	-22.270720682205006	0.03672158
582	-22.06461432251001	0.018660247
583	-21.85850796281501	0.019594666
584	-21.652401603120015	0.03239975
585	-21.446295243425002	0.043506548
586	-21.240188883730006	0.04464696
587	-21.03408252403501	0.025504414
588	-20.82797616434001	0.043572895
589	-20.621869804645016	0.026646536
590	-20.415763444950002	0.03603168
591	-20.209657085255007	0.030863069
592	-20.00355072556001	0.025180008
593	-19.79744436586501	0.040021434
594	-19.591338006170016	0.042226084
595	-19.385231646475003	0.05343279
596	-19.179125286780007	0.027351346
597	-18.97301892708501	0.05503691
598	-18.766912567390012	0.023262275
599	-18.560806207695002	0.017767435
600	-18.354699848000003	0.04882939
601	-18.148593488305007	0.040225886
602	-17.94248712861001	0.0282647
603	-17.736380768915012	0.051100835
604	-17.530274409220002	0.028909093
605	-17.324168049525003	0.043318607
606	-17.118061689830007	0.04789283
607	-16.911955330135008	0.043336008
608	-16.705848970440012	0.036001913
609	-16.499742610745002	0.03361925
610	-16.293636251050003	0.046034668
611	-16.087529891355008	0.023450874
612	-15.88142353166001	0.03649643
613	-15.675317171965013	0.020722177
614	-15.469210812270001	0.033651207
615	-15.263104452575003	0.04521064
616	-15.056998092880006	0.03798548
617	-14.85089173318501	0.04176724
618	-14.644785373490013	0.034447618
619	-14.438679013795001	0.032773666
620	-14.232572654100004	0.028330572
621	-14.026466294405006	0.034284975
622	-13.82035993471001	0.04102374
623	-13.614253575015013	0.024654286
624	-13.408147215320001	0.028167915
625	-13.202040855625004	0.041175336
626	-12.995934495930006	0.027385045
627	-12.789828136235009	0.03268302
628	-12.583721776540013	0.032115646
629	-12.377615416845002	0.032312524
630	-12.171509057150004	0.026694033
631	-11.965402697455007	0.044617355
632	-11.75929633776001	0.026932927
633	-11.553189978065014	0.039400235
634	-11.347083618370002	0.043079443
635	-11.140977258675004	0.041695625
636	-10.934870898980007	0.034669116
637	-10.72876453928501	0.02687848
638	-10.522658179590012	0.022767559
639	-10.316551819895016	0.022409614
640	-10.110445460200019	0.0425186
641	-9.904339100505021	0.031997308
642	-9.698232740809996	0.040784676
643	-9.492126381114998	0.037302855
644	-9.28602002142	0.021150123
645	-9.079913661725005	0.046370294
646	-8.873807302030007	0.036291964
647	-8.66770094233501	0.043393828
648	-8.461594582640013	0.030950634
649	-8.255488222945015	0.041319072
650	-8.04938186325002	0.050748758
651	-7.843275503555022	0.039257396
652	-7.637169143859995	0.021277964
653	-7.4310627841649985	0.026946606
654	-7.224956424470001	0.059641387
655	-7.0188500647750045	0.027580325
656	-6.812743705080007	0.046506047
657	-6.6066373453850105	0.040557496
658	-6.400530985690013	0.013729546
659	-6.1944246259950155	0.042193342
660	-5.988318266300019	0.026070595
661	-5.7822119066050215	0.05479315
662	-5.576105546909996	0.04708578
663	-5.369999187214998	0.018347442
664	-5.163892827520002	0.043805532
665	-4.957786467825004	0.036372803
666	-4.7516801081300075	0.033331446
667	-4.54557374843501	0.03814049
668	-4.3394673887400135	0.04235031
669	-4.133361029045016	0.032259952
670	-3.927254669350019	0.016770026
671	-3.721148309655022	0.017807018
672	-3.5150419499599956	0.029054085
673	-3.3089355902649986	0.019433452
674	-3.1028292305700016	0.024943864
675	-2.8967228708750046	0.022826519
676	-2.6906165111800076	0.022998007
677	-2.48451015148501	0.02882414
678	-2.278403791790013	0.043464355
679	-2.072297432095016	0.0005644141
680	-1.866191072400019	0.0020099562
681	-1.660084712705022	0.039986745
682	-1.4539783530099957	0.036013335
683	-1.2478719933149987	0.034755353
684	-1.0417656336200016	0.026452627
685	-0.8356592739250045	0.060831673
686	-0.6295529142300075	0.012808917
687	-0.42344655453501034	0.021496475
688	-0.2173401948400133	0.026981771
689	-0.011233835145016201	0.0410726
690	0.19487252454998089	0.027397532
691	0.40097888424500705	0.025898136
692	0.6070852439400042	0.027096637
693	0.8131916036350012	0.044799466
694	1.0192979633299983	0.04512602
695	1.2254043230249954	0.03135507
696	1.4315106827199924	0.044949587
697	1.6376170424149896	0.047174018
698	1.8437234021099866	0.026802678
699	2.049829761804984	0.0440796
700	2.255936121499981	0.03760062
701	2.462042481195007	0.0329628
702	2.6681488408900043	0.03528357
703	2.8742552005850013	0.048710667
704	3.0803615602799983	0.030066261
705	3.2864679199749953	0.045530558
706	3.4925742796699923	0.0408803
707	3.6986806393649894	0.035491526
708	3.9047869990599864	0.0066674314
709	4.110893358754984	0.028214116
710	4.31699971844998	0.033385694
711	4.523106078145007	0.026605688
712	4.729212437840004	0.043047797
713	4.935318797535001	0.036402743
714	5.141425157229998	0.03329751
715	5.347531516924995	0.038077805
716	5.553637876619993	0.024829445
717	5.759744236314989	0.026630962
718	5.965850596009987	0.03658643
719	6.171956955704983	0.03850733
720	6.378063315399981	0.03788738
721	6.584169675095007	0.01945381
722	6.790276034790004	0.049679752
723	6.996382394485001	0.022082256
724	7.202488754179998	0.04877586
725	7.408595113874995	0.033323426
726	7.614701473569992	0.042881954
727	7.82080783326499	0.027513033
728	8.026914192959987	0.011089602
729	8.233020552654983	0.037263773
730	8.43912691234998	0.036890093
731	8.645233272045006	0.029934399
732	8.851339631740004	0.04036324
733	9.057445991435001	0.040254224
734	9.263552351129999	0.04854533
735	9.469658710824994	0.031341873
736	9.675765070519992	0.046828125
737	9.88187143021499	0.040577736
738	10.087977789909987	0.022209808
739	10.294084149604984	0.024698826
740	10.50019050929998	0.027902199
741	10.706296868995008	0.04159893
742	10.912403228690003	0.049250133
743	11.118509588385	0.032613378
744	11.324615948079998	0.04922168
745	11.530722307774996	0.03138421
746	11.736828667469991	0.03742981
747	11.942935027164989	0.028457697
748	12.149041386859986	0.027028747
749	12.355147746554984	0.021684365
750	12.561254106249981	0.054975107
751	12.767360465945007	0.03828589
752	12.973466825640005	0.04010884
753	13.179573185335	0.026918761
754	13.385679545029998	0.038799945
755	13.591785904724995	0.026701104
756	13.797892264419993	0.044753134
757	14.003998624114988	0.013760421
758	14.210104983809986	0.04676184
759	14.416211343504983	0.037133686
760	14.62231770319998	0.034956638
761	14.828424062895007	0.045969862
762	15.034530422590004	0.039958365
763	15.240636782285002	0.012303762
764	15.446743141979997	0.042774633
765	15.652849501674995	0.022271235
766	15.858955861369992	0.01765221
767	16.065062221064988	0.032462627
768	16.271168580759987	0.036711313
769	16.477274940454983	0.04477507
770	16.683381300149982	0.041478403
771	16.889487659845006	0.021595124
772	17.095594019540002	0.029928682
773	17.301700379235	0.04185792
774	17.507806738929997	0.023930945
775	17.713913098624996	0.03380385
776	17.92001945831999	0.033227384
777	18.126125818014987	0.034988288
778	18.332232177709987	0.04088504
779	18.538338537404982	0.037706353
780	18.74444489709998	0.04741905
781	18.950551256795006	0.03298024
782	19.156657616490005	0.050201226
783	19.362763976185	0.040285733
784	19.568870335879996	0.024519365
785	19.774976695574995	0.052291866
786	19.98108305526999	0.044405125
787	20.18718941496499	0.021502707
788	20.393295774659986	0.014099052
789	20.599402134354982	0.037823882
790	20.80550849404998	0.028785534
791	21.011614853745005	0.037429705
792	21.217721213440004	0.03610293
793	21.423827573135	0.035309914
794	21.629933932829996	0.020903165
795	21.836040292524995	0.025451431
796	22.04214665221999	0.046088837
797	22.24825301191499	0.029488582
798	22.454359371609986	0.034170076
799	22.66046573130498	0.053541806
800	22.86657209099998	0.027699672
801	23.072678450695005	0.035675596
802	23.278784810390004	0.034311198
803	23.484891170085	0.033388257
804	23.69099752978	0.04470816
805	23.897103889474995	0.04176013
806	24.10321024916999	0.050551973
807	24.30931660886499	0.02578364
808	24.515422968559985	0.024933273
809	24.721529328254984	0.035235316
810	24.92763568794998	0.040061846
811	25.133742047645008	0.033650916
812	25.339848407340003	0.029267402
813	25.545954767035	0.0394063
814	25.75206112673	0.0363881
815	25.958167486424994	0.04180551
816	26.16427384611999	0.019136569
817	26.37038020581499	0.026733054
818	26.576486565509985	0.028181903
819	26.782592925204984	0.036247708
820	26.98869928489998	0.054304942
821	27.194805644595007	0.041427102
822	27.400912004290003	0.03418796
823	27.607018363985	0.035539374
824	27.813124723679998	0.053046573
825	28.019231083374994	0.047214344
826	28.225337443069993	0.03605272
827	28.43144380276499	0.037916936
828	28.637550162459984	0.022872634
829	28.843656522154983	0.031548023
830	29.04976288184998	0.040961564
831	29.255869241545007	0.024518467
832	29.461975601240002	0.02835437
833	29.668081960935	0.029485617
834	29.874188320629997	0.033906
835	30.080294680324993	0.03998637
836	30.286401040019992	0.03388711
837	30.492507399714988	0.055563703
838	30.698613759409987	0.04349405
839	30.904720119104983	0.033362664
840	31.11082647879998	0.022823988
841	31.316932838495006	0.0450992
842	31.523039198190002	0.024856895
843	31.729145557885	0.04330413
844	31.935251917579997	0.011822308
845	32.141358277274996	0.03745224
846	32.34746463696999	0.020428391
847	32.55357099666499	0.03907249
848	32.75967735635999	0.029390767
849	32.965783716054986	0.03747862
850	33.17189007574998	0.026361318
851	33.377996435445006	0.02218506
852	33.584102795140005	0.022944232
853	33.790209154835	0.04893817
854	33.99631551453	0.042273406
855	34.202421874224996	0.051077552
856	34.40852823391999	0.03268906
857	34.61463459361499	0.044263653
858	34.820740953309986	0.04395757
859	35.026847313004986	0.015114345
860	35.232953672700006	0.038568962
861	35.439060032395005	0.029322498
862	35.645166392090005	0.03647165
863	35.851272751785	0.04669057
864	36.057379111479996	0.03326142
865	36.263485471174995	0.03646235
866	36.469591830869994	0.019904334
867	36.67569819056499	0.029298972
868	36.881804550259986	0.037198517
869	37.087910909954985	0.05037829
870	37.294017269650006	0.05391992
871	37.500123629345005	0.033207282
872	37.706229989040004	0.027507352
873	37.912336348734996	0.046099238
874	38.118442708429995	0.044719953
875	38.324549068124995	0.036347426
876	38.530655427819994	0.036778405
877	38.736761787514986	0.038523886
878	38.942868147209985	0.03341244
879	39.148974506904985	0.035539296
880	39.355080866600005	0.03090742
881	39.561187226295004	0.025461806
882	39.767293585990004	0.033523463
883	39.973399945685	0.035433874
884	40.179506305379995	0.045233592
885	40.385612665074994	0.038977068
886	40.59171902476999	0.023996025
887	40.797825384464986	0.025724322
888	41.003931744159985	0.027817756
889	41.210038103854984	0.04606347
890	41.41614446355001	0.028845279
891	41.622250823245004	0.029009137
892	41.82835718294	0.054820642
893	42.034463542635	0.04509475
894	42.240569902329995	0.03244645
895	42.446676262024994	0.022347689
896	42.65278262171999	0.011532916
897	42.858888981414985	0.02953488
898	43.064995341109984	0.06234631
899	43.271101700804984	0.04249958
900	43.47720806050001	0.032042947
901	43.683314420195	0.024448993
902	43.88942077989	0.031166889
903	44.095527139585	0.045179762
904	44.301633499279994	0.023210889
905	44.50773985897499	0.052280728
906	44.71384621866999	0.018092353
907	44.919952578364985	0.04574253
908	45.126058938059984	0.03862204
909	45.33216529775498	0.046975292
910	45.53827165745001	0.044787005
911	45.744378017145	0.033011205
912	45.95048437684	0.023668345
913	46.156590736535	0.018117541
914	46.362697096229994	0.037593484
915	46.56880345592499	0.033571742
916	46.77490981561999	0.028818723
917	46.98101617531499	0.03780269
918	47.18712253500998	0.03523753
919	47.39322889470498	0.032601792
920	47.59933525440001	0.036033183
921	47.805441614095	0.034557257
922	48.01154797379	0.026579922
923	48.217654333485	0.023496883
924	48.42376069317999	0.03593165
925	48.62986705287499	0.024117578
926	48.83597341256999	0.051602885
927	49.04207977226499	0.023078721
928	49.24818613195998	0.04438055
929	49.45429249165498	0.03810353
930	49.66039885135001	0.045666385
931	49.866505211045	0.036399595
932	50.07261157074	0.034105584
933	50.278717930435	0.044172004
934	50.48482429013	0.0459714
935	50.69093064982499	0.031758733
936	50.89703700951999	0.034993295
937	51.10314336921499	0.046667285
938	51.30924972890998	0.028454604
939	51.51535608860498	0.049313307
940	51.72146244830001	0.029873095
941	51.927568807995	0.014720431
942	52.13367516769	0.029755246
943	52.339781527385	0.032001
944	52.54588788708	0.037673503
945	52.75199424677499	0.048295163
946	52.95810060646999	0.037158933
947	53.16420696616499	0.041166298
948	53.37031332585998	0.043297116
949	53.57641968555498	0.032442242
950	53.78252604525001	0.05492231
951	53.98863240494501	0.041898064
952	54.19473876464	0.041800916
953	54.400845124335	0.03989792
954	54.60695148403	0.04037078
955	54.81305784372499	0.03600764
956	55.01916420341999	0.03464145
957	55.22527056311499	0.041994095
958	55.43137692280998	0.035332784
959	55.63748328250498	0.04692094
960	55.84358964220001	0.038385987
961	56.04969600189501	0.032042257
962	56.25580236159	0.0350732
963	56.461908721285	0.036007345
964	56.66801508098	0.028562106
965	56.87412144067499	0.034233514
966	57.08022780036999	0.024273455
967	57.28633416006499	0.03167438
968	57.49244051975998	0.02788733
969	57.69854687945498	0.051274095
970	57.90465323915001	0.036263637
971	58.11075959884501	0.030855795
972	58.31686595854	0.031467155
973	58.522972318235	0.042936727
974	58.72907867793	0.052926276
975	58.93518503762499	0.031626537
976	59.14129139731999	0.035106
977	59.34739775701499	0.02359093
978	59.55350411670999	0.041907884
979	59.75961047640498	0.06574531
980	59.96571683610001	0.0355137
981	60.17182319579501	0.03041791
982	60.37792955549	0.01636913
983	60.584035915185	0.04327313
984	60.79014227488	0.03697839
985	60.996248634575	0.04727213
986	61.20235499426999	0.034286655
987	61.40846135396499	0.038738385
988	61.61456771365999	0.024162669
989	61.82067407335498	0.03862005
990	62.02678043305001	0.045471493
991	62.232886792745006	0.03892973
992	62.43899315244	0.042560622
993	62.645099512135	0.051069856
994	62.85120587183	0.047905006
995	63.057312231524996	0.039909445
996	63.26341859121999	0.05595184
997	63.46952495091499	0.020629033
998	63.67563131060999	0.033737708
999	63.88173767030498	0.030591678
1000	64.08784403000001	0.044695493
1001	64.293950389695	0.043318395
1002	64.50005674939	0.03573162
1003	64.706163109085	0.041247882
1004	64.91226946878	0.04916132
1005	65.118375828475	0.048633985
1006	65.32448218817	0.046534237
1007	65.530588547865	0.041696817
1008	65.73669490755998	0.04522882
1009	65.94280126725498	0.03548459
1010	66.14890762695	0.039796136
1011	66.355013986645	0.037039977
1012	66.56112034634	0.029427025
1013	66.767226706035	0.04020043
1014	66.97333306572999	0.0358157
1015	67.17943942542499	0.03931594
1016	67.38554578511999	0.05152491
1017	67.59165214481499	0.01880825
1018	67.79775850450999	0.022800127
1019	68.00386486420498	0.02133147
1020	68.20997122390001	0.024514737
1021	68.416077583595	0.032790016
1022	68.62218394329	0.045436807
1023	68.828290302985	0.044754982
1024	69.03439666268	0.036251567
1025	69.240503022375	0.03381507
1026	69.44660938207	0.03831996
1027	69.652715741765	0.034457475
1028	69.85882210145998	0.01300423
1029	70.064928461155	0.037180185
1030	70.27103482085	0.03565227
1031	70.477141180545	0.02735558
1032	70.68324754024	0.037114598
1033	70.889353899935	0.043056853
1034	71.09546025963	0.025238102
1035	71.30156661932499	0.03623145
1036	71.50767297901999	0.028578343
1037	71.71377933871499	0.04104978
1038	71.91988569840998	0.027068704
1039	72.12599205810501	0.04512438
1040	72.33209841780001	0.029709697
1041	72.53820477749501	0.024755165
1042	72.74431113719	0.03404835
1043	72.950417496885	0.03867477
1044	73.15652385658	0.032612395
1045	73.362630216275	0.03573605
1046	73.56873657597	0.0476723
1047	73.77484293566499	0.036398996
1048	73.98094929535998	0.047937702
1049	74.187055655055	0.041285362
1050	74.39316201475	0.05532927
1051	74.599268374445	0.048700143
1052	74.80537473414	0.052214622
1053	75.011481093835	0.03779856
1054	75.21758745353	0.03340664
1055	75.42369381322499	0.032417867
1056	75.62980017291999	0.031172462
1057	75.83590653261498	0.057566825
1058	76.04201289230998	0.04702044
1059	76.24811925200501	0.030381832
1060	76.45422561170001	0.050111607
1061	76.66033197139501	0.0322923
1062	76.86643833109	0.035375096
1063	77.072544690785	0.031878244
1064	77.27865105048	0.048251696
1065	77.48475741017499	0.033948336
1066	77.69086376986999	0.029539455
1067	77.89697012956499	0.027934335
1068	78.10307648925999	0.034082234
1069	78.309182848955	0.028000116
1070	78.51528920865	0.04905697
1071	78.721395568345	0.015975209
1072	78.92750192804	0.03105506
1073	79.133608287735	0.045514796
1074	79.33971464743	0.050874304
1075	79.545821007125	0.042877648
1076	79.75192736681998	0.032155912
1077	79.95803372651498	0.043343987
1078	80.16414008620998	0.037296973
1079	80.37024644590501	0.026595153
1080	80.57635280560001	0.032453727
1081	80.78245916529501	0.031772554
1082	80.98856552499	0.046614546
1083	81.194671884685	0.035578102
1084	81.40077824437999	0.025308482
1085	81.60688460407499	0.05252541
1086	81.81299096376999	0.03764557
1087	82.01909732346499	0.018787617
1088	82.22520368315999	0.0503406
1089	82.431310042855	0.030548915
1090	82.63741640255	0.036462616
1091	82.843522762245	0.019324418
1092	83.04962912194	0.030157309
1093	83.255735481635	0.027726308
1094	83.46184184133	0.03658658
1095	83.667948201025	0.02560196
1096	83.87405456071998	0.037849363
1097	84.08016092041498	0.035454012
1098	84.28626728010998	0.036982812
1099	84.49237363980501	0.042426366
1100	84.69847999950001	0.029820716
1101	84.90458635919501	0.030429322
1102	85.11069271889001	0.0433739
1103	85.31679907858499	0.03320733
1104	85.52290543827999	0.038715586
1105	85.72901179797499	0.034674082
1106	85.93511815766999	0.04749376
1107	86.14122451736499	0.04289266
1108	86.34733087705999	0.035759103
1109	86.55343723675502	0.024967982
1110	86.75954359645	0.0276801
1111	86.965649956145	0.032172598
1112	87.17175631584	0.055697255
1113	87.377862675535	0.037183397
1114	87.58396903523	0.033152696
1115	87.790075394925	0.028375022
1116	87.99618175461998	0.028987598
1117	88.20228811431498	0.027787993
1118	88.40839447400998	0.04782564
1119	88.61450083370501	0.058332987
1120	88.82060719340001	0.032153778
1121	89.02671355309501	0.031958427
1122	89.23281991279	0.04649252
1123	89.43892627248499	0.04906316
1124	89.64503263217999	0.05578758
1125	89.85113899187499	0.043523017
1126	90.05724535156999	0.044000275
1127	90.26335171126499	0.024738912
1128	90.46945807095999	0.05514277
1129	90.67556443065502	0.022514014
1130	90.88167079035	0.050277825
1131	91.087777150045	0.027435178
1132	91.29388350974	0.041261993
1133	91.499989869435	0.052069686
1134	91.70609622913	0.052123204
1135	91.912202588825	0.04353941
1136	92.11830894852	0.029165898
1137	92.32441530821498	0.0332518
1138	92.53052166790998	0.041235425
1139	92.73662802760501	0.027407408
1140	92.9427343873	0.0074427854
1141	93.148840746995	0.04055188
1142	93.35494710669	0.034369305
1143	93.561053466385	0.04558299
1144	93.76715982607999	0.04149296
1145	93.97326618577499	0.036441356
1146	94.17937254546999	0.040095665
1147	94.38547890516499	0.03297527
1148	94.59158526485999	0.025459828
1149	94.79769162455501	0.037312966
1150	95.00379798425	0.04513332
1151	95.209904343945	0.050087985
1152	95.41601070364	0.04361327
1153	95.622117063335	0.030964248
1154	95.82822342303	0.030238388
1155	96.034329782725	0.029241564
1156	96.24043614242	0.06399442
1157	96.44654250211498	0.0406005
1158	96.65264886180998	0.04726559
1159	96.858755221505	0.037429
1160	97.0648615812	0.03457305
1161	97.270967940895	0.03720747
1162	97.47707430059	0.037756182
1163	97.683180660285	0.037626106
1164	97.88928701997999	0.042425893
1165	98.09539337967499	0.034595758
1166	98.30149973936999	0.036549404
1167	98.50760609906499	0.05027622
1168	98.71371245875999	0.020741466
1169	98.91981881845501	0.040141344
1170	99.12592517815001	0.026437778
1171	99.332031537845	0.029082771
1172	99.53813789754	0.051088028
1173	99.744244257235	0.036270067
1174	99.95035061693	0.044254266
1175	100.156456976625	0.027591817
1176	100.36256333632	0.037771206
1177	100.56866969601498	0.028473798
1178	100.77477605570998	0.036025085
1179	100.980882415405	0.042001307
1180	101.1869887751	0.028665503
1181	101.393095134795	0.04068788
1182	101.59920149449	0.029739361
1183	101.805307854185	0.054089837
1184	102.01141421387999	0.04474821
1185	102.21752057357499	0.03722585
1186	102.42362693326999	0.029236712
1187	102.62973329296499	0.033976194
1188	102.83583965265998	0.047387064
1189	103.04194601235501	0.041087326
1190	103.24805237205001	0.025568381
1191	103.454158731745	0.032568604
1192	103.66026509144	0.032155287
1193	103.866371451135	0.031048398
1194	104.07247781083	0.037125014
1195	104.278584170525	0.027917579
1196	104.48469053021999	0.032140285
1197	104.69079688991499	0.03799698
1198	104.89690324961	0.048010126
1199	105.103009609305	0.025495276
1200	105.309115969	0.035792828
1201	105.515222328695	0.024747206
1202	105.72132868839	0.031296495
1203	105.927435048085	0.029083407
1204	106.13354140778	0.016270394
1205	106.33964776747499	0.036305953
1206	106.54575412716999	0.02314561
1207	106.75186048686498	0.036282983
1208	106.95796684656001	0.057167694
1209	107.16407320625501	0.041375007
1210	107.37017956595001	0.0383228
1211	107.57628592564501	0.028648743
1212	107.78239228534	0.024497326
1213	107.988498645035	0.041274335
1214	108.19460500473	0.032521352
1215	108.40071136442499	0.045417875
1216	108.60681772411999	0.030399533
1217	108.81292408381499	0.03191609
1218	109.01903044351	0.03259371
1219	109.225136803205	0.04642777
1220	109.4312431629	0.028903233
1221	109.637349522595	0.035246685
1222	109.84345588229	0.030815545
1223	110.049562241985	0.031495564
1224	110.25566860168	0.04130374
1225	110.46177496137499	0.045156926
1226	110.66788132106998	0.038418528
1227	110.87398768076498	0.04520781
1228	111.08009404046001	0.037636556
1229	111.28620040015501	0.036737524
1230	111.49230675985001	0.03323951
1231	111.69841311954501	0.029016072
1232	111.90451947924	0.021922728
1233	112.110625838935	0.0277965
1234	112.31673219862999	0.037837327
1235	112.52283855832499	0.049495123
1236	112.72894491801999	0.039863504
1237	112.93505127771499	0.043711685
1238	113.14115763741002	0.042000584
1239	113.347263997105	0.04869445
1240	113.5533703568	0.028846119
1241	113.759476716495	0.032546815
1242	113.96558307619	0.029085003
1243	114.171689435885	0.03668658
1244	114.37779579558	0.034095153
1245	114.58390215527498	0.040194172
1246	114.79000851496998	0.036058173
1247	114.99611487466498	0.03567144
1248	115.20222123436001	0.041436613
1249	115.40832759405501	0.034718387
1250	115.61443395375001	0.033929944
1251	115.82054031344501	0.04876687
1252	116.02664667314	0.02451948
1253	116.23275303283499	0.054512713
1254	116.43885939252999	0.027463935
1255	116.64496575222499	0.038157705
1256	116.85107211191999	0.030050134
1257	117.05717847161499	0.031744327
1258	117.26328483131002	0.055579565
1259	117.469391191005	0.018721588
1260	117.6754975507	0.04165294
1261	117.881603910395	0.03952754
1262	118.08771027009	0.043662876
1263	118.293816629785	0.04810412
1264	118.49992298948	0.04174266
1265	118.706029349175	0.023975065
1266	118.91213570886998	0.039028082
1267	119.11824206856498	0.04445667
1268	119.32434842826001	0.029658804
1269	119.53045478795501	0.04386215
1270	119.73656114765001	0.033980317
1271	119.942667507345	0.042657014
1272	120.14877386704	0.035191357
1273	120.35488022673502	0.034221556
1274	120.56098658642999	0.035709217
1275	120.76709294612502	0.05461575
1276	120.97319930581999	0.041951317
1277	121.17930566551502	0.039400395
1278	121.38541202520999	0.048253708
1279	121.59151838490502	0.04447963
1280	121.79762474459997	0.027970131
1281	122.003731104295	0.03538362
1282	122.20983746398997	0.014243433
1283	122.415943823685	0.029793447
1284	122.62205018338003	0.036229067
1285	122.828156543075	0.041211672
1286	123.03426290277001	0.046042252
1287	123.24036926246498	0.047656305
1288	123.44647562216001	0.026055861
1289	123.65258198185498	0.04496868
1290	123.85868834155	0.043289386
1291	124.06479470124498	0.052352965
1292	124.27090106094	0.038951494
1293	124.47700742063502	0.028394246
1294	124.68311378032999	0.037962466
1295	124.88922014002502	0.030052394
1296	125.09532649971999	0.047024325
1297	125.30143285941502	0.025970211
1298	125.50753921910999	0.036236897
1299	125.71364557880501	0.033454
1300	125.91975193849997	0.03550855
1301	126.125858298195	0.0348595
1302	126.33196465788997	0.04074029
1303	126.538071017585	0.038161527
1304	126.74417737728002	0.029817164
1305	126.950283736975	0.038852602
1306	127.15639009667002	0.04845132
1307	127.36249645636498	0.016878467
1308	127.56860281606001	0.03516701
1309	127.77470917575498	0.037087522
1310	127.98081553545	0.03312143
1311	128.18692189514496	0.028687522
1312	128.39302825484	0.031374387
1313	128.59913461453502	0.037345618
1314	128.80524097423	0.033577193
1315	129.01134733392502	0.033351626
1316	129.21745369362	0.03885687
1317	129.42356005331501	0.044418596
1318	129.62966641300997	0.05222367
1319	129.835772772705	0.045035142
1320	130.04187913239997	0.04358891
1321	130.247985492095	0.03094878
1322	130.45409185178997	0.0462594
1323	130.660198211485	0.027013727
1324	130.86630457118002	0.041151408
1325	131.07241093087498	0.04166915
1326	131.27851729057002	0.029490871
1327	131.48462365026498	0.032149985
1328	131.69073000996002	0.026376486
1329	131.89683636965498	0.046326175
1330	132.10294272935	0.053687025
1331	132.30904908904498	0.038428053
1332	132.51515544874	0.043152947
1333	132.72126180843503	0.026056893
1334	132.92736816813	0.042862788
1335	133.13347452782503	0.039418414
1336	133.33958088752	0.030452404
1337	133.545687247215	0.029307002
1338	133.75179360690998	0.021393385
1339	133.957899966605	0.040556356
1340	134.16400632629998	0.043417733
1341	134.370112685995	0.035645973
1342	134.57621904568998	0.03148023
1343	134.782325405385	0.029888488
1344	134.98843176508	0.043619975
1345	135.194538124775	0.03471808
1346	135.40064448447	0.05662289
1347	135.606750844165	0.04785381
1348	135.81285720386	0.035447594
1349	136.018963563555	0.04399228
1350	136.22506992325	0.022268709
1351	136.43117628294496	0.034579698
1352	136.63728264264	0.020744545
1353	136.84338900233502	0.032314397
1354	137.04949536203	0.041924376
1355	137.25560172172501	0.039638624
1356	137.46170808142	0.04337833
1357	137.667814441115	0.04189505
1358	137.87392080080997	0.041186277
1359	138.080027160505	0.038150895
1360	138.28613352019997	0.0434225
1361	138.492239879895	0.024002781
1362	138.69834623958997	0.040561035
1363	138.904452599285	0.020527083
1364	139.11055895898002	0.033799216
1365	139.31666531867498	0.03924055
1366	139.52277167837002	0.037694048
1367	139.72887803806498	0.04762902
1368	139.93498439776002	0.054278523
1369	140.14109075745498	0.041578874
1370	140.34719711715002	0.038326595
1371	140.55330347684497	0.043824136
1372	140.75940983654	0.042492278
1373	140.96551619623503	0.024112478
1374	141.17162255592999	0.0146741215
1375	141.37772891562503	0.0340005
1376	141.58383527531998	0.03607835
1377	141.78994163501503	0.049817793
1378	141.99604799470998	0.042626854
1379	142.202154354405	0.035367064
1380	142.40826071409998	0.047897752
1381	142.614367073795	0.037210494
1382	142.82047343349004	0.037095256
1383	143.026579793185	0.046963558
1384	143.23268615288004	0.029664624
1385	143.438792512575	0.041780535
1386	143.64489887227	0.021006266
1387	143.851005231965	0.049037278
1388	144.05711159166	0.035194382
1389	144.263217951355	0.027514352
1390	144.46932431105	0.03177578
1391	144.67543067074496	0.031994637
1392	144.88153703044	0.053615697
1393	145.087643390135	0.046713237
1394	145.29374974983	0.034659803
1395	145.499856109525	0.037838727
1396	145.70596246922	0.03935356
1397	145.912068828915	0.037348583
1398	146.11817518860997	0.034232974
1399	146.324281548305	0.029607564
1400	146.53038790799997	0.0438106
1401	146.736494267695	0.03975475
1402	146.94260062739002	0.036996853
1403	147.148706987085	0.030447789
1404	147.35481334678002	0.0340795
1405	147.56091970647498	0.028068967
1406	147.76702606617002	0.03245355
1407	147.97313242586497	0.042892538
1408	148.17923878556002	0.04498226
1409	148.38534514525497	0.04843603
1410	148.59145150495002	0.026263723
1411	148.79755786464497	0.03276093
1412	149.00366422433999	0.03233564
1413	149.20977058403503	0.029523643
1414	149.41587694372998	0.04236052
1415	149.62198330342503	0.038792867
1416	149.82808966311998	0.03019182
1417	150.03419602281502	0.023938486
1418	150.24030238250998	0.04131686
1419	150.446408742205	0.014549404
1420	150.65251510189998	0.02533109
1421	150.858621461595	0.038523518
1422	151.06472782129003	0.03688252
1423	151.270834180985	0.044834338
1424	151.47694054068003	0.034863733
1425	151.683046900375	0.03760337
1426	151.88915326007	0.037722856
1427	152.095259619765	0.039140034
1428	152.30136597946	0.051899098
1429	152.507472339155	0.04033742
1430	152.71357869885	0.030406902
1431	152.91968505854499	0.043032147
1432	153.12579141824	0.03353642
1433	153.331897777935	0.021341927
1434	153.53800413763	0.029914405
1435	153.744110497325	0.043094434
1436	153.95021685702	0.055631485
1437	154.156323216715	0.028146153
1438	154.36242957641	0.03828732
1439	154.568535936105	0.04403048
1440	154.77464229579996	0.045133643
1441	154.980748655495	0.027229799
1442	155.18685501519002	0.04601146
1443	155.392961374885	0.03328181
1444	155.59906773458002	0.035710838
1445	155.805174094275	0.03884062
1446	156.01128045397002	0.045002785
1447	156.21738681366497	0.027962606
1448	156.42349317336001	0.02588175
1449	156.62959953305497	0.023355266
1450	156.83570589275	0.021733327
1451	157.04181225244497	0.024813678
1452	157.24791861214	0.042585745
1453	157.45402497183503	0.026252562
1454	157.66013133152998	0.029342517
1455	157.86623769122502	0.030452726
1456	158.07234405091998	0.035834428
1457	158.27845041061502	0.052404784
1458	158.48455677030998	0.03322579
1459	158.69066313000502	0.03077798
1460	158.89676948969998	0.041915476
1461	159.102875849395	0.04408984
1462	159.30898220909003	0.033417307
1463	159.515088568785	0.025247408
1464	159.72119492848003	0.017216451
1465	159.927301288175	0.026076486
1466	160.13340764787	0.025843596
1467	160.339514007565	0.021695996
1468	160.54562036726	0.041467484
1469	160.75172672695498	0.043178044
1470	160.95783308665	0.044294327
1471	161.16393944634498	0.040273327
1472	161.37004580604	0.04789293
1473	161.576152165735	0.04132134
1474	161.78225852543	0.024005335
1475	161.988364885125	0.045432318
1476	162.19447124482	0.030110484
1477	162.400577604515	0.028540047
1478	162.60668396421	0.040373877
1479	162.812790323905	0.03101538
1480	163.01889668359996	0.05023133
1481	163.225003043295	0.04859761
1482	163.43110940299002	0.047000922
1483	163.637215762685	0.04527878
1484	163.84332212238002	0.027411405
1485	164.049428482075	0.03934504
1486	164.25553484177001	0.035669863
1487	164.46164120146497	0.032939363
1488	164.66774756116	0.009895181
1489	164.87385392085497	0.04936879
1490	165.07996028055	0.02691695
1491	165.28606664024497	0.017545845
1492	165.49217299994	0.048851267
1493	165.69827935963502	0.032766778
1494	165.90438571932998	0.034781303
1495	166.11049207902502	0.036056675
1496	166.31659843871998	0.015672918
1497	166.52270479841502	0.048373632
1498	166.72881115810998	0.05471807
1499	166.93491751780502	0.048433773
