	velocity	Amplitude
0	-140.81002962099998	0.14745189
1	-140.603924091742	0.120256566
2	-140.397818562484	0.0906501
3	-140.191713033226	0.10951683
4	-139.985607503968	0.08720011
5	-139.77950197471	0.14152363
6	-139.573396445452	0.13474664
7	-139.367290916194	0.11994948
8	-139.161185386936	0.14410365
9	-138.95507985767802	0.1186939
10	-138.74897432842002	0.115498304
11	-138.542868799162	0.0973283
12	-138.33676326990397	0.12499958
13	-138.13065774064597	0.09407573
14	-137.92455221138798	0.09726856
15	-137.71844668212998	0.12091434
16	-137.51234115287198	0.09197143
17	-137.306235623614	0.12070802
18	-137.100130094356	0.079611875
19	-136.894024565098	0.08130412
20	-136.68791903584	0.079638414
21	-136.481813506582	0.11228264
22	-136.275707977324	0.08787574
23	-136.069602448066	0.113939404
24	-135.863496918808	0.12318875
25	-135.65739138955	0.09321908
26	-135.451285860292	0.14009853
27	-135.245180331034	0.10632716
28	-135.039074801776	0.09616047
29	-134.832969272518	0.08089093
30	-134.62686374326	0.09778738
31	-134.420758214002	0.09625921
32	-134.21465268474398	0.10690129
33	-134.00854715548599	0.08402648
34	-133.802441626228	0.10771819
35	-133.59633609697	0.1298159
36	-133.390230567712	0.09263785
37	-133.184125038454	0.1713491
38	-132.978019509196	0.11162347
39	-132.771913979938	0.11724566
40	-132.56580845067998	0.091105245
41	-132.35970292142198	0.09542305
42	-132.153597392164	0.120015495
43	-131.947491862906	0.11392906
44	-131.741386333648	0.11869186
45	-131.53528080439	0.1540284
46	-131.329175275132	0.11342496
47	-131.123069745874	0.078923196
48	-130.91696421661598	0.10741954
49	-130.71085868735798	0.092857584
50	-130.5047531581	0.13890095
51	-130.298647628842	0.109542176
52	-130.092542099584	0.0971044
53	-129.886436570326	0.10951192
54	-129.680331041068	0.09622925
55	-129.47422551181	0.103030056
56	-129.26811998255198	0.10742423
57	-129.06201445329398	0.11738944
58	-128.855908924036	0.091467306
59	-128.649803394778	0.092697844
60	-128.44369786552	0.081182644
61	-128.237592336262	0.07567535
62	-128.031486807004	0.11934302
63	-127.825381277746	0.10035343
64	-127.619275748488	0.12681767
65	-127.41317021923	0.124294974
66	-127.207064689972	0.11883793
67	-127.000959160714	0.16413423
68	-126.794853631456	0.088359386
69	-126.588748102198	0.08508003
70	-126.38264257293999	0.12673785
71	-126.17653704368199	0.1160431
72	-125.97043151442399	0.09893368
73	-125.764325985166	0.12696362
74	-125.558220455908	0.09584846
75	-125.35211492665	0.12254302
76	-125.146009397392	0.10968445
77	-124.93990386813398	0.111133255
78	-124.73379833887599	0.09371278
79	-124.52769280961799	0.12576176
80	-124.32158728035999	0.09855892
81	-124.115481751102	0.10690942
82	-123.909376221844	0.12145283
83	-123.703270692586	0.12887661
84	-123.49716516332799	0.13000752
85	-123.29105963407	0.09764903
86	-123.084954104812	0.11891649
87	-122.878848575554	0.15575276
88	-122.672743046296	0.13502243
89	-122.466637517038	0.13754444
90	-122.26053198778	0.10676515
91	-122.05442645852199	0.11073707
92	-121.84832092926399	0.08538158
93	-121.642215400006	0.09308427
94	-121.436109870748	0.088527575
95	-121.23000434149	0.11888583
96	-121.02389881223199	0.12385785
97	-120.817793282974	0.12167871
98	-120.61168775371598	0.11113689
99	-120.40558222445799	0.10042074
100	-120.19947669519999	0.09825003
101	-119.993371165942	0.15863708
102	-119.787265636684	0.11887684
103	-119.581160107426	0.09825979
104	-119.375054578168	0.073976986
105	-119.16894904891	0.12227422
106	-118.962843519652	0.12822935
107	-118.756737990394	0.09142176
108	-118.550632461136	0.15011092
109	-118.344526931878	0.10863811
110	-118.13842140262	0.1360938
111	-117.93231587336199	0.115824625
112	-117.72621034410399	0.11946232
113	-117.520104814846	0.10870035
114	-117.313999285588	0.11053636
115	-117.10789375633	0.115914896
116	-116.901788227072	0.13237324
117	-116.695682697814	0.08397577
118	-116.48957716855598	0.11929826
119	-116.28347163929799	0.10559258
120	-116.07736611003999	0.108501345
121	-115.87126058078199	0.10076915
122	-115.665155051524	0.1144443
123	-115.459049522266	0.13670482
124	-115.252943993008	0.109558634
125	-115.04683846374999	0.15116407
126	-114.840732934492	0.103496745
127	-114.634627405234	0.10388006
128	-114.428521875976	0.103085384
129	-114.222416346718	0.1073166
130	-114.01631081746	0.10642766
131	-113.810205288202	0.09932301
132	-113.60409975894399	0.082810216
133	-113.39799422968599	0.16686141
134	-113.191888700428	0.12416558
135	-112.98578317117	0.07316027
136	-112.779677641912	0.06521154
137	-112.57357211265399	0.11885355
138	-112.367466583396	0.11447929
139	-112.16136105413798	0.11929279
140	-111.95525552487999	0.10648503
141	-111.74914999562199	0.113627344
142	-111.543044466364	0.10654701
143	-111.336938937106	0.090175405
144	-111.130833407848	0.08674626
145	-110.92472787859	0.12859264
146	-110.718622349332	0.07986421
147	-110.512516820074	0.084225506
148	-110.306411290816	0.112671845
149	-110.100305761558	0.15325324
150	-109.8942002323	0.12675263
151	-109.688094703042	0.08917703
152	-109.48198917378399	0.121862255
153	-109.27588364452599	0.10391148
154	-109.069778115268	0.09450053
155	-108.86367258601	0.11348446
156	-108.657567056752	0.0835536
157	-108.451461527494	0.06844272
158	-108.245355998236	0.11452739
159	-108.03925046897798	0.11084322
160	-107.83314493971999	0.10678519
161	-107.62703941046199	0.10384884
162	-107.420933881204	0.14582273
163	-107.214828351946	0.089927405
164	-107.008722822688	0.11070651
165	-106.80261729343	0.1209418
166	-106.59651176417199	0.09091158
167	-106.390406234914	0.10366124
168	-106.184300705656	0.105285056
169	-105.978195176398	0.09058485
170	-105.77208964714	0.09291983
171	-105.56598411788201	0.093004525
172	-105.359878588624	0.11910693
173	-105.15377305936599	0.13199067
174	-104.94766753010799	0.12232131
175	-104.74156200085	0.13210535
176	-104.535456471592	0.08819988
177	-104.32935094233399	0.09433267
178	-104.12324541307599	0.12805912
179	-103.917139883818	0.106946215
180	-103.71103435455998	0.10791559
181	-103.50492882530199	0.1016603
182	-103.29882329604399	0.088727176
183	-103.092717766786	0.1351091
184	-102.886612237528	0.13456908
185	-102.68050670827	0.12036448
186	-102.474401179012	0.11982897
187	-102.268295649754	0.118059665
188	-102.062190120496	0.11248982
189	-101.856084591238	0.10596298
190	-101.64997906198	0.08517475
191	-101.44387353272201	0.07768652
192	-101.237768003464	0.11016743
193	-101.03166247420599	0.122266665
194	-100.82555694494799	0.12899117
195	-100.61945141569	0.10524736
196	-100.413345886432	0.09066591
197	-100.207240357174	0.09820863
198	-100.00113482791599	0.098853596
199	-99.795029298658	0.10783036
200	-99.58892376939998	0.13290721
201	-99.38281824014199	0.10001001
202	-99.17671271088399	0.09742519
203	-98.970607181626	0.12011616
204	-98.764501652368	0.10498482
205	-98.55839612311	0.10125361
206	-98.352290593852	0.10595359
207	-98.146185064594	0.09653218
208	-97.940079535336	0.100062825
209	-97.733974006078	0.08922703
210	-97.52786847682	0.123697944
211	-97.32176294756201	0.070083275
212	-97.11565741830401	0.10261577
213	-96.909551889046	0.13679563
214	-96.70344635978799	0.10199413
215	-96.49734083052999	0.084866896
216	-96.291235301272	0.123172216
217	-96.085129772014	0.11301477
218	-95.87902424275599	0.11519137
219	-95.67291871349799	0.11895646
220	-95.46681318424	0.10124046
221	-95.26070765498199	0.12943967
222	-95.05460212572399	0.113427185
223	-94.84849659646599	0.0870364
224	-94.642391067208	0.10943871
225	-94.43628553795	0.12643045
226	-94.230180008692	0.10379039
227	-94.024074479434	0.11718813
228	-93.817968950176	0.095347114
229	-93.611863420918	0.102051206
230	-93.40575789166	0.106493376
231	-93.199652362402	0.09687784
232	-92.99354683314401	0.11078222
233	-92.787441303886	0.10842591
234	-92.58133577462799	0.1353789
235	-92.37523024536999	0.10356435
236	-92.169124716112	0.0877022
237	-91.963019186854	0.0998331
238	-91.756913657596	0.1335153
239	-91.55080812833799	0.11506933
240	-91.34470259908	0.11197725
241	-91.13859706982198	0.12186132
242	-90.93249154056399	0.10494481
243	-90.72638601130599	0.10755648
244	-90.520280482048	0.11910124
245	-90.31417495279	0.16077378
246	-90.108069423532	0.13049304
247	-89.901963894274	0.1196772
248	-89.695858365016	0.11798521
249	-89.489752835758	0.09591122
250	-89.2836473065	0.14280733
251	-89.077541777242	0.1220348
252	-88.87143624798401	0.10451685
253	-88.66533071872601	0.14331713
254	-88.459225189468	0.13243756
255	-88.25311966020999	0.101672664
256	-88.047014130952	0.108276695
257	-87.840908601694	0.112321064
258	-87.634803072436	0.14096013
259	-87.42869754317799	0.15134674
260	-87.22259201391999	0.090173095
261	-87.016486484662	0.12216538
262	-86.81038095540399	0.096016064
263	-86.60427542614599	0.09998905
264	-86.39816989688799	0.117340654
265	-86.19206436763	0.07501122
266	-85.985958838372	0.08186805
267	-85.779853309114	0.12324368
268	-85.573747779856	0.10911843
269	-85.367642250598	0.07587226
270	-85.16153672134	0.10378292
271	-84.955431192082	0.11018495
272	-84.749325662824	0.13214803
273	-84.54322013356601	0.11280415
274	-84.337114604308	0.09901306
275	-84.13100907504999	0.116647586
276	-83.92490354579199	0.1084467
277	-83.718798016534	0.1105259
278	-83.512692487276	0.11612256
279	-83.306586958018	0.11014393
280	-83.10048142875999	0.1152992
281	-82.894375899502	0.11693851
282	-82.68827037024398	0.09770833
283	-82.48216484098599	0.10193834
284	-82.27605931172799	0.0917291
285	-82.06995378247	0.1168015
286	-81.863848253212	0.13846457
287	-81.657742723954	0.119678415
288	-81.451637194696	0.114571825
289	-81.245531665438	0.08790986
290	-81.03942613618	0.080931015
291	-80.833320606922	0.095334835
292	-80.627215077664	0.09669909
293	-80.42110954840601	0.09611554
294	-80.21500401914801	0.08868566
295	-80.00889848989	0.1117298
296	-79.80279296063199	0.105487525
297	-79.596687431374	0.10273394
298	-79.390581902116	0.13255452
299	-79.184476372858	0.10424229
300	-78.97837084359999	0.13908978
301	-78.772265314342	0.07480899
302	-78.566159785084	0.123607084
303	-78.36005425582599	0.09191933
304	-78.15394872656799	0.12603272
305	-77.94784319731	0.10458306
306	-77.741737668052	0.09888926
307	-77.535632138794	0.10563478
308	-77.329526609536	0.1270719
309	-77.123421080278	0.13464823
310	-76.91731555102	0.13412312
311	-76.711210021762	0.14687188
312	-76.505104492504	0.1011232
313	-76.298998963246	0.13262576
314	-76.09289343398801	0.116362914
315	-75.88678790473	0.12946832
316	-75.68068237547199	0.080456994
317	-75.47457684621399	0.08637059
318	-75.268471316956	0.1103026
319	-75.062365787698	0.08418532
320	-74.85626025844	0.1313835
321	-74.650154729182	0.17073892
322	-74.44404919992401	0.124365896
323	-74.23794367066598	0.11194887
324	-74.03183814140799	0.1219029
325	-73.82573261214999	0.114374906
326	-73.619627082892	0.12587726
327	-73.413521553634	0.06263529
328	-73.207416024376	0.117508546
329	-73.001310495118	0.12488223
330	-72.79520496586	0.106896974
331	-72.589099436602	0.117569506
332	-72.382993907344	0.09559119
333	-72.17688837808599	0.12652464
334	-71.970782848828	0.09019647
335	-71.76467731957	0.13394436
336	-71.558571790312	0.11975676
337	-71.35246626105399	0.09997005
338	-71.146360731796	0.11981739
339	-70.940255202538	0.11207644
340	-70.73414967328	0.10422436
341	-70.528044144022	0.09757714
342	-70.32193861476401	0.14932337
343	-70.11583308550601	0.10775624
344	-69.90972755624799	0.08080377
345	-69.70362202698999	0.09624165
346	-69.497516497732	0.09943259
347	-69.291410968474	0.109017074
348	-69.085305439216	0.10586293
349	-68.879199909958	0.1066651
350	-68.67309438070001	0.11729272
351	-68.466988851442	0.09732701
352	-68.260883322184	0.111406356
353	-68.054777792926	0.12462388
354	-67.84867226366799	0.1267555
355	-67.64256673441	0.09800499
356	-67.436461205152	0.095285326
357	-67.23035567589399	0.13468896
358	-67.02425014663599	0.1351792
359	-66.818144617378	0.109231085
360	-66.61203908812	0.13215974
361	-66.405933558862	0.15728043
362	-66.199828029604	0.1085747
363	-65.99372250034601	0.14482774
364	-65.78761697108799	0.11413205
365	-65.58151144182999	0.098119095
366	-65.37540591257199	0.060514376
367	-65.169300383314	0.10711866
368	-64.963194854056	0.09254703
369	-64.757089324798	0.106513456
370	-64.55098379554	0.10180623
371	-64.344878266282	0.08075665
372	-64.138772737024	0.09444432
373	-63.932667207766	0.112168
374	-63.72656167850799	0.12141554
375	-63.520456149249995	0.09038652
376	-63.31435061999199	0.102927774
377	-63.108245090733995	0.094079204
378	-62.902139561476	0.09885027
379	-62.696034032218	0.09304862
380	-62.48992850296	0.09810582
381	-62.283822973702	0.10814197
382	-62.077717444444005	0.104086615
383	-61.871611915186	0.11602378
384	-61.66550638592799	0.08948709
385	-61.459400856669994	0.10610168
386	-61.25329532741199	0.12250158
387	-61.047189798153994	0.11504646
388	-60.841084268896	0.11886799
389	-60.634978739638	0.13178916
390	-60.42887321038	0.11174661
391	-60.222767681122	0.13267411
392	-60.016662151864004	0.12269073
393	-59.810556622606	0.10694159
394	-59.604451093348004	0.11969121
395	-59.39834556408999	0.10364555
396	-59.192240034832	0.104313806
397	-58.98613450557399	0.12292712
398	-58.780028976316	0.13361916
399	-58.573923447058	0.09206182
400	-58.3678179178	0.083469614
401	-58.161712388542	0.08611472
402	-57.955606859284	0.12658249
403	-57.74950133002601	0.12011492
404	-57.543395800768	0.09170963
405	-57.33729027150999	0.14167574
406	-57.131184742251996	0.12825778
407	-56.92507921299399	0.11217141
408	-56.718973683735996	0.05327869
409	-56.512868154478	0.15122424
410	-56.306762625219996	0.12364901
411	-56.100657095962	0.12539624
412	-55.894551566704	0.111618616
413	-55.688446037446006	0.10993905
414	-55.482340508188	0.098129086
415	-55.27623497892999	0.111649066
416	-55.070129449671995	0.096642114
417	-54.86402392041399	0.16494156
418	-54.657918391155995	0.137726
419	-54.451812861898	0.12626125
420	-54.24570733264	0.11584997
421	-54.039601803382	0.10006729
422	-53.833496274124	0.099607766
423	-53.627390744866005	0.07706642
424	-53.421285215608	0.1090639
425	-53.21517968634999	0.12755954
426	-53.009074157091995	0.13818854
427	-52.80296862783399	0.10791057
428	-52.596863098575994	0.13026594
429	-52.390757569318	0.07699396
430	-52.18465204006	0.10533638
431	-51.978546510802	0.11749711
432	-51.772440981544	0.104058035
433	-51.566335452286005	0.12000725
434	-51.360229923028	0.10258851
435	-51.154124393770005	0.12845394
436	-50.948018864511994	0.1074774
437	-50.741913335254	0.091943204
438	-50.535807805995994	0.11589249
439	-50.329702276738	0.13664179
440	-50.12359674748	0.075158104
441	-49.917491218222	0.08505315
442	-49.711385688964	0.13941707
443	-49.505280159706004	0.117547706
444	-49.29917463044801	0.10363141
445	-49.093069101190004	0.07767971
446	-48.88696357193199	0.08152584
447	-48.680858042674	0.09801404
448	-48.47475251341599	0.10249808
449	-48.268646984157996	0.07890436
450	-48.0625414549	0.08413007
451	-47.856435925641996	0.11912443
452	-47.650330396384	0.07912207
453	-47.444224867126	0.114374876
454	-47.23811933786801	0.097183965
455	-47.03201380861	0.14820386
456	-46.82590827935199	0.09452712
457	-46.619802750093996	0.1285958
458	-46.41369722083599	0.12501563
459	-46.207591691577996	0.08302763
460	-46.00148616232	0.109346315
461	-45.795380633062	0.10683345
462	-45.589275103804	0.13915697
463	-45.383169574546	0.12395843
464	-45.177064045288006	0.10041744
465	-44.97095851603	0.12076172
466	-44.76485298677199	0.10514153
467	-44.558747457513995	0.110285886
468	-44.35264192825599	0.121097654
469	-44.146536398997995	0.08862659
470	-43.94043086974	0.1415075
471	-43.734325340482	0.09709517
472	-43.528219811224	0.15152343
473	-43.322114281966	0.100287974
474	-43.116008752708005	0.11017239
475	-42.90990322345	0.11258566
476	-42.703797694192005	0.08027758
477	-42.497692164933994	0.10110173
478	-42.291586635676	0.101767875
479	-42.085481106417994	0.11771285
480	-41.87937557716	0.103343055
481	-41.673270047902	0.07517886
482	-41.467164518644	0.12643692
483	-41.261058989386	0.11860043
484	-41.054953460128004	0.0967883
485	-40.84884793087001	0.10929936
486	-40.642742401612004	0.08234712
487	-40.43663687235399	0.10656791
488	-40.230531343096	0.12043076
489	-40.02442581383799	0.12530555
490	-39.81832028458	0.12934288
491	-39.612214755322	0.100251235
492	-39.406109226064	0.13412735
493	-39.200003696806	0.1023839
494	-38.993898167548004	0.10954795
495	-38.78779263829001	0.097499885
496	-38.581687109032	0.118936844
497	-38.37558157977399	0.0829779
498	-38.169476050515996	0.13202149
499	-37.96337052125799	0.13066946
500	-37.757264991999996	0.11649791
501	-37.551159462742	0.101367205
502	-37.345053933484	0.09129786
503	-37.138948404226	0.10398579
504	-36.932842874968	0.07488789
505	-36.726737345710006	0.13016635
506	-36.520631816452	0.116697334
507	-36.31452628719399	0.0861033
508	-36.108420757935995	0.094582476
509	-35.90231522867799	0.1012505
510	-35.696209699419995	0.12947588
511	-35.490104170162	0.11550045
512	-35.283998640904	0.10875174
513	-35.077893111646	0.08965298
514	-34.871787582388	0.11215702
515	-34.665682053130006	0.08590032
516	-34.459576523872	0.11100981
517	-34.253470994614005	0.08773129
518	-34.047365465355995	0.11877576
519	-33.841259936098	0.102182135
520	-33.635154406839995	0.11432682
521	-33.429048877582	0.117332324
522	-33.222943348324	0.11681944
523	-33.016837819066	0.08260435
524	-32.810732289808	0.13817562
525	-32.604626760550005	0.07982342
526	-32.39852123129201	0.07303714
527	-32.192415702034005	0.11169574
528	-31.986310172775994	0.08488232
529	-31.780204643517994	0.107815504
530	-31.574099114259997	0.10069413
531	-31.367993585001997	0.094320245
532	-31.161888055743997	0.11422633
533	-30.955782526486	0.099654086
534	-30.749676997228	0.12569177
535	-30.543571467970004	0.096641056
536	-30.337465938712004	0.10098626
537	-30.131360409454008	0.112278484
538	-29.925254880195993	0.11571206
539	-29.719149350937993	0.07692733
540	-29.513043821679997	0.068678506
541	-29.306938292421997	0.10166629
542	-29.100832763164	0.11576391
543	-28.894727233906	0.10294212
544	-28.688621704648	0.09016599
545	-28.482516175390003	0.1167375
546	-28.276410646132003	0.10599152
547	-28.070305116874007	0.089550026
548	-27.864199587615992	0.098151356
549	-27.658094058357992	0.12704016
550	-27.451988529099996	0.11404969
551	-27.245882999841996	0.07437016
552	-27.039777470584	0.09799292
553	-26.833671941326	0.11135543
554	-26.627566412068003	0.06758521
555	-26.421460882810003	0.10501846
556	-26.215355353552003	0.11021021
557	-26.009249824294006	0.111727096
558	-25.803144295036006	0.103969604
559	-25.597038765777995	0.09559893
560	-25.390933236519995	0.13863777
561	-25.184827707261995	0.10595849
562	-24.978722178004	0.094314344
563	-24.772616648746	0.08822745
564	-24.566511119488002	0.09309398
565	-24.360405590230002	0.0698058
566	-24.154300060972005	0.11140453
567	-23.948194531714005	0.088212356
568	-23.742089002456005	0.11217986
569	-23.535983473197994	0.10701875
570	-23.329877943939994	0.119347796
571	-23.123772414681998	0.15389156
572	-22.917666885423998	0.11041206
573	-22.711561356165998	0.10114586
574	-22.505455826908	0.0912864
575	-22.29935029765	0.11483727
576	-22.093244768392005	0.076445885
577	-21.887139239134004	0.13333224
578	-21.681033709876008	0.1078656
579	-21.474928180617994	0.09195311
580	-21.268822651359994	0.10982494
581	-21.062717122101997	0.106896475
582	-20.856611592843997	0.10946272
583	-20.650506063586	0.08919749
584	-20.444400534328	0.14705412
585	-20.23829500507	0.090447225
586	-20.032189475812004	0.097249374
587	-19.826083946554004	0.07647238
588	-19.619978417296007	0.12185332
589	-19.413872888037993	0.111674085
590	-19.207767358779993	0.110491335
591	-19.001661829521996	0.090588294
592	-18.795556300263996	0.11519733
593	-18.589450771006	0.12438403
594	-18.383345241748	0.07241406
595	-18.177239712490003	0.10775015
596	-17.971134183232003	0.10564639
597	-17.765028653974003	0.14305842
598	-17.558923124716006	0.14786142
599	-17.352817595458006	0.09072958
600	-17.146712066199996	0.13887766
601	-16.940606536941996	0.10949443
602	-16.734501007683996	0.12013733
603	-16.528395478426	0.10033622
604	-16.322289949168	0.106314026
605	-16.116184419910002	0.10469616
606	-15.910078890652002	0.12407671
607	-15.703973361394004	0.09122527
608	-15.497867832136006	0.14107496
609	-15.291762302878007	0.11845867
610	-15.085656773619995	0.12562227
611	-14.879551244361995	0.10859915
612	-14.673445715103997	0.13301624
613	-14.467340185845998	0.08967371
614	-14.261234656588	0.13668211
615	-14.055129127330002	0.058323827
616	-13.849023598072003	0.12573653
617	-13.642918068814003	0.09472747
618	-13.436812539556005	0.10014624
619	-13.230707010298007	0.08003324
620	-13.024601481039994	0.08295568
621	-12.818495951781996	0.10863243
622	-12.612390422523998	0.11809552
623	-12.406284893265997	0.09127211
624	-12.200179364008	0.09736693
625	-11.99407383475	0.15206109
626	-11.787968305492003	0.09370109
627	-11.581862776234004	0.11133881
628	-11.375757246976006	0.077661246
629	-11.169651717718006	0.1282816
630	-10.963546188459993	0.09698471
631	-10.757440659201995	0.086484596
632	-10.551335129943997	0.097521506
633	-10.345229600685999	0.10599029
634	-10.139124071427998	0.1027194
635	-9.93301854217	0.057972394
636	-9.726913012912002	0.09232538
637	-9.520807483654004	0.09618205
638	-9.314701954396005	0.10572572
639	-9.108596425138007	0.08484021
640	-8.902490895880009	0.13219891
641	-8.696385366622009	0.11550695
642	-8.49027983736401	0.085021555
643	-8.284174308106012	0.08185992
644	-8.078068778848014	0.13224654
645	-7.871963249590015	0.0976828
646	-7.665857720331988	0.08915967
647	-7.459752191073989	0.10562147
648	-7.25364666181599	0.089405715
649	-7.047541132557992	0.075343534
650	-6.841435603299993	0.11108546
651	-6.6353300740419945	0.07167809
652	-6.429224544783996	0.115748264
653	-6.223119015525997	0.14002356
654	-6.017013486267999	0.077416405
655	-5.81090795701	0.073734514
656	-5.604802427752002	0.08249274
657	-5.398696898494003	0.08444902
658	-5.192591369236005	0.09660478
659	-4.986485839978006	0.07755307
660	-4.780380310720007	0.11985488
661	-4.574274781462009	0.109914005
662	-4.3681692522040105	0.11319109
663	-4.162063722946011	0.16611226
664	-3.955958193688013	0.113255724
665	-3.7498526644300147	0.08360245
666	-3.5437471351719867	0.116502345
667	-3.3376416059139884	0.117751874
668	-3.1315360766559897	0.12410151
669	-2.9254305473979914	0.07499957
670	-2.7193250181399926	0.08214945
671	-2.513219488881994	0.0737596
672	-2.3071139596239956	0.11643884
673	-2.101008430365997	0.12059492
674	-1.8949029011079983	0.11600988
675	-1.6887973718499998	0.10711171
676	-1.4826918425920013	0.081251666
677	-1.2765863133340025	0.12495969
678	-1.070480784076004	0.10144215
679	-0.8643752548180055	0.11729681
680	-0.658269725560007	0.1312364
681	-0.4521641963020083	0.07091629
682	-0.24605866704400978	0.12684286
683	-0.039953137786011214	0.09122676
684	0.16615239147198735	0.10680606
685	0.3722579207299859	0.15597495
686	0.5783634499879845	0.12179971
687	0.7844689792460122	0.12336812
688	0.9905745085040107	0.075923994
689	1.1966800377620093	0.07957093
690	1.4027855670200078	0.09019681
691	1.6088910962780065	0.084450506
692	1.814996625536005	0.07573815
693	2.021102154794004	0.07692952
694	2.227207684052002	0.10310207
695	2.433313213310001	0.12996
696	2.639418742567999	0.10085234
697	2.845524271825998	0.07435478
698	3.0516298010839966	0.076671675
699	3.257735330341995	0.1242082
700	3.4638408595999937	0.09158948
701	3.669946388857992	0.09885467
702	3.8760519181159907	0.15434152
703	4.082157447373989	0.08439475
704	4.288262976631988	0.1296083
705	4.4943685058899865	0.0858462
706	4.700474035147985	0.11273427
707	4.906579564406012	0.12301241
708	5.112685093664012	0.11071662
709	5.31879062292201	0.109762944
710	5.524896152180008	0.09035334
711	5.731001681438007	0.09846112
712	5.937107210696006	0.11770913
713	6.143212739954004	0.12625533
714	6.349318269212002	0.09267183
715	6.5554237984700015	0.08709451
716	6.761529327728	0.104650795
717	6.967634856985998	0.09770918
718	7.173740386243997	0.09138018
719	7.3798459155019955	0.085333064
720	7.585951444759994	0.08929247
721	7.792056974017993	0.12224361
722	7.998162503275991	0.13169974
723	8.20426803253399	0.09572468
724	8.410373561791989	0.08662533
725	8.616479091049987	0.082384944
726	8.822584620307985	0.10529801
727	9.028690149565984	0.123189196
728	9.234795678824012	0.109699056
729	9.44090120808201	0.15624103
730	9.647006737340009	0.099708244
731	9.853112266598007	0.10406667
732	10.059217795856005	0.06677616
733	10.265323325114004	0.0727254
734	10.471428854372004	0.1346661
735	10.677534383630002	0.088095024
736	10.883639912888	0.12004541
737	11.089745442145999	0.11187689
738	11.295850971403997	0.13032056
739	11.501956500661995	0.13196564
740	11.708062029919995	0.08801812
741	11.914167559177994	0.098147325
742	12.120273088435992	0.1311957
743	12.32637861769399	0.08828987
744	12.532484146951989	0.11220479
745	12.738589676209987	0.11274382
746	12.944695205467985	0.13983938
747	13.150800734725985	0.102250434
748	13.356906263984012	0.11169726
749	13.56301179324201	0.117933564
750	13.769117322500009	0.09912747
751	13.975222851758009	0.12662943
752	14.181328381016007	0.1324369
753	14.387433910274005	0.11646126
754	14.593539439532003	0.11409318
755	14.799644968790002	0.08837676
756	15.005750498048	0.066392064
757	15.211856027306	0.108759426
758	15.417961556563998	0.11759877
759	15.624067085821997	0.10291034
760	15.830172615079995	0.10934977
761	16.036278144337995	0.085330896
762	16.24238367359599	0.12164344
763	16.44848920285399	0.105047986
764	16.65459473211199	0.11982168
765	16.86070026136999	0.097715035
766	17.066805790627985	0.10772486
767	17.272911319885985	0.12551518
768	17.479016849144013	0.10119198
769	17.68512237840201	0.07593377
770	17.89122790766001	0.07903751
771	18.09733343691801	0.14729236
772	18.303438966176007	0.0996355
773	18.509544495434007	0.075245366
774	18.715650024692003	0.12800725
775	18.921755553950003	0.13673075
776	19.127861083208	0.10010272
777	19.333966612466	0.098525435
778	19.540072141724	0.14965159
779	19.746177670981996	0.097949564
780	19.952283200239997	0.11231764
781	20.158388729497993	0.096242525
782	20.364494258755993	0.12426018
783	20.57059978801399	0.1252949
784	20.77670531727199	0.116962515
785	20.98281084652999	0.11445949
786	21.188916375787986	0.07547406
787	21.395021905045986	0.12966838
788	21.601127434303983	0.09585519
789	21.80723296356201	0.092553884
790	22.01333849282001	0.12631002
791	22.219444022078008	0.12196018
792	22.425549551336008	0.14231272
793	22.631655080594005	0.091293946
794	22.837760609852005	0.09531604
795	23.043866139110005	0.078062326
796	23.249971668368	0.096169725
797	23.456077197626	0.073545925
798	23.662182726883998	0.10634846
799	23.868288256141998	0.13317448
800	24.074393785399995	0.10692699
801	24.280499314657995	0.083330326
802	24.486604843915995	0.10374986
803	24.69271037317399	0.10594533
804	24.89881590243199	0.13886276
805	25.104921431689988	0.10111757
806	25.311026960947988	0.10704828
807	25.517132490205984	0.10101785
808	25.723238019463984	0.11418073
809	25.929343548722013	0.102137856
810	26.13544907798001	0.14840135
811	26.34155460723801	0.12816383
812	26.54766013649601	0.10781765
813	26.753765665754006	0.10589412
814	26.959871195012006	0.13028617
815	27.165976724270003	0.12706177
816	27.372082253528003	0.13108037
817	27.578187782786	0.121135205
818	27.784293312044	0.14159392
819	27.990398841302	0.12877822
820	28.196504370559996	0.10767616
821	28.402609899817996	0.12132593
822	28.608715429075993	0.08446756
823	28.814820958333993	0.09279107
824	29.02092648759199	0.10060449
825	29.22703201684999	0.13572563
826	29.43313754610799	0.0935769
827	29.639243075365986	0.079602905
828	29.845348604623986	0.083854735
829	30.051454133881983	0.08418805
830	30.25755966314001	0.11711051
831	30.46366519239801	0.06437842
832	30.669770721656008	0.107434526
833	30.875876250914008	0.09546301
834	31.081981780172004	0.096007794
835	31.288087309430004	0.121115856
836	31.494192838688004	0.07142942
837	31.700298367946	0.099264294
838	31.906403897204	0.059439484
839	32.112509426462	0.09465956
840	32.318614955719994	0.09562084
841	32.524720484978	0.10247745
842	32.730826014235994	0.108743064
843	32.93693154349399	0.12222567
844	33.143037072751994	0.12425286
845	33.34914260200999	0.09794063
846	33.55524813126799	0.10325683
847	33.761353660525984	0.13094959
848	33.96745918978399	0.08435921
849	34.173564719041984	0.1560899
850	34.37967024830001	0.11264826
851	34.58577577755801	0.11304796
852	34.79188130681601	0.09056447
853	34.997986836074006	0.09897801
854	35.20409236533201	0.100178495
855	35.410197894590006	0.10894723
856	35.616303423848	0.110267155
857	35.822408953106	0.08685093
858	36.028514482364	0.1171767
859	36.234620011622	0.10157006
860	36.440725540879995	0.12494283
861	36.646831070138	0.09333189
862	36.852936599395996	0.11717831
863	37.05904212865399	0.08894487
864	37.26514765791199	0.126873
865	37.47125318716999	0.12565736
866	37.67735871642799	0.106003
867	37.883464245685985	0.15751861
868	38.08956977494399	0.0980939
869	38.295675304201986	0.11915811
870	38.50178083345998	0.15194197
871	38.707886362718014	0.11545987
872	38.91399189197601	0.09044009
873	39.12009742123401	0.11881237
874	39.326202950492004	0.095862314
875	39.53230847975001	0.08745463
876	39.738414009008004	0.1229153
877	39.944519538266	0.07655323
878	40.150625067524004	0.11747895
879	40.356730596782	0.10927377
880	40.56283612604	0.118508935
881	40.76894165529799	0.117156066
882	40.975047184556	0.08839957
883	41.181152713813994	0.09830777
884	41.38725824307199	0.118116386
885	41.593363772329994	0.11457598
886	41.79946930158799	0.11812481
887	42.00557483084599	0.11830589
888	42.21168036010398	0.120165244
889	42.41778588936199	0.10305244
890	42.62389141861998	0.10661535
891	42.82999694787801	0.11070642
892	43.03610247713601	0.09627232
893	43.24220800639401	0.13024184
894	43.448313535652005	0.090326816
895	43.65441906491001	0.10904015
896	43.860524594168005	0.090073355
897	44.066630123426	0.08274683
898	44.272735652684	0.12882774
899	44.478841181942	0.07164067
900	44.6849467112	0.092870735
901	44.891052240457995	0.08658232
902	45.097157769716	0.12682922
903	45.303263298973995	0.086754955
904	45.50936882823199	0.108449675
905	45.71547435748999	0.1032049
906	45.92157988674799	0.1049497
907	46.12768541600599	0.07826467
908	46.333790945263985	0.09359497
909	46.53989647452199	0.15430382
910	46.746002003779985	0.11747608
911	46.95210753303798	0.102967076
912	47.158213062296014	0.12571225
913	47.36431859155401	0.109587826
914	47.57042412081201	0.103380375
915	47.77652965007	0.09587882
916	47.98263517932801	0.10377871
917	48.188740708586	0.08363228
918	48.394846237844	0.11428089
919	48.600951767102	0.1081228
920	48.80705729636	0.089469895
921	49.013162825618	0.11123057
922	49.21926835487599	0.11538855
923	49.425373884134	0.10147068
924	49.63147941339199	0.12639497
925	49.83758494264999	0.11595037
926	50.04369047190799	0.069957085
927	50.24979600116599	0.0953347
928	50.455901530423986	0.102808155
929	50.66200705968198	0.084201396
930	50.86811258893999	0.07822672
931	51.07421811819798	0.13189991
932	51.28032364745601	0.099098206
933	51.48642917671401	0.1222786
934	51.69253470597201	0.09603215
935	51.898640235230005	0.11430417
936	52.10474576448801	0.071878284
937	52.310851293746005	0.10265696
938	52.516956823004	0.09383758
939	52.723062352262	0.12179138
940	52.92916788152	0.09198602
941	53.135273410778	0.14265855
942	53.341378940035995	0.105140775
943	53.547484469294	0.0892873
944	53.753589998551995	0.11517939
945	53.95969552780999	0.10640833
946	54.16580105706799	0.080685444
947	54.37190658632599	0.1203859
948	54.57801211558399	0.11535239
949	54.784117644841984	0.093854085
950	54.99022317409999	0.09661007
951	55.196328703357985	0.090103224
952	55.40243423261598	0.09363869
953	55.60853976187401	0.13002612
954	55.81464529113201	0.111263275
955	56.020750820390006	0.08517206
956	56.226856349648	0.10994816
957	56.432961878906006	0.09862088
958	56.639067408164	0.09731297
959	56.845172937422	0.11129152
960	57.05127846668	0.12667629
961	57.257383995938	0.091630146
962	57.463489525195996	0.12132618
963	57.66959505445399	0.10874556
964	57.875700583711996	0.10032609
965	58.08180611296999	0.11113188
966	58.28791164222799	0.15951644
967	58.49401717148599	0.10061245
968	58.70012270074399	0.10954856
969	58.906228230001986	0.1002213
970	59.11233375925998	0.069907255
971	59.318439288517986	0.10418324
972	59.52454481777598	0.11795232
973	59.73065034703401	0.11304445
974	59.93675587629201	0.10233867
975	60.14286140555001	0.11356679
976	60.348966934808004	0.12084212
977	60.55507246406601	0.15339154
978	60.761177993324004	0.10780133
979	60.967283522582	0.11301096
980	61.17338905184	0.11305159
981	61.379494581098	0.10216508
982	61.585600110356	0.09989782
983	61.791705639613994	0.11063211
984	61.997811168872	0.10408754
985	62.203916698129994	0.111329585
986	62.41002222738799	0.11136979
987	62.61612775664599	0.112198696
988	62.82223328590399	0.14485398
989	63.02833881516199	0.10698734
990	63.234444344419984	0.12052755
991	63.44054987367799	0.1085767
992	63.646655402935984	0.108079776
993	63.85276093219398	0.1302888
994	64.05886646145201	0.13397035
995	64.26497199071001	0.109928116
996	64.471077519968	0.1011225
997	64.677183049226	0.10639919
998	64.883288578484	0.10535504
999	65.089394107742	0.13623986
1000	65.295499637	0.1283743
1001	65.501605166258	0.13717207
1002	65.707710695516	0.11846779
1003	65.913816224774	0.09525137
1004	66.11992175403199	0.1407132
1005	66.32602728328999	0.10293629
1006	66.53213281254799	0.098114714
1007	66.738238341806	0.13573757
1008	66.94434387106399	0.13287048
1009	67.15044940032199	0.13672738
1010	67.35655492957999	0.06793341
1011	67.56266045883798	0.13841635
1012	67.76876598809598	0.1238987
1013	67.97487151735399	0.12370389
1014	68.18097704661201	0.09157963
1015	68.38708257587001	0.10296155
1016	68.59318810512801	0.12263168
1017	68.799293634386	0.10567645
1018	69.005399163644	0.15256679
1019	69.211504692902	0.11180735
1020	69.41761022216001	0.1070902
1021	69.623715751418	0.06865513
1022	69.829821280676	0.100497246
1023	70.035926809934	0.10513966
1024	70.242032339192	0.11705072
1025	70.44813786844999	0.08789015
1026	70.65424339770799	0.087652445
1027	70.860348926966	0.07216768
1028	71.066454456224	0.113993995
1029	71.27255998548199	0.11222211
1030	71.47866551473999	0.11490301
1031	71.68477104399798	0.09241505
1032	71.89087657325598	0.1366949
1033	72.09698210251398	0.116918795
1034	72.30308763177199	0.11800036
1035	72.50919316103001	0.10091419
1036	72.71529869028801	0.12254339
1037	72.921404219546	0.13316253
1038	73.127509748804	0.11195328
1039	73.333615278062	0.1455441
1040	73.53972080732	0.07669638
1041	73.745826336578	0.09696985
1042	73.951931865836	0.13741651
1043	74.158037395094	0.127335
1044	74.364142924352	0.08838981
1045	74.57024845360999	0.11141279
1046	74.77635398286799	0.14624296
1047	74.98245951212598	0.091611944
1048	75.188565041384	0.104612954
1049	75.39467057064199	0.1344438
1050	75.60077609989999	0.04966511
1051	75.80688162915799	0.123009086
1052	76.01298715841598	0.114750095
1053	76.21909268767398	0.117404066
1054	76.42519821693199	0.107963696
1055	76.63130374619001	0.123787135
1056	76.83740927544801	0.121735014
1057	77.043514804706	0.08793617
1058	77.249620333964	0.13473369
1059	77.455725863222	0.14080936
1060	77.66183139248	0.105118155
1061	77.867936921738	0.14656053
1062	78.074042450996	0.106823824
1063	78.280147980254	0.09364297
1064	78.486253509512	0.10178253
1065	78.69235903877	0.14633253
1066	78.89846456802799	0.10935471
1067	79.10457009728599	0.08949807
1068	79.310675626544	0.09950694
1069	79.516781155802	0.106151134
1070	79.72288668505999	0.13925183
1071	79.92899221431799	0.101398274
1072	80.13509774357598	0.14010058
1073	80.34120327283398	0.100401916
1074	80.54730880209198	0.06748046
1075	80.75341433134999	0.10268895
1076	80.95951986060801	0.12909858
1077	81.16562538986601	0.13452749
1078	81.371730919124	0.12482847
1079	81.577836448382	0.14465676
1080	81.78394197764	0.1416834
1081	81.990047506898	0.11692059
1082	82.196153036156	0.08509234
1083	82.402258565414	0.08601941
1084	82.608364094672	0.10760557
1085	82.81446962393	0.108301304
1086	83.02057515318799	0.1335182
1087	83.22668068244599	0.09755453
1088	83.43278621170398	0.08516958
1089	83.638891740962	0.09714513
1090	83.84499727021999	0.11385469
1091	84.05110279947799	0.10382232
1092	84.25720832873598	0.10611528
1093	84.46331385799398	0.09743437
1094	84.66941938725198	0.10990569
1095	84.87552491650999	0.11150357
1096	85.08163044576801	0.090593755
1097	85.28773597502601	0.112061575
1098	85.493841504284	0.11505641
1099	85.699947033542	0.088171855
1100	85.9060525628	0.10937329
1101	86.112158092058	0.115708135
1102	86.318263621316	0.056612723
1103	86.524369150574	0.1192206
1104	86.730474679832	0.1301725
1105	86.93658020909	0.10786049
1106	87.14268573834799	0.11749942
1107	87.34879126760599	0.12089819
1108	87.55489679686399	0.12555808
1109	87.761002326122	0.11181756
1110	87.96710785538	0.124781854
1111	88.17321338463799	0.073761195
1112	88.37931891389599	0.08921533
1113	88.58542444315398	0.10464384
1114	88.79152997241198	0.10838936
1115	88.99763550166998	0.101565465
1116	89.20374103092799	0.1169524
1117	89.40984656018601	0.122928604
1118	89.61595208944401	0.090701394
1119	89.822057618702	0.07165766
1120	90.02816314796	0.12237799
1121	90.234268677218	0.10721496
1122	90.440374206476	0.1515684
1123	90.646479735734	0.13105173
1124	90.852585264992	0.118278936
1125	91.05869079425	0.08969049
1126	91.264796323508	0.15056963
1127	91.47090185276599	0.056615613
1128	91.67700738202399	0.10803598
1129	91.88311291128198	0.12146451
1130	92.08921844054	0.094474144
1131	92.29532396979799	0.08834274
1132	92.50142949905599	0.10576772
1133	92.70753502831398	0.12604073
1134	92.91364055757198	0.110167004
1135	93.11974608682998	0.11339791
1136	93.32585161608799	0.105948836
1137	93.53195714534601	0.08842455
1138	93.73806267460401	0.10191365
1139	93.944168203862	0.115195945
1140	94.15027373312	0.13248597
1141	94.356379262378	0.153303
1142	94.562484791636	0.06839067
1143	94.768590320894	0.13974078
1144	94.974695850152	0.10421128
1145	95.18080137941	0.10953733
1146	95.386906908668	0.10591598
1147	95.59301243792599	0.10783273
1148	95.79911796718399	0.10818139
1149	96.00522349644199	0.108347505
1150	96.2113290257	0.09529464
1151	96.41743455495799	0.1395266
1152	96.62354008421599	0.11277251
1153	96.82964561347399	0.1330903
1154	97.03575114273198	0.0766096
1155	97.24185667198998	0.09925227
1156	97.44796220124798	0.113180265
1157	97.65406773050599	0.104457974
1158	97.86017325976401	0.13935363
1159	98.06627878902201	0.12589885
1160	98.27238431828	0.096631244
1161	98.478489847538	0.107708834
1162	98.684595376796	0.16869256
1163	98.890700906054	0.11676198
1164	99.096806435312	0.094226606
1165	99.30291196457	0.0927504
1166	99.509017493828	0.14254361
1167	99.715123023086	0.099623755
1168	99.92122855234399	0.13619241
1169	100.12733408160199	0.10737188
1170	100.33343961085998	0.077483065
1171	100.539545140118	0.15990889
1172	100.74565066937599	0.123311125
1173	100.95175619863399	0.09355935
1174	101.15786172789198	0.11729111
1175	101.36396725714998	0.09219366
1176	101.57007278640798	0.11908792
1177	101.77617831566599	0.087667614
1178	101.98228384492401	0.109167285
1179	102.18838937418201	0.124462456
1180	102.39449490344	0.11170139
1181	102.600600432698	0.12323396
1182	102.806705961956	0.09746683
1183	103.012811491214	0.10885182
1184	103.218917020472	0.1079547
1185	103.42502254973	0.07796151
1186	103.631128078988	0.107375965
1187	103.837233608246	0.10230362
1188	104.04333913750399	0.08993849
1189	104.24944466676199	0.12770516
1190	104.45555019601998	0.15221171
1191	104.661655725278	0.112073906
1192	104.86776125453599	0.1490517
1193	105.07386678379399	0.07591076
1194	105.27997231305199	0.09841519
1195	105.48607784230998	0.09916717
1196	105.69218337156798	0.09990071
1197	105.89828890082597	0.0998092
1198	106.10439443008399	0.09572731
1199	106.31049995934201	0.12042732
1200	106.5166054886	0.08796539
1201	106.722711017858	0.12648217
1202	106.928816547116	0.09304609
1203	107.134922076374	0.08348843
1204	107.341027605632	0.10766791
1205	107.54713313489	0.10088219
1206	107.753238664148	0.1273114
1207	107.959344193406	0.11636853
1208	108.165449722664	0.09186294
1209	108.37155525192199	0.11666025
1210	108.57766078117999	0.09148139
1211	108.78376631043798	0.089455016
1212	108.989871839696	0.15256388
1213	109.19597736895399	0.09762393
1214	109.40208289821199	0.11906786
1215	109.60818842746998	0.12806526
1216	109.81429395672798	0.102954045
1217	110.02039948598598	0.11856267
1218	110.22650501524399	0.11130015
1219	110.43261054450201	0.117620766
1220	110.63871607376001	0.10952471
1221	110.844821603018	0.15597856
1222	111.050927132276	0.13143204
1223	111.257032661534	0.13143839
1224	111.463138190792	0.07937977
1225	111.66924372005	0.09759876
1226	111.875349249308	0.13296096
1227	112.081454778566	0.10558173
1228	112.287560307824	0.09344523
1229	112.49366583708199	0.087037265
1230	112.69977136633999	0.09113138
1231	112.90587689559798	0.12883592
1232	113.111982424856	0.11762443
1233	113.31808795411399	0.09217201
1234	113.52419348337199	0.109582886
1235	113.73029901262998	0.09293908
1236	113.93640454188798	0.102892116
1237	114.14251007114598	0.102095835
1238	114.34861560040397	0.12442538
1239	114.55472112966198	0.12732512
1240	114.76082665892001	0.1272794
1241	114.966932188178	0.092528634
1242	115.173037717436	0.14985351
1243	115.379143246694	0.09460734
1244	115.585248775952	0.111257404
1245	115.79135430520999	0.12849396
1246	115.997459834468	0.09095136
1247	116.203565363726	0.07128835
1248	116.409670892984	0.092925906
1249	116.61577642224199	0.1048155
1250	116.82188195149999	0.1067038
1251	117.02798748075799	0.149729
1252	117.23409301001598	0.12960157
1253	117.440198539274	0.12202522
1254	117.64630406853199	0.07565799
1255	117.85240959778999	0.10808584
1256	118.05851512704798	0.13436201
1257	118.26462065630598	0.11510533
1258	118.47072618556398	0.12450681
1259	118.67683171482199	0.09119727
1260	118.88293724408001	0.10398518
1261	119.08904277333801	0.09600034
1262	119.295148302596	0.12348592
1263	119.501253831854	0.09141253
1264	119.707359361112	0.105764434
1265	119.91346489037	0.110376775
1266	120.119570419628	0.12522985
1267	120.325675948886	0.104668334
1268	120.531781478144	0.12849912
1269	120.737887007402	0.10511697
1270	120.94399253665999	0.123346925
1271	121.15009806591799	0.09839977
1272	121.35620359517598	0.095694974
1273	121.56230912443402	0.13963239
1274	121.76841465369199	0.09945238
1275	121.97452018295002	0.092552535
1276	122.18062571220798	0.10315311
1277	122.38673124146601	0.12901114
1278	122.59283677072398	0.14280784
1279	122.798942299982	0.11940563
1280	123.00504782923998	0.09965439
1281	123.21115335849801	0.12312527
1282	123.41725888775598	0.15480168
1283	123.623364417014	0.07321353
1284	123.82946994627197	0.12621364
1285	124.03557547553	0.11206113
1286	124.24168100478796	0.10628711
1287	124.447786534046	0.063713685
1288	124.65389206330397	0.12569372
1289	124.859997592562	0.14552413
1290	125.06610312181996	0.12759075
1291	125.27220865107799	0.107481346
1292	125.47831418033601	0.10536262
1293	125.68441970959398	0.11837068
1294	125.89052523885202	0.14240934
1295	126.09663076810999	0.07242217
1296	126.30273629736801	0.09413456
1297	126.50884182662598	0.09401397
1298	126.71494735588401	0.11145295
1299	126.92105288514198	0.11632989
1300	127.12715841440001	0.13602328
1301	127.33326394365798	0.13784604
1302	127.53936947291601	0.13627464
1303	127.74547500217398	0.13012476
1304	127.951580531432	0.064540565
1305	128.15768606068997	0.107849754
1306	128.363791589948	0.07746777
1307	128.56989711920596	0.13325644
1308	128.776002648464	0.11855003
1309	128.98210817772195	0.12049133
1310	129.18821370697998	0.12328875
1311	129.39431923623803	0.11897074
1312	129.600424765496	0.120124616
1313	129.80653029475403	0.10255418
1314	130.012635824012	0.09890451
1315	130.21874135327002	0.103528835
1316	130.424846882528	0.12059814
1317	130.630952411786	0.101383775
1318	130.83705794104398	0.08742261
1319	131.043163470302	0.08258941
1320	131.24926899955997	0.090571016
1321	131.455374528818	0.09653455
1322	131.66148005807597	0.11709196
1323	131.867585587334	0.0871498
1324	132.073691116592	0.112917535
1325	132.27979664585	0.123300806
1326	132.48590217510798	0.06440276
1327	132.692007704366	0.11809862
1328	132.89811323362397	0.0934117
1329	133.104218762882	0.12751518
1330	133.31032429213997	0.10397957
1331	133.516429821398	0.13722944
1332	133.72253535065602	0.1070781
1333	133.92864087991398	0.11837512
1334	134.134746409172	0.088869855
1335	134.34085193842998	0.0867604
1336	134.546957467688	0.106032416
1337	134.75306299694597	0.13551614
1338	134.95916852620402	0.13810113
1339	135.165274055462	0.0878673
1340	135.37137958472002	0.09572217
1341	135.57748511397799	0.101074256
1342	135.783590643236	0.12306999
1343	135.98969617249398	0.15122691
1344	136.195801701752	0.09526422
1345	136.40190723100997	0.11079666
1346	136.608012760268	0.094806656
1347	136.81411828952596	0.089219294
1348	137.020223818784	0.12044181
1349	137.22632934804196	0.09494695
1350	137.43243487729998	0.11305309
1351	137.63854040655795	0.13627514
1352	137.844645935816	0.11176351
1353	138.05075146507403	0.10101482
1354	138.256856994332	0.12742792
1355	138.46296252359002	0.069357574
1356	138.669068052848	0.060932107
1357	138.87517358210602	0.10647303
1358	139.08127911136398	0.11355616
1359	139.287384640622	0.09817477
1360	139.49349016987998	0.12422695
1361	139.699595699138	0.11310326
1362	139.90570122839597	0.10503428
1363	140.111806757654	0.10968329
1364	140.31791228691196	0.08590604
1365	140.52401781617002	0.12185932
1366	140.73012334542798	0.06352375
1367	140.936228874686	0.113761306
1368	141.14233440394398	0.15832557
1369	141.348439933202	0.09994785
1370	141.55454546245997	0.16297473
1371	141.760650991718	0.08349269
1372	141.96675652097596	0.111078955
1373	142.172862050234	0.10890556
1374	142.378967579492	0.16487841
1375	142.58507310874998	0.08828801
1376	142.791178638008	0.123207815
1377	142.99728416726597	0.12653762
1378	143.203389696524	0.079409584
1379	143.409495225782	0.12831508
1380	143.61560075504002	0.117938735
1381	143.821706284298	0.10491725
1382	144.027811813556	0.11038326
1383	144.23391734281398	0.116071686
1384	144.440022872072	0.10816344
1385	144.64612840132997	0.084575
1386	144.852233930588	0.09994887
1387	145.05833945984597	0.10669382
1388	145.264444989104	0.11384246
1389	145.47055051836196	0.14826602
1390	145.67665604761999	0.103927396
1391	145.88276157687795	0.09356
1392	146.08886710613598	0.1191947
1393	146.29497263539403	0.13940942
1394	146.501078164652	0.0753724
1395	146.70718369391003	0.087990254
1396	146.913289223168	0.06511271
1397	147.11939475242602	0.096619636
1398	147.325500281684	0.11622104
1399	147.531605810942	0.10711814
1400	147.73771134019998	0.12034725
1401	147.943816869458	0.105292104
1402	148.14992239871597	0.11970875
1403	148.356027927974	0.1394844
1404	148.56213345723197	0.12599549
1405	148.76823898649	0.10093692
1406	148.974344515748	0.104084864
1407	149.180450045006	0.14412472
1408	149.38655557426398	0.13005523
1409	149.592661103522	0.09882236
1410	149.79876663277997	0.07836802
1411	150.004872162038	0.11081372
1412	150.21097769129597	0.086337045
1413	150.417083220554	0.12365153
1414	150.62318874981202	0.13120572
1415	150.82929427906998	0.10813819
1416	151.035399808328	0.10915265
1417	151.24150533758598	0.088497
1418	151.447610866844	0.1045662
1419	151.65371639610197	0.08760199
1420	151.85982192536002	0.1040883
1421	152.065927454618	0.12587017
1422	152.27203298387602	0.08293142
1423	152.47813851313398	0.098409235
1424	152.684244042392	0.119692475
1425	152.89034957164998	0.102435485
1426	153.096455100908	0.12396073
1427	153.30256063016597	0.15159628
1428	153.508666159424	0.097942844
1429	153.71477168868196	0.13591816
1430	153.92087721794	0.11174841
1431	154.12698274719796	0.11085809
1432	154.33308827645598	0.07730173
1433	154.53919380571395	0.09274774
1434	154.745299334972	0.105124146
1435	154.95140486423003	0.110595495
1436	155.157510393488	0.116684504
1437	155.36361592274602	0.123270325
1438	155.569721452004	0.083156794
1439	155.77582698126201	0.12766096
1440	155.98193251051998	0.106027536
1441	156.188038039778	0.09777214
1442	156.39414356903598	0.08810969
1443	156.600249098294	0.14592063
1444	156.80635462755197	0.10313031
1445	157.01246015681	0.098655134
1446	157.21856568606796	0.0929279
1447	157.42467121532601	0.12127754
1448	157.63077674458398	0.11516938
1449	157.836882273842	0.06526897
1450	158.04298780309998	0.123618
1451	158.249093332358	0.15836468
1452	158.45519886161597	0.11015244
1453	158.661304390874	0.113167115
1454	158.86740992013196	0.12209252
1455	159.07351544939	0.12825145
1456	159.279620978648	0.07510551
1457	159.48572650790598	0.12424861
1458	159.691832037164	0.095529824
1459	159.89793756642197	0.09715922
1460	160.10404309568	0.10923344
1461	160.310148624938	0.12145177
1462	160.51625415419602	0.11610169
1463	160.722359683454	0.11071289
1464	160.928465212712	0.08840205
1465	161.13457074196998	0.1324366
1466	161.340676271228	0.050168037
1467	161.54678180048597	0.12032643
1468	161.752887329744	0.10450348
1469	161.95899285900197	0.113932334
1470	162.16509838826	0.06166977
1471	162.37120391751796	0.096432656
1472	162.57730944677598	0.11951465
1473	162.78341497603395	0.095430315
1474	162.98952050529198	0.12496061
1475	163.19562603455003	0.09885286
1476	163.401731563808	0.09375473
1477	163.60783709306602	0.102827646
1478	163.813942622324	0.12847736
1479	164.02004815158202	0.11076157
1480	164.22615368083999	0.11051018
1481	164.432259210098	0.09967834
1482	164.63836473935598	0.13698734
1483	164.844470268614	0.13424504
1484	165.05057579787197	0.11191219
1485	165.25668132713	0.1422742
1486	165.46278685638796	0.10799217
1487	165.668892385646	0.16199228
1488	165.874997914904	0.08857426
1489	166.081103444162	0.1039467
1490	166.28720897341998	0.11295098
1491	166.493314502678	0.12166104
1492	166.69942003193597	0.11268479
1493	166.905525561194	0.115457654
1494	167.11163109045197	0.10847276
1495	167.31773661971	0.15560639
1496	167.52384214896801	0.12804036
1497	167.72994767822598	0.091361225
1498	167.936053207484	0.08993079
1499	168.14215873674198	0.13240166
