	velocity	Amplitude
0	-141.300530913	0.07411032
1	-141.094425046683	0.13310519
2	-140.888319180366	0.12639642
3	-140.682213314049	0.124901764
4	-140.476107447732	0.13057473
5	-140.270001581415	0.118804
6	-140.06389571509797	0.103377886
7	-139.85778984878098	0.0981185
8	-139.651683982464	0.11402802
9	-139.445578116147	0.11429425
10	-139.23947224983	0.11588406
11	-139.033366383513	0.120982125
12	-138.827260517196	0.10948753
13	-138.621154650879	0.12495812
14	-138.415048784562	0.11353545
15	-138.208942918245	0.10239951
16	-138.002837051928	0.12848455
17	-137.79673118561098	0.11970667
18	-137.590625319294	0.13286911
19	-137.384519452977	0.13611534
20	-137.17841358665999	0.108746536
21	-136.972307720343	0.08475729
22	-136.766201854026	0.1512269
23	-136.56009598770902	0.108569205
24	-136.353990121392	0.113074936
25	-136.14788425507498	0.10566507
26	-135.941778388758	0.13164099
27	-135.73567252244098	0.11843833
28	-135.529566656124	0.10944666
29	-135.323460789807	0.08093281
30	-135.11735492349	0.121248774
31	-134.911249057173	0.11955028
32	-134.705143190856	0.11477224
33	-134.49903732453902	0.1253215
34	-134.29293145822197	0.1115981
35	-134.08682559190498	0.112323694
36	-133.880719725588	0.11978871
37	-133.67461385927098	0.081449345
38	-133.468507992954	0.122964956
39	-133.262402126637	0.13076007
40	-133.05629626032	0.10582786
41	-132.850190394003	0.13627505
42	-132.644084527686	0.13139704
43	-132.43797866136902	0.12233309
44	-132.23187279505197	0.109516166
45	-132.02576692873498	0.11978245
46	-131.819661062418	0.13111459
47	-131.613555196101	0.13194956
48	-131.407449329784	0.101493426
49	-131.201343463467	0.11410861
50	-130.99523759715	0.12532498
51	-130.789131730833	0.10702345
52	-130.583025864516	0.10049362
53	-130.37691999819899	0.12653218
54	-130.170814131882	0.1323807
55	-129.964708265565	0.1037118
56	-129.758602399248	0.1047872
57	-129.552496532931	0.113615975
58	-129.34639066661398	0.10394604
59	-129.140284800297	0.10240555
60	-128.93417893398	0.119409226
61	-128.728073067663	0.10915853
62	-128.521967201346	0.123797774
63	-128.31586133502898	0.11032002
64	-128.109755468712	0.14949116
65	-127.90364960239499	0.17006703
66	-127.69754373607799	0.14913681
67	-127.491437869761	0.15521564
68	-127.285332003444	0.12614326
69	-127.079226137127	0.08720682
70	-126.87312027081	0.1152952
71	-126.66701440449299	0.09426022
72	-126.460908538176	0.10740793
73	-126.254802671859	0.12129078
74	-126.048696805542	0.1278061
75	-125.84259093922499	0.10943537
76	-125.63648507290799	0.11436493
77	-125.430379206591	0.09852976
78	-125.224273340274	0.1000193
79	-125.018167473957	0.1280625
80	-124.81206160764	0.12148988
81	-124.60595574132299	0.12973212
82	-124.399849875006	0.11871943
83	-124.193744008689	0.12388428
84	-123.98763814237199	0.111959875
85	-123.78153227605499	0.12388229
86	-123.57542640973799	0.13559571
87	-123.369320543421	0.12294036
88	-123.163214677104	0.12398341
89	-122.957108810787	0.13914058
90	-122.75100294446999	0.1239636
91	-122.544897078153	0.13338912
92	-122.338791211836	0.11924203
93	-122.132685345519	0.10259965
94	-121.92657947920199	0.12552291
95	-121.72047361288499	0.10864929
96	-121.514367746568	0.118845224
97	-121.308261880251	0.10371486
98	-121.102156013934	0.10894202
99	-120.896050147617	0.09727079
100	-120.68994428129999	0.09148423
101	-120.483838414983	0.07853307
102	-120.277732548666	0.09804352
103	-120.071626682349	0.1286222
104	-119.86552081603199	0.09818265
105	-119.65941494971499	0.11322205
106	-119.453309083398	0.09427291
107	-119.247203217081	0.08602057
108	-119.041097350764	0.108974114
109	-118.834991484447	0.11652452
110	-118.62888561813	0.06987868
111	-118.422779751813	0.112063445
112	-118.216673885496	0.09709968
113	-118.01056801917899	0.10516099
114	-117.80446215286199	0.12945758
115	-117.598356286545	0.12010248
116	-117.392250420228	0.10036194
117	-117.18614455391099	0.1345756
118	-116.980038687594	0.09032186
119	-116.77393282127699	0.12934402
120	-116.56782695496	0.13085985
121	-116.361721088643	0.11458175
122	-116.155615222326	0.14652093
123	-115.94950935600899	0.093862176
124	-115.74340348969199	0.10107377
125	-115.537297623375	0.13130012
126	-115.331191757058	0.106729716
127	-115.125085890741	0.11089337
128	-114.918980024424	0.13201052
129	-114.71287415810698	0.10439454
130	-114.50676829179	0.13806249
131	-114.30066242547299	0.13947102
132	-114.094556559156	0.09645335
133	-113.88845069283899	0.11872729
134	-113.682344826522	0.08541752
135	-113.476238960205	0.097555384
136	-113.27013309388799	0.11754614
137	-113.064027227571	0.14006741
138	-112.857921361254	0.1149072
139	-112.651815494937	0.12602617
140	-112.44570962862	0.08613073
141	-112.239603762303	0.08240314
142	-112.03349789598599	0.0881519
143	-111.82739202966899	0.10963236
144	-111.621286163352	0.14571719
145	-111.415180297035	0.10902168
146	-111.209074430718	0.13781321
147	-111.002968564401	0.10376462
148	-110.79686269808398	0.16823602
149	-110.590756831767	0.12528518
150	-110.38465096544999	0.092503525
151	-110.178545099133	0.111503504
152	-109.97243923281599	0.09227128
153	-109.766333366499	0.13760443
154	-109.560227500182	0.12484958
155	-109.35412163386499	0.13198824
156	-109.148015767548	0.12606886
157	-108.941909901231	0.12269691
158	-108.735804034914	0.109101936
159	-108.529698168597	0.1121429
160	-108.32359230227999	0.09898156
161	-108.11748643596299	0.099507175
162	-107.91138056964598	0.10305316
163	-107.705274703329	0.1221641
164	-107.499168837012	0.14194448
165	-107.293062970695	0.13329954
166	-107.086957104378	0.10063834
167	-106.880851238061	0.11390384
168	-106.674745371744	0.122211516
169	-106.46863950542699	0.09317233
170	-106.26253363911	0.09686202
171	-106.05642777279299	0.0809515
172	-105.850321906476	0.09456437
173	-105.644216040159	0.116329655
174	-105.43811017384199	0.11696656
175	-105.232004307525	0.1057268
176	-105.025898441208	0.10742843
177	-104.81979257489101	0.11456125
178	-104.613686708574	0.13478237
179	-104.40758084225699	0.12768076
180	-104.20147497593999	0.13102028
181	-103.99536910962298	0.116540596
182	-103.789263243306	0.10307356
183	-103.58315737698899	0.08806271
184	-103.377051510672	0.12253114
185	-103.170945644355	0.13764915
186	-102.964839778038	0.12684843
187	-102.75873391172101	0.07322917
188	-102.55262804540399	0.122439936
189	-102.346522179087	0.12080283
190	-102.14041631276999	0.110479414
191	-101.93431044645298	0.098657295
192	-101.728204580136	0.11920563
193	-101.52209871381899	0.11240679
194	-101.315992847502	0.115057774
195	-101.109886981185	0.10399367
196	-100.90378111486801	0.09852172
197	-100.697675248551	0.12685633
198	-100.49156938223399	0.10571407
199	-100.285463515917	0.12417626
200	-100.07935764959998	0.09512956
201	-99.873251783283	0.10843621
202	-99.66714591696599	0.10882954
203	-99.461040050649	0.11756593
204	-99.254934184332	0.09513827
205	-99.048828318015	0.121798754
206	-98.84272245169801	0.11949322
207	-98.63661658538099	0.13472944
208	-98.430510719064	0.13547125
209	-98.22440485274699	0.12564121
210	-98.01829898642998	0.077638485
211	-97.812193120113	0.11961946
212	-97.60608725379599	0.11356607
213	-97.399981387479	0.11363957
214	-97.193875521162	0.11654286
215	-96.98776965484501	0.123660974
216	-96.78166378852801	0.10346061
217	-96.57555792221099	0.1066722
218	-96.369452055894	0.09686276
219	-96.16334618957698	0.10200189
220	-95.95724032326	0.122606404
221	-95.75113445694299	0.12174874
222	-95.54502859062599	0.108482234
223	-95.338922724309	0.09804853
224	-95.132816857992	0.11181383
225	-94.92671099167501	0.09989871
226	-94.72060512535799	0.097658545
227	-94.514499259041	0.100930296
228	-94.308393392724	0.12912092
229	-94.10228752640698	0.096838854
230	-93.89618166009	0.10881196
231	-93.69007579377299	0.11298223
232	-93.483969927456	0.1486526
233	-93.277864061139	0.09064385
234	-93.07175819482201	0.10887789
235	-92.865652328505	0.12053739
236	-92.65954646218799	0.11921121
237	-92.453440595871	0.11844106
238	-92.24733472955398	0.106516585
239	-92.041228863237	0.12663764
240	-91.83512299691999	0.10208309
241	-91.62901713060299	0.13620673
242	-91.422911264286	0.09418712
243	-91.216805397969	0.082590386
244	-91.01069953165201	0.10635311
245	-90.804593665335	0.12774678
246	-90.598487799018	0.104763955
247	-90.392381932701	0.14999157
248	-90.18627606638398	0.10182213
249	-89.980170200067	0.123153664
250	-89.77406433374999	0.107946366
251	-89.567958467433	0.12520507
252	-89.361852601116	0.1172714
253	-89.155746734799	0.12199404
254	-88.949640868482	0.1336118
255	-88.74353500216499	0.12150414
256	-88.537429135848	0.15820806
257	-88.331323269531	0.09791183
258	-88.125217403214	0.1493994
259	-87.91911153689699	0.100846246
260	-87.71300567057999	0.1241277
261	-87.506899804263	0.13841636
262	-87.300793937946	0.109961666
263	-87.09468807162901	0.11179967
264	-86.888582205312	0.10512565
265	-86.68247633899499	0.13360788
266	-86.476370472678	0.09530522
267	-86.27026460636098	0.13215646
268	-86.064158740044	0.13124712
269	-85.85805287372699	0.13491249
270	-85.65194700741	0.11229118
271	-85.445841141093	0.11876484
272	-85.239735274776	0.09381983
273	-85.033629408459	0.12181795
274	-84.827523542142	0.07706181
275	-84.621417675825	0.11496114
276	-84.415311809508	0.1326431
277	-84.209205943191	0.1243698
278	-84.00310007687399	0.10411989
279	-83.79699421055699	0.113542974
280	-83.59088834424	0.095590174
281	-83.384782477923	0.11792595
282	-83.17867661160601	0.085813716
283	-82.972570745289	0.11384307
284	-82.76646487897199	0.11674906
285	-82.560359012655	0.09681435
286	-82.354253146338	0.10369773
287	-82.14814728002099	0.09983201
288	-81.94204141370399	0.14537711
289	-81.735935547387	0.098975435
290	-81.52982968107	0.111417
291	-81.323723814753	0.08286328
292	-81.117617948436	0.123023316
293	-80.911512082119	0.15566806
294	-80.705406215802	0.1251476
295	-80.499300349485	0.11238488
296	-80.29319448316798	0.1155675
297	-80.08708861685099	0.11024356
298	-79.88098275053399	0.11650619
299	-79.674876884217	0.09310183
300	-79.4687710179	0.0868024
301	-79.26266515158301	0.10098721
302	-79.056559285266	0.09829021
303	-78.850453418949	0.09202193
304	-78.644347552632	0.10415463
305	-78.438241686315	0.13826546
306	-78.23213581999799	0.13308713
307	-78.02602995368099	0.1291462
308	-77.819924087364	0.12295891
309	-77.613818221047	0.13719267
310	-77.40771235473	0.08635033
311	-77.201606488413	0.11829451
312	-76.995500622096	0.115008935
313	-76.789394755779	0.08411256
314	-76.583288889462	0.12286954
315	-76.377183023145	0.11168472
316	-76.17107715682799	0.12996614
317	-75.96497129051099	0.11998155
318	-75.758865424194	0.10599264
319	-75.552759557877	0.095075026
320	-75.34665369156001	0.12842916
321	-75.140547825243	0.11710544
322	-74.93444195892599	0.104257695
323	-74.728336092609	0.11547729
324	-74.522230226292	0.12759207
325	-74.316124359975	0.08114704
326	-74.110018493658	0.15114878
327	-73.90391262734099	0.08090626
328	-73.697806761024	0.1076474
329	-73.491700894707	0.13514198
330	-73.28559502839	0.087250665
331	-73.07948916207299	0.122957274
332	-72.873383295756	0.1090225
333	-72.667277429439	0.07839033
334	-72.461171563122	0.13696127
335	-72.255065696805	0.100487806
336	-72.04895983048799	0.109135546
337	-71.842853964171	0.11414377
338	-71.636748097854	0.11117842
339	-71.430642231537	0.11911394
340	-71.22453636522	0.124295406
341	-71.01843049890299	0.10782361
342	-70.812324632586	0.08864277
343	-70.606218766269	0.112296164
344	-70.400112899952	0.11846287
345	-70.194007033635	0.103635855
346	-69.98790116731799	0.11475905
347	-69.781795301001	0.097124346
348	-69.575689434684	0.1360172
349	-69.369583568367	0.121912435
350	-69.16347770205	0.13093258
351	-68.957371835733	0.11897131
352	-68.751265969416	0.13379194
353	-68.545160103099	0.11973904
354	-68.339054236782	0.124749854
355	-68.132948370465	0.122929275
356	-67.926842504148	0.097939685
357	-67.720736637831	0.122736335
358	-67.51463077151399	0.09823433
359	-67.308524905197	0.12455797
360	-67.10241903887999	0.10261102
361	-66.896313172563	0.12637514
362	-66.690207306246	0.1201437
363	-66.484101439929	0.1409494
364	-66.277995573612	0.1315742
365	-66.07188970729499	0.11181453
366	-65.865783840978	0.10358998
367	-65.659677974661	0.10360087
368	-65.453572108344	0.10922313
369	-65.247466242027	0.14012918
370	-65.04136037570998	0.11646611
371	-64.835254509393	0.10937644
372	-64.629148643076	0.094402306
373	-64.423042776759	0.10333445
374	-64.216936910442	0.10836856
375	-64.010831044125	0.12827481
376	-63.804725177807995	0.1138763
377	-63.598619311491	0.11725282
378	-63.392513445174	0.07654592
379	-63.18640757885701	0.123073764
380	-62.98030171253999	0.1131607
381	-62.774195846222995	0.12405497
382	-62.568089979906	0.12956238
383	-62.361984113589	0.103070386
384	-62.15587824727199	0.10537903
385	-61.949772380955	0.11347075
386	-61.743666514637994	0.11252894
387	-61.537560648321	0.10898213
388	-61.331454782004	0.13139375
389	-61.12534891568699	0.10157156
390	-60.919243049369996	0.122040704
391	-60.713137183053	0.09042558
392	-60.507031316736	0.106695354
393	-60.300925450419	0.10640117
394	-60.09481958410199	0.13147788
395	-59.888713717784995	0.10946323
396	-59.682607851468	0.1276376
397	-59.476501985151	0.13879086
398	-59.270396118834	0.120485626
399	-59.06429025251699	0.09745464
400	-58.858184386199994	0.11877864
401	-58.652078519883	0.109228216
402	-58.445972653566	0.09172579
403	-58.23986678724901	0.10113467
404	-58.03376092093199	0.12794429
405	-57.82765505461499	0.12242091
406	-57.621549188298	0.13613582
407	-57.415443321981	0.119845696
408	-57.209337455664006	0.12364808
409	-57.003231589346996	0.10461605
410	-56.79712572302999	0.0844526
411	-56.591019856713	0.13275035
412	-56.384913990396	0.13014448
413	-56.17880812407899	0.10795275
414	-55.972702257761995	0.12101587
415	-55.766596391445	0.10150275
416	-55.560490525128	0.11388352
417	-55.354384658811	0.108465984
418	-55.14827879249399	0.13716318
419	-54.942172926176994	0.1053856
420	-54.73606705986	0.126369
421	-54.529961193543	0.11409437
422	-54.323855327226006	0.12362482
423	-54.11774946090899	0.100422904
424	-53.91164359459199	0.10058043
425	-53.705537728275	0.0894595
426	-53.499431861958	0.10358243
427	-53.293325995641005	0.11972697
428	-53.087220129323995	0.13960488
429	-52.88111426300699	0.13018556
430	-52.67500839669	0.13283227
431	-52.468902530373	0.11785653
432	-52.262796664056005	0.12101573
433	-52.056690797738995	0.10939599
434	-51.850584931422	0.09916167
435	-51.644479065104996	0.12681755
436	-51.438373198788	0.09443284
437	-51.232267332471004	0.12812074
438	-51.026161466153994	0.10693377
439	-50.820055599837	0.10514176
440	-50.61394973352	0.12559348
441	-50.407843867203	0.12534915
442	-50.20173800088599	0.11360104
443	-49.99563213456899	0.1341754
444	-49.789526268252	0.118547074
445	-49.583420401935	0.11634744
446	-49.377314535618005	0.10561095
447	-49.17120866930099	0.11356635
448	-48.96510280298399	0.12547845
449	-48.758996936666996	0.09375034
450	-48.55289107035	0.1079261
451	-48.346785204033004	0.09831345
452	-48.140679337715994	0.117047146
453	-47.934573471399	0.10152237
454	-47.728467605081995	0.13442932
455	-47.522361738765	0.101338804
456	-47.316255872448004	0.11999094
457	-47.11015000613099	0.11981792
458	-46.904044139814	0.10474605
459	-46.697938273497	0.0976502
460	-46.49183240718	0.106554486
461	-46.285726540863	0.094963804
462	-46.07962067454599	0.10584474
463	-45.873514808229	0.11555754
464	-45.667408941912	0.12757868
465	-45.461303075595005	0.11677703
466	-45.255197209278	0.11555157
467	-45.04909134296099	0.12492229
468	-44.842985476643996	0.0832666
469	-44.636879610327	0.11466734
470	-44.430773744010004	0.117290065
471	-44.224667877692994	0.122771636
472	-44.01856201137599	0.111156486
473	-43.812456145058995	0.11751819
474	-43.606350278742	0.09012686
475	-43.400244412425	0.10642252
476	-43.19413854610799	0.11544013
477	-42.988032679791	0.099157445
478	-42.781926813473994	0.140971
479	-42.575820947157	0.102842994
480	-42.36971508084	0.13118397
481	-42.16360921452299	0.112157695
482	-41.957503348206	0.07683904
483	-41.751397481889	0.1241137
484	-41.545291615572005	0.12971109
485	-41.339185749255	0.106558
486	-41.13307988293799	0.11433753
487	-40.926974016620996	0.11846197
488	-40.720868150304	0.11805927
489	-40.514762283987004	0.09493533
490	-40.30865641767001	0.11165506
491	-40.10255055135299	0.12903982
492	-39.896444685035995	0.1220934
493	-39.690338818719	0.108971395
494	-39.484232952402	0.121872544
495	-39.27812708608501	0.09395732
496	-39.072021219768	0.11077541
497	-38.865915353450994	0.10205223
498	-38.659809487134	0.112052605
499	-38.453703620817	0.12709354
500	-38.24759775449999	0.12626481
501	-38.041491888182996	0.114991166
502	-37.835386021866	0.0700113
503	-37.629280155549	0.09643076
504	-37.423174289232	0.113122575
505	-37.21706842291499	0.09574542
506	-37.010962556597995	0.11676195
507	-36.804856690281	0.09586418
508	-36.598750823964004	0.104748815
509	-36.392644957647	0.119062044
510	-36.18653909132999	0.11632943
511	-35.980433225012995	0.1334779
512	-35.774327358696	0.11043523
513	-35.568221492379	0.1109213
514	-35.36211562606201	0.12207234
515	-35.15600975974499	0.11988249
516	-34.949903893427994	0.11342928
517	-34.743798027111	0.07854732
518	-34.537692160794	0.13570929
519	-34.331586294477006	0.11303827
520	-34.125480428159996	0.10129182
521	-33.919374561843	0.08473165
522	-33.713268695526	0.111153394
523	-33.507162829209	0.118645705
524	-33.301056962892005	0.13332583
525	-33.094951096574995	0.11260563
526	-32.888845230258	0.10431481
527	-32.682739363941	0.1017161
528	-32.476633497624	0.12482552
529	-32.27052763130699	0.08898752
530	-32.064421764989994	0.115862735
531	-31.858315898673	0.10512649
532	-31.652210032356003	0.12629361
533	-31.446104166039003	0.099731095
534	-31.239998299721993	0.10852483
535	-31.033892433404993	0.16790295
536	-30.827786567087998	0.12397323
537	-30.621680700771	0.11473929
538	-30.415574834454006	0.12399289
539	-30.209468968136992	0.120165564
540	-30.003363101819996	0.14457712
541	-29.797257235503	0.11586343
542	-29.591151369186	0.099787876
543	-29.385045502869005	0.12823118
544	-29.178939636551995	0.11906092
545	-28.972833770234995	0.10129404
546	-28.766727903918	0.10901367
547	-28.560622037601004	0.09035402
548	-28.354516171284004	0.10620965
549	-28.148410304966994	0.121239714
550	-27.942304438649998	0.12104081
551	-27.736198572333	0.11801675
552	-27.530092706016003	0.07515762
553	-27.323986839699007	0.13935964
554	-27.117880973381993	0.13282968
555	-26.911775107064997	0.10552891
556	-26.705669240748	0.11804308
557	-26.499563374431002	0.085668325
558	-26.293457508113992	0.12913448
559	-26.087351641796996	0.0973823
560	-25.881245775479996	0.115957886
561	-25.675139909163	0.08113971
562	-25.469034042846005	0.115080245
563	-25.26292817652899	0.10867037
564	-25.056822310211995	0.10616072
565	-24.850716443895	0.119219854
566	-24.644610577578	0.12684327
567	-24.438504711261004	0.114203125
568	-24.232398844943994	0.108654566
569	-24.026292978626994	0.058508582
570	-23.82018711231	0.13941287
571	-23.614081245993003	0.08570994
572	-23.407975379676007	0.14899625
573	-23.201869513358993	0.12664802
574	-22.995763647041997	0.11729576
575	-22.789657780725	0.11552618
576	-22.583551914408	0.11788522
577	-22.377446048091006	0.11477784
578	-22.171340181773996	0.10936324
579	-21.965234315456996	0.1165402
580	-21.75912844914	0.10636901
581	-21.553022582823004	0.10597946
582	-21.346916716506005	0.102875076
583	-21.140810850188995	0.1070146
584	-20.934704983872	0.101256445
585	-20.728599117555	0.112817995
586	-20.522493251238004	0.09271217
587	-20.316387384920993	0.11980255
588	-20.110281518603994	0.1023882
589	-19.904175652286998	0.07404127
590	-19.698069785970002	0.13261667
591	-19.491963919653003	0.13940024
592	-19.285858053335993	0.11769017
593	-19.079752187018997	0.095457636
594	-18.873646320701997	0.11968178
595	-18.667540454385	0.111411154
596	-18.461434588068006	0.123751506
597	-18.255328721750992	0.12705073
598	-18.049222855433996	0.12059966
599	-17.843116989117	0.104300424
600	-17.6370111228	0.14241461
601	-17.430905256483005	0.12488426
602	-17.224799390165995	0.09886426
603	-17.018693523848995	0.09028241
604	-16.812587657532	0.11273678
605	-16.606481791215003	0.11766425
606	-16.400375924898007	0.106394075
607	-16.194270058580994	0.13986592
608	-15.988164192263998	0.11041587
609	-15.782058325947	0.11786814
610	-15.575952459630004	0.11686364
611	-15.369846593313007	0.112847194
612	-15.163740726995995	0.121794455
613	-14.957634860678997	0.11930838
614	-14.751528994362001	0.12171093
615	-14.545423128045003	0.11295827
616	-14.339317261727992	0.11690758
617	-14.133211395410996	0.1145
618	-13.927105529093998	0.1042387
619	-13.720999662777002	0.0896123
620	-13.514893796460004	0.100475155
621	-13.308787930142993	0.12320282
622	-13.102682063825997	0.105998926
623	-12.896576197508999	0.12641358
624	-12.690470331192001	0.11703123
625	-12.484364464875005	0.08904554
626	-12.278258598557994	0.1176873
627	-12.072152732240996	0.11481283
628	-11.866046865924	0.09952149
629	-11.659940999607002	0.13476013
630	-11.453835133290006	0.1005408
631	-11.247729266972994	0.09574247
632	-11.041623400655997	0.10858055
633	-10.835517534339001	0.12227033
634	-10.629411668022003	0.07527559
635	-10.423305801705006	0.12752244
636	-10.217199935387995	0.11933228
637	-10.011094069070998	0.13278323
638	-9.804988202754	0.11280518
639	-9.598882336437004	0.07872376
640	-9.392776470120006	0.10501307
641	-9.18667060380301	0.098396406
642	-8.980564737486013	0.10854877
643	-8.774458871168987	0.09053114
644	-8.56835300485199	0.12050605
645	-8.362247138534993	0.09808127
646	-8.156141272217996	0.10297328
647	-7.950035405900999	0.12234852
648	-7.743929539584002	0.101535425
649	-7.537823673267005	0.112968475
650	-7.3317178069500075	0.10972915
651	-7.125611940633011	0.11290418
652	-6.919506074316014	0.09425781
653	-6.713400207998988	0.10506349
654	-6.507294341681991	0.09911029
655	-6.301188475364993	0.14570734
656	-6.095082609047997	0.11627468
657	-5.888976742731	0.120469704
658	-5.682870876414003	0.11369723
659	-5.476765010097006	0.13833585
660	-5.2706591437800085	0.14915206
661	-5.064553277463012	0.1067309
662	-4.858447411145986	0.09806779
663	-4.652341544828989	0.1405529
664	-4.446235678511992	0.08635196
665	-4.240129812194995	0.09573099
666	-4.034023945877998	0.08283535
667	-3.827918079561001	0.048493892
668	-3.621812213244004	0.11707397
669	-3.415706346927007	0.09725379
670	-3.20960048061001	0.103910334
671	-3.003494614293013	0.08838228
672	-2.797388747975987	0.14154737
673	-2.59128288165899	0.07458589
674	-2.385177015341993	0.07817948
675	-2.179071149024996	0.115891404
676	-1.972965282707999	0.061890326
677	-1.766859416391002	0.09395353
678	-1.560753550074005	0.11409177
679	-1.354647683757008	0.14348939
680	-1.148541817440011	0.09310239
681	-0.942435951123014	0.10534415
682	-0.736330084805988	0.13485986
683	-0.530224218488991	0.13121268
684	-0.32411835217199403	0.07612122
685	-0.11801248585499707	0.061119106
686	0.08809338046199991	0.09745691
687	0.2941992467789969	0.10202284
688	0.5003051130959939	0.06770611
689	0.7064109794129908	0.092093654
690	0.9125168457299878	0.098354496
691	1.118622712047014	0.109173656
692	1.3247285783640108	0.0972593
693	1.5308344446810078	0.10265198
694	1.7369403109980048	0.10052858
695	1.9430461773150018	0.11380893
696	2.149152043631999	0.107831925
697	2.3552579099489956	0.114178106
698	2.561363776265993	0.092833936
699	2.7674696425829897	0.14391235
700	2.973575508899987	0.14946146
701	3.179681375217013	0.10904485
702	3.38578724153401	0.071899965
703	3.5918931078510066	0.12240344
704	3.797998974168004	0.13345745
705	4.004104840485001	0.14178804
706	4.210210706801997	0.14185295
707	4.416316573118995	0.086858764
708	4.622422439435992	0.086312756
709	4.828528305752989	0.10994706
710	5.034634172069985	0.10753168
711	5.2407400383870115	0.124323554
712	5.446845904704008	0.09162622
713	5.652951771021006	0.12275806
714	5.859057637338003	0.098918125
715	6.065163503655	0.12662989
716	6.271269369971996	0.101727165
717	6.477375236288994	0.123648085
718	6.683481102605991	0.097050264
719	6.889586968922988	0.12953627
720	7.095692835240014	0.08249607
721	7.3017987015570105	0.1398602
722	7.507904567874007	0.1226649
723	7.714010434191005	0.1029447
724	7.920116300508002	0.13119438
725	8.126222166824999	0.11570824
726	8.332328033141996	0.09495029
727	8.538433899458992	0.10265593
728	8.74453976577599	0.0764041
729	8.950645632092986	0.08161835
730	9.156751498410012	0.100218914
731	9.36285736472701	0.14409812
732	9.568963231044007	0.102483764
733	9.775069097361003	0.09419328
734	9.981174963678	0.12256315
735	10.187280829994997	0.0953861
736	10.393386696311994	0.15816061
737	10.599492562628992	0.11614203
738	10.805598428945988	0.10070963
739	11.011704295262986	0.113805406
740	11.217810161580012	0.123591885
741	11.42391602789701	0.08485945
742	11.630021894214005	0.12127432
743	11.836127760531003	0.124486245
744	12.042233626847999	0.09443147
745	12.248339493164996	0.13168736
746	12.454445359481994	0.0889636
747	12.66055122579899	0.10346429
748	12.866657092115988	0.1081551
749	13.072762958433014	0.076553196
750	13.27886882475001	0.11581674
751	13.484974691067007	0.118804775
752	13.691080557384005	0.12156394
753	13.897186423701001	0.13565746
754	14.103292290017999	0.09765026
755	14.309398156334995	0.14244336
756	14.515504022651992	0.12627473
757	14.72160988896899	0.09299546
758	14.927715755285986	0.121703036
759	15.133821621603012	0.119659476
760	15.33992748792001	0.12567014
761	15.546033354237005	0.14519373
762	15.752139220554003	0.117801026
763	15.958245086871	0.10712133
764	16.164350953188	0.13704214
765	16.370456819504994	0.14838529
766	16.57656268582199	0.1022536
767	16.78266855213899	0.06891272
768	16.988774418456014	0.09908084
769	17.19488028477301	0.11288431
770	17.40098615109001	0.10788125
771	17.607092017407005	0.11612919
772	17.813197883724	0.12803331
773	18.019303750041	0.12992573
774	18.225409616357997	0.13727671
775	18.431515482674993	0.103140034
776	18.63762134899199	0.11039893
777	18.843727215308988	0.14402866
778	19.049833081626012	0.13560712
779	19.25593894794301	0.11041487
780	19.462044814260008	0.07307376
781	19.668150680577003	0.09142731
782	19.874256546894	0.10376151
783	20.080362413211	0.1042516
784	20.286468279527995	0.11185313
785	20.49257414584499	0.111303404
786	20.69868001216199	0.096239395
787	20.904785878478986	0.118351966
788	21.110891744796014	0.13029647
789	21.31699761111301	0.084376834
790	21.523103477430006	0.12936753
791	21.729209343747	0.12612507
792	21.935315210064	0.11012765
793	22.141421076380997	0.11960481
794	22.347526942697993	0.09983048
795	22.553632809014992	0.1255525
796	22.759738675331988	0.10854709
797	22.965844541649012	0.12659459
798	23.171950407966012	0.10777551
799	23.378056274283008	0.14335686
800	23.584162140600004	0.10072749
801	23.790268006917003	0.115957655
802	23.996373873234	0.111068085
803	24.202479739550995	0.09269644
804	24.408585605867994	0.11254453
805	24.61469147218499	0.11638366
806	24.820797338501986	0.112095036
807	25.026903204819014	0.11546551
808	25.23300907113601	0.12142676
809	25.439114937453006	0.10617184
810	25.645220803770005	0.12335006
811	25.851326670087	0.12394244
812	26.057432536403997	0.13361147
813	26.263538402720993	0.109860405
814	26.469644269037993	0.10454005
815	26.67575013535499	0.12085129
816	26.881856001671984	0.12609845
817	27.087961867989012	0.120022625
818	27.294067734306008	0.11804565
819	27.500173600623008	0.10588689
820	27.706279466940003	0.12858173
821	27.912385333257	0.08721189
822	28.118491199573995	0.13243386
823	28.324597065890995	0.090639114
824	28.53070293220799	0.10752788
825	28.736808798524986	0.11811635
826	28.942914664842014	0.12048697
827	29.14902053115901	0.09252319
828	29.355126397476006	0.086307004
829	29.561232263793006	0.12944663
830	29.76733813011	0.11846792
831	29.973443996426997	0.13076603
832	30.179549862743997	0.13539368
833	30.385655729060993	0.11807092
834	30.59176159537799	0.14095724
835	30.797867461694988	0.12650171
836	31.003973328012012	0.11918757
837	31.21007919432901	0.086659186
838	31.416185060646008	0.09066019
839	31.622290926963004	0.10894698
840	31.82839679328	0.12073368
841	32.034502659596995	0.06511757
842	32.24060852591399	0.096835665
843	32.446714392230994	0.13378163
844	32.65282025854799	0.109907486
845	32.858926124864986	0.12642662
846	33.06503199118201	0.13533147
847	33.271137857499006	0.12116414
848	33.477243723816	0.11313847
849	33.683349590133005	0.086993575
850	33.88945545645	0.114426285
851	34.095561322767	0.111045934
852	34.30166718908399	0.09838392
853	34.50777305540099	0.10420333
854	34.713878921717985	0.12803915
855	34.919984788035016	0.10550645
856	35.12609065435201	0.11067047
857	35.33219652066901	0.12546627
858	35.538302386986004	0.13183747
859	35.744408253303	0.10223838
860	35.950514119619996	0.09586412
861	36.156619985937	0.13678369
862	36.362725852253995	0.12302273
863	36.56883171857099	0.128077
864	36.77493758488799	0.09527847
865	36.98104345120501	0.10827537
866	37.18714931752201	0.09164238
867	37.39325518383901	0.111596175
868	37.599361050156006	0.1000405
869	37.805466916473	0.12387562
870	38.01157278279	0.0866432
871	38.21767864910699	0.07116875
872	38.42378451542399	0.09963682
873	38.629890381740985	0.10760379
874	38.83599624805799	0.11066489
875	39.04210211437501	0.122248985
876	39.24820798069201	0.09856418
877	39.454313847009004	0.109474964
878	39.660419713326	0.10308116
879	39.866525579642996	0.107957475
880	40.07263144596	0.11928646
881	40.278737312276995	0.11975165
882	40.48484317859399	0.10631604
883	40.69094904491099	0.120038696
884	40.89705491122801	0.11101604
885	41.10316077754501	0.09982878
886	41.30926664386201	0.13032216
887	41.515372510179006	0.14121857
888	41.721478376496	0.11904921
889	41.927584242813	0.08991189
890	42.133690109129994	0.1237627
891	42.33979597544699	0.10520454
892	42.54590184176399	0.091610774
893	42.75200770808099	0.08985684
894	42.95811357439801	0.13041559
895	43.16421944071501	0.11081882
896	43.370325307032005	0.08803895
897	43.576431173349	0.10936167
898	43.782537039666	0.097976975
899	43.988642905983	0.091909
900	44.194748772299995	0.10540486
901	44.40085463861699	0.14202343
902	44.60696050493399	0.11866726
903	44.81306637125098	0.12255238
904	45.019172237568014	0.108132906
905	45.22527810388501	0.1150347
906	45.431383970202006	0.093034536
907	45.637489836519	0.113564104
908	45.843595702836	0.08424194
909	46.049701569152994	0.13069327
910	46.25580743546999	0.0896081
911	46.46191330178699	0.13032591
912	46.66801916810399	0.10729993
913	46.87412503442101	0.13395616
914	47.08023090073801	0.10900556
915	47.286336767055005	0.10120927
916	47.492442633372	0.09334631
917	47.698548499689004	0.08484621
918	47.904654366006	0.102885365
919	48.110760232322995	0.10305268
920	48.31686609863999	0.108413085
921	48.52297196495699	0.10427651
922	48.72907783127398	0.0998669
923	48.935183697591015	0.11355753
924	49.14128956390801	0.10090395
925	49.347395430225006	0.13237464
926	49.553501296542	0.13043979
927	49.759607162859	0.10955995
928	49.965713029175994	0.08598409
929	50.171818895493	0.11184777
930	50.37792476180999	0.08873475
931	50.58403062812699	0.0841742
932	50.790136494443985	0.11881997
933	50.99624236076101	0.11033513
934	51.202348227078005	0.11944342
935	51.40845409339501	0.08120738
936	51.614559959712004	0.111079365
937	51.820665826029	0.123583004
938	52.026771692345996	0.12921238
939	52.23287755866299	0.13401273
940	52.43898342497999	0.12793204
941	52.64508929129698	0.10571824
942	52.851195157614015	0.116896756
943	53.05730102393101	0.08197298
944	53.26340689024801	0.105429634
945	53.469512756565	0.09747315
946	53.675618622882	0.12969463
947	53.881724489198994	0.09042875
948	54.087830355516	0.13271233
949	54.29393622183299	0.11669058
950	54.50004208814999	0.092946045
951	54.706147954466985	0.11434413
952	54.91225382078401	0.11635758
953	55.118359687101005	0.13195172
954	55.32446555341801	0.094308056
955	55.530571419735004	0.1273886
956	55.736677286052	0.12675272
957	55.942783152368996	0.10767855
958	56.14888901868599	0.0927102
959	56.35499488500299	0.12256945
960	56.56110075131999	0.10891163
961	56.76720661763699	0.09799695
962	56.97331248395401	0.09402842
963	57.17941835027101	0.11378965
964	57.385524216588	0.108467296
965	57.591630082905	0.09883887
966	57.797735949222	0.124414176
967	58.003841815539	0.12984034
968	58.20994768185599	0.11749702
969	58.41605354817299	0.10788377
970	58.622159414489985	0.11949648
971	58.82826528080701	0.13203032
972	59.03437114712401	0.1057273
973	59.24047701344101	0.13252959
974	59.446582879758004	0.11023995
975	59.652688746075	0.104215585
976	59.858794612391996	0.09808241
977	60.06490047870899	0.12253605
978	60.27100634502599	0.09884292
979	60.47711221134299	0.13905577
980	60.68321807765999	0.1219203
981	60.88932394397701	0.12896928
982	61.09542981029401	0.10621405
983	61.301535676611	0.13941327
984	61.507641542928	0.10915819
985	61.713747409245	0.08746198
986	61.919853275562	0.1318881
987	62.125959141878994	0.09033761
988	62.33206500819599	0.117473185
989	62.538170874512986	0.08540269
990	62.74427674082998	0.09133983
991	62.95038260714701	0.090216264
992	63.15648847346401	0.10605061
993	63.362594339781005	0.10871645
994	63.568700206098	0.13282788
995	63.774806072415	0.10271939
996	63.98091193873199	0.11443911
997	64.187017805049	0.11732771
998	64.39312367136598	0.10483552
999	64.59922953768299	0.1285674
1000	64.80533540400002	0.12558742
1001	65.01144127031701	0.11106586
1002	65.21754713663401	0.09170362
1003	65.423653002951	0.13295756
1004	65.629758869268	0.12239595
1005	65.83586473558499	0.1500672
1006	66.041970601902	0.102892116
1007	66.248076468219	0.1607758
1008	66.45418233453599	0.12564667
1009	66.66028820085299	0.12090356
1010	66.86639406717	0.105070196
1011	67.07249993348701	0.11474071
1012	67.27860579980401	0.110512644
1013	67.484711666121	0.11967809
1014	67.690817532438	0.08579728
1015	67.89692339875499	0.113520436
1016	68.103029265072	0.10879882
1017	68.30913513138898	0.0991487
1018	68.51524099770599	0.1348008
1019	68.72134686402299	0.12211713
1020	68.92745273034001	0.09775048
1021	69.13355859665701	0.12775199
1022	69.339664462974	0.12059111
1023	69.545770329291	0.13008545
1024	69.75187619560799	0.11649612
1025	69.957982061925	0.12760928
1026	70.164087928242	0.13447088
1027	70.37019379455899	0.08829245
1028	70.57629966087599	0.10369358
1029	70.782405527193	0.120064154
1030	70.98851139351001	0.1124233
1031	71.19461725982701	0.13769735
1032	71.400723126144	0.11954049
1033	71.606828992461	0.11043237
1034	71.812934858778	0.12813216
1035	72.019040725095	0.111436486
1036	72.22514659141198	0.13319394
1037	72.43125245772899	0.12534209
1038	72.63735832404599	0.09937847
1039	72.84346419036301	0.1164444
1040	73.04957005668001	0.11538129
1041	73.255675922997	0.111899674
1042	73.461781789314	0.11150196
1043	73.667887655631	0.10269863
1044	73.873993521948	0.15590262
1045	74.080099388265	0.13573739
1046	74.28620525458199	0.115163185
1047	74.49231112089899	0.10324777
1048	74.69841698721598	0.13345887
1049	74.90452285353301	0.078930676
1050	75.11062871985001	0.125116
1051	75.316734586167	0.15469466
1052	75.522840452484	0.122073725
1053	75.728946318801	0.115646176
1054	75.935052185118	0.11596625
1055	76.14115805143499	0.115890786
1056	76.34726391775199	0.06844565
1057	76.55336978406899	0.101417065
1058	76.75947565038601	0.096312076
1059	76.96558151670301	0.10775321
1060	77.17168738302	0.11599036
1061	77.377793249337	0.13296233
1062	77.583899115654	0.100564696
1063	77.790004981971	0.085451014
1064	77.996110848288	0.121814415
1065	78.20221671460499	0.11554229
1066	78.40832258092199	0.11881839
1067	78.61442844723898	0.123225704
1068	78.82053431355601	0.10465091
1069	79.02664017987301	0.10668426
1070	79.23274604619	0.12087539
1071	79.438851912507	0.12179533
1072	79.644957778824	0.11009945
1073	79.851063645141	0.114809185
1074	80.057169511458	0.11895765
1075	80.26327537777499	0.12104161
1076	80.46938124409199	0.10664934
1077	80.67548711040898	0.14887068
1078	80.88159297672601	0.10500516
1079	81.087698843043	0.13616335
1080	81.29380470936	0.105505586
1081	81.499910575677	0.12929782
1082	81.706016441994	0.09923428
1083	81.912122308311	0.10425636
1084	82.11822817462799	0.094508484
1085	82.32433404094499	0.095029056
1086	82.53043990726198	0.10420516
1087	82.73654577357901	0.10054967
1088	82.94265163989601	0.13997898
1089	83.148757506213	0.11951322
1090	83.35486337253	0.12392515
1091	83.560969238847	0.09983812
1092	83.767075105164	0.13535562
1093	83.973180971481	0.10889138
1094	84.17928683779799	0.11467243
1095	84.38539270411499	0.11205387
1096	84.59149857043198	0.14289734
1097	84.79760443674901	0.08951135
1098	85.003710303066	0.09646504
1099	85.209816169383	0.12071736
1100	85.4159220357	0.1091586
1101	85.622027902017	0.118542634
1102	85.828133768334	0.14532806
1103	86.03423963465099	0.12660097
1104	86.24034550096799	0.08882006
1105	86.446451367285	0.11528176
1106	86.65255723360198	0.105494715
1107	86.85866309991901	0.096646555
1108	87.064768966236	0.114239424
1109	87.270874832553	0.11589456
1110	87.47698069887	0.09370123
1111	87.683086565187	0.07311554
1112	87.889192431504	0.10792686
1113	88.09529829782099	0.13214645
1114	88.30140416413799	0.106087364
1115	88.50751003045498	0.10084421
1116	88.71361589677201	0.095408745
1117	88.91972176308902	0.135411
1118	89.125827629406	0.111948624
1119	89.331933495723	0.10213224
1120	89.53803936204	0.11238266
1121	89.744145228357	0.12537467
1122	89.95025109467399	0.11828089
1123	90.15635696099099	0.1148686
1124	90.362462827308	0.14269836
1125	90.56856869362498	0.09731446
1126	90.77467455994201	0.09987058
1127	90.980780426259	0.105969846
1128	91.186886292576	0.12132788
1129	91.392992158893	0.089558735
1130	91.59909802521	0.13699578
1131	91.805203891527	0.101210915
1132	92.01130975784399	0.10773286
1133	92.21741562416099	0.10024598
1134	92.42352149047798	0.12141316
1135	92.62962735679498	0.11217007
1136	92.83573322311202	0.089846775
1137	93.041839089429	0.095163286
1138	93.24794495574601	0.13597663
1139	93.454050822063	0.10892853
1140	93.66015668838	0.13282043
1141	93.86626255469699	0.08239194
1142	94.07236842101399	0.10970048
1143	94.278474287331	0.09532418
1144	94.48458015364798	0.11312072
1145	94.69068601996501	0.12717858
1146	94.896791886282	0.10668102
1147	95.102897752599	0.096557945
1148	95.30900361891601	0.08283996
1149	95.515109485233	0.09228125
1150	95.72121535155	0.08523761
1151	95.92732121786699	0.123588964
1152	96.13342708418399	0.11642981
1153	96.33953295050098	0.13955772
1154	96.54563881681798	0.09489053
1155	96.75174468313502	0.1224685
1156	96.957850549452	0.11349362
1157	97.16395641576901	0.101009846
1158	97.370062282086	0.08474543
1159	97.576168148403	0.103811614
1160	97.78227401471999	0.10305467
1161	97.98837988103699	0.13383494
1162	98.194485747354	0.11904335
1163	98.40059161367098	0.09892998
1164	98.60669747998799	0.092356496
1165	98.812803346305	0.12113254
1166	99.018909212622	0.12063232
1167	99.22501507893901	0.11698591
1168	99.431120945256	0.11084239
1169	99.637226811573	0.1490196
1170	99.84333267788999	0.0984903
1171	100.04943854420699	0.11389643
1172	100.25554441052398	0.10974984
1173	100.46165027684098	0.115578644
1174	100.66775614315802	0.110099986
1175	100.873862009475	0.11217511
1176	101.07996787579201	0.091723435
1177	101.286073742109	0.086109385
1178	101.492179608426	0.12389295
1179	101.698285474743	0.109973446
1180	101.90439134105999	0.11050003
1181	102.110497207377	0.100072525
1182	102.31660307369398	0.11268516
1183	102.52270894001099	0.13114913
1184	102.728814806328	0.087210536
1185	102.934920672645	0.08490652
1186	103.14102653896201	0.1025681
1187	103.347132405279	0.12980416
1188	103.553238271596	0.105033025
1189	103.75934413791299	0.08593546
1190	103.96545000423	0.13497728
1191	104.17155587054698	0.09436294
1192	104.37766173686398	0.10396068
1193	104.58376760318099	0.13178997
1194	104.789873469498	0.094672516
1195	104.99597933581501	0.09106171
1196	105.202085202132	0.111200094
1197	105.408191068449	0.12113953
1198	105.614296934766	0.14496277
1199	105.82040280108299	0.10442625
1200	106.0265086674	0.120957434
1201	106.23261453371698	0.1153719
1202	106.43872040003399	0.12321401
1203	106.644826266351	0.09123243
1204	106.850932132668	0.12824304
1205	107.05703799898501	0.104627706
1206	107.263143865302	0.12653731
1207	107.469249731619	0.13213313
1208	107.67535559793599	0.13837355
1209	107.881461464253	0.097536504
1210	108.08756733057	0.10851484
1211	108.29367319688699	0.12200181
1212	108.49977906320399	0.13840455
1213	108.705884929521	0.11208053
1214	108.91199079583801	0.124007955
1215	109.118096662155	0.12042828
1216	109.324202528472	0.08655187
1217	109.530308394789	0.089059085
1218	109.73641426110599	0.11672002
1219	109.942520127423	0.08476128
1220	110.14862599373998	0.10930276
1221	110.35473186005699	0.10094489
1222	110.56083772637398	0.083993495
1223	110.766943592691	0.09215257
1224	110.97304945900801	0.12959121
1225	111.179155325325	0.116439186
1226	111.385261191642	0.11963237
1227	111.59136705795899	0.08325199
1228	111.797472924276	0.10841046
1229	112.003578790593	0.13998155
1230	112.20968465690999	0.11100002
1231	112.41579052322699	0.11858909
1232	112.621896389544	0.12108138
1233	112.82800225586101	0.09965831
1234	113.034108122178	0.118216075
1235	113.240213988495	0.088420756
1236	113.446319854812	0.1328331
1237	113.65242572112899	0.12616806
1238	113.858531587446	0.10025392
1239	114.06463745376298	0.13499847
1240	114.27074332007999	0.11426712
1241	114.47684918639699	0.09997099
1242	114.68295505271401	0.12438894
1243	114.88906091903101	0.13217099
1244	115.095166785348	0.096705176
1245	115.301272651665	0.1167698
1246	115.50737851798199	0.11876524
1247	115.713484384299	0.10731359
1248	115.919590250616	0.12720644
1249	116.12569611693299	0.12184934
1250	116.33180198324999	0.12857145
1251	116.53790784956698	0.11430075
1252	116.74401371588401	0.10570608
1253	116.95011958220101	0.074845776
1254	117.156225448518	0.09929632
1255	117.362331314835	0.12244922
1256	117.56843718115199	0.1159395
1257	117.774543047469	0.1058781
1258	117.98064891378598	0.09114578
1259	118.18675478010299	0.12413312
1260	118.39286064641999	0.11913453
1261	118.59896651273701	0.10743958
1262	118.80507237905401	0.13004309
1263	119.011178245371	0.10193345
1264	119.217284111688	0.11777547
1265	119.42338997800499	0.13517378
1266	119.629495844322	0.113387465
1267	119.835601710639	0.07501777
1268	120.04170757695599	0.13000947
1269	120.24781344327299	0.097978085
1270	120.45391930958998	0.11726652
1271	120.66002517590701	0.113157675
1272	120.86613104222401	0.092691734
1273	121.072236908541	0.12187518
1274	121.278342774858	0.114622876
1275	121.48444864117499	0.120071895
1276	121.690554507492	0.12884027
1277	121.89666037380898	0.09383864
1278	122.10276624012599	0.11014651
1279	122.30887210644299	0.12598434
1280	122.51497797275998	0.10165486
1281	122.72108383907698	0.14375642
1282	122.92718970539397	0.14127746
1283	123.13329557171097	0.103759125
1284	123.33940143802796	0.13042782
1285	123.54550730434502	0.092333466
1286	123.75161317066203	0.115961224
1287	123.95771903697901	0.09417777
1288	124.16382490329602	0.11028503
1289	124.369930769613	0.13085204
1290	124.57603663593001	0.113678694
1291	124.78214250224701	0.11134844
1292	124.988248368564	0.11098968
1293	125.194354234881	0.12006346
1294	125.400460101198	0.11358693
1295	125.606565967515	0.12066668
1296	125.81267183383198	0.13326344
1297	126.01877770014899	0.08648902
1298	126.22488356646599	0.12194274
1299	126.43098943278298	0.09597814
1300	126.63709529909998	0.09972734
1301	126.84320116541697	0.1000631
1302	127.04930703173397	0.08893672
1303	127.25541289805098	0.124541566
1304	127.46151876436797	0.10382511
1305	127.66762463068503	0.13318543
1306	127.87373049700201	0.124775074
1307	128.079836363319	0.11182894
1308	128.28594222963602	0.11168309
1309	128.492048095953	0.09950364
1310	128.69815396227	0.10533066
1311	128.90425982858702	0.15937892
1312	129.110365694904	0.14031738
1313	129.316471561221	0.10986728
1314	129.52257742753798	0.10403627
1315	129.728683293855	0.121514484
1316	129.934789160172	0.10678732
1317	130.14089502648898	0.085933626
1318	130.347000892806	0.10785478
1319	130.55310675912298	0.1615354
1320	130.75921262543997	0.12663291
1321	130.96531849175696	0.14573433
1322	131.17142435807398	0.12248594
1323	131.37753022439097	0.12161838
1324	131.583636090708	0.13306962
1325	131.78974195702503	0.11117102
1326	131.99584782334202	0.11992008
1327	132.201953689659	0.10089164
1328	132.40805955597602	0.11521314
1329	132.614165422293	0.11439519
1330	132.82027128861	0.12007215
1331	133.026377154927	0.15414147
1332	133.232483021244	0.09903944
1333	133.438588887561	0.12493151
1334	133.64469475387799	0.09021519
1335	133.850800620195	0.102567
1336	134.056906486512	0.09662637
1337	134.26301235282898	0.12538043
1338	134.46911821914597	0.11137033
1339	134.675224085463	0.08180585
1340	134.88132995177997	0.13561095
1341	135.08743581809696	0.12921257
1342	135.29354168441398	0.11508639
1343	135.49964755073103	0.09347858
1344	135.70575341704802	0.12898865
1345	135.911859283365	0.11536712
1346	136.11796514968202	0.107160114
1347	136.324071015999	0.11955753
1348	136.530176882316	0.14099412
1349	136.73628274863302	0.09490142
1350	136.94238861495	0.08767481
1351	137.148494481267	0.110406525
1352	137.354600347584	0.095341235
1353	137.560706213901	0.113954574
1354	137.766812080218	0.09239682
1355	137.97291794653498	0.10526965
1356	138.179023812852	0.0996558
1357	138.38512967916898	0.107704274
1358	138.59123554548597	0.1384283
1359	138.797341411803	0.1317929
1360	139.00344727811998	0.09682298
1361	139.20955314443697	0.098619625
1362	139.41565901075396	0.10995999
1363	139.62176487707103	0.10369258
1364	139.82787074338802	0.113984026
1365	140.033976609705	0.11563006
1366	140.24008247602202	0.11016607
1367	140.446188342339	0.12117748
1368	140.652294208656	0.119195506
1369	140.858400074973	0.112897865
1370	141.06450594129	0.087312974
1371	141.270611807607	0.118160166
1372	141.47671767392399	0.11456107
1373	141.682823540241	0.12250612
1374	141.888929406558	0.098540515
1375	142.09503527287498	0.121271685
1376	142.30114113919197	0.095645696
1377	142.507247005509	0.10768313
1378	142.71335287182598	0.13242766
1379	142.91945873814296	0.12401681
1380	143.12556460445998	0.096019745
1381	143.33167047077697	0.08935198
1382	143.53777633709402	0.07559326
1383	143.74388220341103	0.12903506
1384	143.94998806972802	0.12762883
1385	144.156093936045	0.10677929
1386	144.362199802362	0.12830399
1387	144.56830566867902	0.13033597
1388	144.774411534996	0.12025833
1389	144.980517401313	0.12142684
1390	145.18662326763	0.0884777
1391	145.392729133947	0.11350166
1392	145.598835000264	0.10744156
1393	145.80494086658098	0.12121056
1394	146.011046732898	0.087245926
1395	146.21715259921498	0.12420631
1396	146.42325846553197	0.12531121
1397	146.629364331849	0.12097324
1398	146.83547019816598	0.10688331
1399	147.04157606448297	0.11353635
1400	147.24768193079996	0.11697976
1401	147.45378779711703	0.11786329
1402	147.65989366343402	0.10665052
1403	147.865999529751	0.097665384
1404	148.07210539606803	0.11908079
1405	148.278211262385	0.09870499
1406	148.484317128702	0.09781909
1407	148.690422995019	0.1045792
1408	148.896528861336	0.13042834
1409	149.102634727653	0.11905635
1410	149.30874059397	0.0950301
1411	149.514846460287	0.12580238
1412	149.720952326604	0.13675758
1413	149.92705819292098	0.10014996
1414	150.133164059238	0.12533651
1415	150.339269925555	0.10113185
1416	150.54537579187198	0.14143087
1417	150.75148165818896	0.10147774
1418	150.95758752450598	0.11941705
1419	151.16369339082297	0.11326862
1420	151.36979925713996	0.10302803
1421	151.57590512345703	0.09791459
1422	151.78201098977402	0.1327289
1423	151.988116856091	0.088290714
1424	152.194222722408	0.12844017
1425	152.40032858872502	0.11079378
1426	152.606434455042	0.095768064
1427	152.812540321359	0.12029544
1428	153.018646187676	0.10221292
1429	153.224752053993	0.10192472
1430	153.43085792031	0.11094379
1431	153.63696378662698	0.09563545
1432	153.843069652944	0.10713739
1433	154.04917551926098	0.108103305
1434	154.25528138557797	0.11659755
1435	154.461387251895	0.07762653
1436	154.66749311821198	0.12632012
1437	154.87359898452897	0.0840601
1438	155.07970485084596	0.109313585
1439	155.28581071716297	0.15683651
1440	155.49191658348002	0.11694936
1441	155.698022449797	0.13124794
1442	155.90412831611403	0.08793539
1443	156.11023418243101	0.10201174
1444	156.316340048748	0.10974169
1445	156.52244591506502	0.14256181
1446	156.728551781382	0.12075751
1447	156.934657647699	0.09119298
1448	157.140763514016	0.10277857
1449	157.346869380333	0.14324653
1450	157.55297524665	0.11649816
1451	157.75908111296698	0.10919263
1452	157.965186979284	0.111057684
1453	158.171292845601	0.10218932
1454	158.37739871191798	0.10166646
1455	158.58350457823497	0.1202796
1456	158.78961044455198	0.10192876
1457	158.99571631086897	0.11324257
1458	159.20182217718596	0.14111023
1459	159.40792804350303	0.115096755
1460	159.61403390982002	0.13029204
1461	159.820139776137	0.12768553
1462	160.026245642454	0.124121085
1463	160.23235150877102	0.112739734
1464	160.438457375088	0.12285698
1465	160.644563241405	0.14133379
1466	160.850669107722	0.13935348
1467	161.056774974039	0.08810475
1468	161.262880840356	0.12578616
1469	161.46898670667298	0.10129993
1470	161.67509257299	0.09770141
1471	161.88119843930698	0.10692599
1472	162.08730430562397	0.12146426
1473	162.293410171941	0.1261092
1474	162.49951603825798	0.13306625
1475	162.70562190457497	0.09916855
1476	162.91172777089199	0.11129228
1477	163.11783363720897	0.13095205
1478	163.32393950352596	0.14301676
1479	163.530045369843	0.1093733
1480	163.73615123616003	0.105134375
1481	163.94225710247701	0.15320957
1482	164.148362968794	0.09061276
1483	164.35446883511102	0.10978052
1484	164.560574701428	0.14137399
1485	164.766680567745	0.10914136
1486	164.972786434062	0.08361411
1487	165.178892300379	0.114954494
1488	165.384998166696	0.08972587
1489	165.59110403301298	0.1077474
1490	165.79720989933	0.13596234
1491	166.003315765647	0.115929864
1492	166.20942163196398	0.1242835
1493	166.41552749828097	0.1013628
1494	166.62163336459798	0.114536196
1495	166.82773923091497	0.115020856
1496	167.03384509723196	0.10106611
1497	167.23995096354898	0.10601766
1498	167.44605682986602	0.119878285
1499	167.652162696183	0.10920536
