	velocity	Amplitude
0	-140.993859457	0.28013533
1	-140.78775380141903	0.25921407
2	-140.581648145838	0.27067646
3	-140.375542490257	0.27247176
4	-140.16943683467602	0.22105013
5	-139.96333117909504	0.2585914
6	-139.757225523514	0.24719508
7	-139.551119867933	0.27712986
8	-139.34501421235203	0.23492843
9	-139.13890855677099	0.26121047
10	-138.93280290119	0.22378778
11	-138.72669724560902	0.27435166
12	-138.52059159002803	0.24479966
13	-138.314485934447	0.2326216
14	-138.108380278866	0.22105326
15	-137.90227462328502	0.24411903
16	-137.69616896770404	0.2794461
17	-137.490063312123	0.24073575
18	-137.28395765654201	0.24025069
19	-137.07785200096103	0.23414928
20	-136.87174634538	0.22461832
21	-136.665640689799	0.25584468
22	-136.45953503421802	0.2402803
23	-136.25342937863704	0.24708186
24	-136.047323723056	0.2186105
25	-135.841218067475	0.24778926
26	-135.63511241189403	0.27588624
27	-135.429006756313	0.23938204
28	-135.222901100732	0.21935478
29	-135.01679544515102	0.22897865
30	-134.81068978957003	0.22593805
31	-134.604584133989	0.27305052
32	-134.398478478408	0.20283884
33	-134.19237282282702	0.22382013
34	-133.98626716724604	0.20581616
35	-133.780161511665	0.22040524
36	-133.57405585608402	0.22459334
37	-133.36795020050303	0.23607516
38	-133.161844544922	0.22534573
39	-132.955738889341	0.23998886
40	-132.74963323376002	0.2198222
41	-132.54352757817904	0.21426603
42	-132.337421922598	0.19345482
43	-132.131316267017	0.26792198
44	-131.92521061143603	0.23796967
45	-131.719104955855	0.2613105
46	-131.512999300274	0.23496735
47	-131.30689364469302	0.219118
48	-131.10078798911204	0.2314708
49	-130.89468233353102	0.22775699
50	-130.68857667795	0.2904166
51	-130.48247102236903	0.24881124
52	-130.276365366788	0.29553026
53	-130.070259711207	0.21935962
54	-129.86415405562602	0.21268436
55	-129.658048400045	0.23611104
56	-129.45194274446402	0.24392928
57	-129.245837088883	0.23247322
58	-129.03973143330202	0.25269946
59	-128.833625777721	0.23404446
60	-128.62752012214	0.27395943
61	-128.421414466559	0.22919567
62	-128.215308810978	0.2357247
63	-128.00920315539702	0.24683262
64	-127.803097499816	0.24697296
65	-127.59699184423502	0.27250582
66	-127.39088618865401	0.24785587
67	-127.18478053307302	0.29329014
68	-126.97867487749201	0.23662755
69	-126.77256922191103	0.21308485
70	-126.56646356633001	0.22991794
71	-126.360357910749	0.23003368
72	-126.15425225516802	0.23653021
73	-125.948146599587	0.22835565
74	-125.74204094400602	0.24076883
75	-125.53593528842501	0.23541145
76	-125.32982963284402	0.27507433
77	-125.12372397726301	0.24419244
78	-124.917618321682	0.22126752
79	-124.71151266610102	0.21447265
80	-124.50540701052	0.2482066
81	-124.29930135493902	0.22796172
82	-124.093195699358	0.23360738
83	-123.88709004377702	0.24622776
84	-123.68098438819601	0.24063805
85	-123.47487873261501	0.24983287
86	-123.26877307703401	0.23362099
87	-123.06266742145303	0.21820581
88	-122.85656176587202	0.24942276
89	-122.650456110291	0.23498216
90	-122.44435045471002	0.22017065
91	-122.238244799129	0.22488979
92	-122.03213914354801	0.20588115
93	-121.82603348796701	0.22634597
94	-121.61992783238603	0.26717392
95	-121.41382217680501	0.22527948
96	-121.207716521224	0.2565986
97	-121.00161086564302	0.21362293
98	-120.795505210062	0.27723646
99	-120.58939955448102	0.25260237
100	-120.3832938989	0.2686193
101	-120.17718824331902	0.2209801
102	-119.97108258773801	0.22824275
103	-119.76497693215701	0.2230954
104	-119.55887127657601	0.22900401
105	-119.352765620995	0.2638848
106	-119.14665996541402	0.21109268
107	-118.940554309833	0.25902435
108	-118.73444865425202	0.25558242
109	-118.52834299867101	0.25698712
110	-118.32223734309001	0.2564763
111	-118.11613168750901	0.24887405
112	-117.91002603192803	0.2340867
113	-117.70392037634701	0.21366328
114	-117.497814720766	0.2586026
115	-117.29170906518502	0.23919669
116	-117.085603409604	0.2225423
117	-116.87949775402302	0.2374235
118	-116.67339209844201	0.24245995
119	-116.46728644286102	0.24861307
120	-116.26118078728001	0.26998258
121	-116.05507513169901	0.23236962
122	-115.84896947611801	0.2518994
123	-115.642863820537	0.25493157
124	-115.43675816495602	0.20431775
125	-115.230652509375	0.24008778
126	-115.02454685379402	0.26362598
127	-114.81844119821301	0.2528363
128	-114.61233554263201	0.22933201
129	-114.40622988705101	0.24052155
130	-114.20012423147003	0.23925652
131	-113.99401857588902	0.23773104
132	-113.787912920308	0.2308478
133	-113.58180726472702	0.21572953
134	-113.375701609146	0.23833477
135	-113.16959595356501	0.22489938
136	-112.96349029798401	0.21830408
137	-112.75738464240303	0.26353538
138	-112.55127898682201	0.23974377
139	-112.345173331241	0.2562688
140	-112.13906767566002	0.24693824
141	-111.932962020079	0.2678734
142	-111.72685636449802	0.23655528
143	-111.520750708917	0.27504703
144	-111.31464505333602	0.21504582
145	-111.10853939775501	0.21475963
146	-110.90243374217401	0.21955846
147	-110.69632808659301	0.22789216
148	-110.490222431012	0.26187342
149	-110.28411677543102	0.24538462
150	-110.07801111985	0.2609671
151	-109.87190546426902	0.21587934
152	-109.665799808688	0.26375175
153	-109.45969415310701	0.23241313
154	-109.25358849752601	0.21759816
155	-109.04748284194503	0.24553882
156	-108.84137718636401	0.23990124
157	-108.635271530783	0.23518118
158	-108.42916587520202	0.27796105
159	-108.223060219621	0.20459437
160	-108.01695456404	0.23613302
161	-107.81084890845901	0.23930548
162	-107.60474325287802	0.2251738
163	-107.39863759729701	0.23032838
164	-107.19253194171601	0.24361101
165	-106.98642628613501	0.258428
166	-106.78032063055402	0.22976774
167	-106.574214974973	0.23648934
168	-106.368109319392	0.24689634
169	-106.16200366381102	0.24984339
170	-105.95589800823001	0.24983963
171	-105.74979235264901	0.26217803
172	-105.54368669706801	0.25086445
173	-105.33758104148703	0.21984607
174	-105.13147538590601	0.22619602
175	-104.925369730325	0.21932998
176	-104.71926407474402	0.22769836
177	-104.513158419163	0.23563603
178	-104.307052763582	0.23409104
179	-104.10094710800101	0.23321378
180	-103.89484145242002	0.25672933
181	-103.68873579683901	0.22659905
182	-103.48263014125801	0.23837197
183	-103.27652448567702	0.24676923
184	-103.070418830096	0.25522473
185	-102.864313174515	0.2554306
186	-102.658207518934	0.20196363
187	-102.45210186335302	0.26647
188	-102.24599620777201	0.23029983
189	-102.03989055219101	0.22817585
190	-101.83378489661001	0.2332431
191	-101.62767924102903	0.24111132
192	-101.42157358544802	0.22923924
193	-101.215467929867	0.23314174
194	-101.00936227428602	0.25140595
195	-100.803256618705	0.22753465
196	-100.59715096312401	0.26477274
197	-100.39104530754301	0.18415777
198	-100.18493965196203	0.21815091
199	-99.97883399638101	0.21885516
200	-99.7727283408	0.24233003
201	-99.56662268521902	0.19439776
202	-99.360517029638	0.2190165
203	-99.154411374057	0.26118797
204	-98.948305718476	0.23922862
205	-98.74220006289502	0.23166713
206	-98.53609440731401	0.20440236
207	-98.32998875173301	0.2291354
208	-98.12388309615201	0.242614
209	-97.91777744057103	0.29324776
210	-97.71167178499	0.27437508
211	-97.505566129409	0.2315547
212	-97.29946047382802	0.26122287
213	-97.09335481824701	0.22078653
214	-96.88724916266601	0.24375188
215	-96.68114350708501	0.2595963
216	-96.47503785150403	0.22021802
217	-96.26893219592301	0.25808558
218	-96.062826540342	0.2878052
219	-95.85672088476102	0.26980186
220	-95.65061522918	0.23586111
221	-95.444509573599	0.20849559
222	-95.23840391801801	0.3117815
223	-95.03229826243702	0.2447978
224	-94.82619260685601	0.23507114
225	-94.62008695127501	0.2527422
226	-94.41398129569401	0.23842786
227	-94.207875640113	0.24031192
228	-94.001769984532	0.23148452
229	-93.795664328951	0.2379844
230	-93.58955867337002	0.22225724
231	-93.38345301778901	0.2275728
232	-93.17734736220801	0.23126857
233	-92.97124170662701	0.22037292
234	-92.76513605104603	0.26344353
235	-92.559030395465	0.24193881
236	-92.352924739884	0.23986235
237	-92.14681908430302	0.2554848
238	-91.940713428722	0.2569051
239	-91.73460777314101	0.27640876
240	-91.52850211756001	0.25254083
241	-91.32239646197903	0.2479161
242	-91.11629080639801	0.23262416
243	-90.91018515081701	0.24484396
244	-90.70407949523602	0.24810922
245	-90.497973839655	0.21799026
246	-90.291868184074	0.25635317
247	-90.085762528493	0.23231396
248	-89.87965687291202	0.211288
249	-89.67355121733101	0.23862064
250	-89.46744556175001	0.22685158
251	-89.26133990616901	0.26331997
252	-89.05523425058801	0.28050676
253	-88.849128595007	0.25456336
254	-88.643022939426	0.26213855
255	-88.43691728384502	0.2451781
256	-88.23081162826401	0.22562617
257	-88.02470597268301	0.22985543
258	-87.81860031710201	0.25714406
259	-87.61249466152103	0.21763135
260	-87.40638900594001	0.2393336
261	-87.200283350359	0.23239985
262	-86.99417769477802	0.26132286
263	-86.788072039197	0.26870537
264	-86.581966383616	0.24935132
265	-86.37586072803501	0.27247617
266	-86.16975507245402	0.2818082
267	-85.96364941687301	0.22285266
268	-85.75754376129201	0.25432092
269	-85.55143810571101	0.21700725
270	-85.34533245013	0.23988636
271	-85.139226794549	0.25887662
272	-84.933121138968	0.24129577
273	-84.72701548338702	0.24906735
274	-84.52090982780601	0.23644993
275	-84.31480417222501	0.22297756
276	-84.10869851664401	0.2619879
277	-83.90259286106303	0.25660968
278	-83.696487205482	0.23624484
279	-83.490381549901	0.28143585
280	-83.28427589432002	0.25193712
281	-83.078170238739	0.24412829
282	-82.87206458315801	0.26167583
283	-82.66595892757701	0.21717672
284	-82.45985327199602	0.25881514
285	-82.25374761641501	0.24640773
286	-82.04764196083401	0.23574713
287	-81.84153630525302	0.21057625
288	-81.635430649672	0.2448811
289	-81.429324994091	0.23771308
290	-81.22321933851	0.24176456
291	-81.01711368292902	0.20902815
292	-80.81100802734801	0.24295457
293	-80.60490237176701	0.25321618
294	-80.39879671618601	0.24210837
295	-80.19269106060501	0.2560714
296	-79.986585405024	0.23079999
297	-79.780479749443	0.22138263
298	-79.57437409386202	0.22734202
299	-79.368268438281	0.2583602
300	-79.16216278270001	0.30214524
301	-78.95605712711901	0.2506198
302	-78.74995147153803	0.26030755
303	-78.543845815957	0.2729007
304	-78.33774016037601	0.22752962
305	-78.13163450479502	0.23117384
306	-77.925528849214	0.22589774
307	-77.719423193633	0.23977558
308	-77.51331753805201	0.27094793
309	-77.30721188247102	0.24499413
310	-77.10110622689001	0.27949426
311	-76.89500057130901	0.27513537
312	-76.68889491572801	0.25905064
313	-76.48278926014702	0.21011512
314	-76.276683604566	0.22506127
315	-76.070577948985	0.24788773
316	-75.86447229340402	0.26656413
317	-75.65836663782301	0.23445049
318	-75.45226098224201	0.21992524
319	-75.24615532666101	0.2331523
320	-75.04004967108001	0.2223434
321	-74.83394401549901	0.20338494
322	-74.627838359918	0.24782687
323	-74.42173270433702	0.21108374
324	-74.215627048756	0.25602734
325	-74.009521393175	0.27956584
326	-73.80341573759401	0.25830057
327	-73.59731008201301	0.21998061
328	-73.39120442643201	0.28833216
329	-73.18509877085101	0.23097016
330	-72.97899311527001	0.23981576
331	-72.772887459689	0.22192915
332	-72.56678180410802	0.24674624
333	-72.360676148527	0.23028733
334	-72.15457049294601	0.2750625
335	-71.94846483736501	0.24027231
336	-71.74235918178401	0.25179034
337	-71.53625352620301	0.2717282
338	-71.33014787062201	0.22170138
339	-71.12404221504102	0.22873992
340	-70.91793655946	0.23510154
341	-70.71183090387902	0.25195292
342	-70.505725248298	0.28941432
343	-70.29961959271701	0.23615363
344	-70.09351393713601	0.22431925
345	-69.88740828155501	0.22091316
346	-69.68130262597401	0.29150945
347	-69.47519697039301	0.21928298
348	-69.26909131481202	0.21942846
349	-69.062985659231	0.2856409
350	-68.85688000365	0.21154132
351	-68.650774348069	0.25046808
352	-68.44466869248801	0.2638721
353	-68.23856303690701	0.24815853
354	-68.03245738132601	0.25681832
355	-67.82635172574501	0.2683873
356	-67.62024607016401	0.23659903
357	-67.41414041458302	0.2538359
358	-67.208034759002	0.24883348
359	-67.001929103421	0.1813483
360	-66.79582344784001	0.25727785
361	-66.58971779225901	0.24004894
362	-66.38361213667801	0.23612039
363	-66.17750648109701	0.20041144
364	-65.97140082551601	0.24870154
365	-65.76529516993502	0.24302833
366	-65.55918951435402	0.2738574
367	-65.353083858773	0.28272715
368	-65.146978203192	0.2483064
369	-64.94087254761101	0.23285042
370	-64.73476689203001	0.23652396
371	-64.52866123644901	0.3106669
372	-64.32255558086801	0.22871496
373	-64.11644992528701	0.21927051
374	-63.91034426970601	0.21559414
375	-63.70423861412502	0.225106
376	-63.49813295854401	0.26891056
377	-63.29202730296301	0.29992434
378	-63.085921647382015	0.24352711
379	-62.879815991801	0.24364905
380	-62.67371033622001	0.22750078
381	-62.467604680639006	0.21175948
382	-62.261499025058015	0.26406714
383	-62.05539336947701	0.2467278
384	-61.84928771389602	0.23999424
385	-61.64318205831501	0.22812963
386	-61.43707640273401	0.22414945
387	-61.230970747153016	0.2277816
388	-61.024865091572	0.24753986
389	-60.81875943599101	0.2187031
390	-60.61265378041001	0.21020685
391	-60.406548124829015	0.23481302
392	-60.20044246924801	0.23105381
393	-59.994336813667005	0.27450895
394	-59.78823115808601	0.22524524
395	-59.58212550250501	0.24625923
396	-59.37601984692402	0.24663715
397	-59.169914191343004	0.2539625
398	-58.96380853576201	0.24098024
399	-58.75770288018101	0.22044452
400	-58.551597224600016	0.21161473
401	-58.34549156901901	0.26815265
402	-58.139385913438005	0.25395262
403	-57.933280257857014	0.22629973
404	-57.72717460227601	0.2691814
405	-57.52106894669501	0.21633512
406	-57.314963291114005	0.2416925
407	-57.10885763553301	0.25390562
408	-56.90275197995201	0.25713184
409	-56.69664632437102	0.22693168
410	-56.49054066879001	0.26932034
411	-56.284435013209006	0.24232398
412	-56.078329357628014	0.25925976
413	-55.87222370204701	0.22309653
414	-55.66611804646601	0.26146513
415	-55.460012390885005	0.24637474
416	-55.253906735304014	0.2585752
417	-55.04780107972301	0.23818621
418	-54.84169542414202	0.23772496
419	-54.63558976856101	0.22803171
420	-54.429484112980006	0.2276576
421	-54.223378457399015	0.22262812
422	-54.01727280181801	0.24872634
423	-53.81116714623701	0.23973557
424	-53.605061490656006	0.23664461
425	-53.398955835075014	0.2803137
426	-53.19285017949401	0.24262944
427	-52.986744523913	0.22808315
428	-52.78063886833201	0.2421103
429	-52.57453321275101	0.23431349
430	-52.368427557170016	0.2635156
431	-52.162321901589	0.23157129
432	-51.95621624600801	0.27161646
433	-51.750110590427006	0.263079
434	-51.544004934846015	0.23704123
435	-51.33789927926501	0.23321882
436	-51.131793623684004	0.26505646
437	-50.92568796810301	0.26513758
438	-50.71958231252201	0.26397035
439	-50.513476656941016	0.2532775
440	-50.30737100136	0.2353768
441	-50.10126534577901	0.21525191
442	-49.89515969019801	0.24403109
443	-49.689054034617016	0.22974141
444	-49.48294837903601	0.30412993
445	-49.276842723455005	0.21726565
446	-49.07073706787401	0.22219588
447	-48.86463141229301	0.20050451
448	-48.65852575671202	0.24874622
449	-48.452420101131004	0.23506045
450	-48.24631444555001	0.22393975
451	-48.04020878996901	0.2345295
452	-47.834103134388016	0.24560311
453	-47.62799747880701	0.2517082
454	-47.421891823226005	0.25490367
455	-47.215786167645014	0.23891136
456	-47.00968051206401	0.24372171
457	-46.80357485648302	0.23341608
458	-46.597469200902005	0.2508407
459	-46.39136354532101	0.28532267
460	-46.18525788974001	0.22960778
461	-45.979152234159	0.25218242
462	-45.77304657857801	0.22952533
463	-45.566940922997006	0.271084
464	-45.360835267416014	0.2510158
465	-45.15472961183501	0.26335847
466	-44.94862395625401	0.24392836
467	-44.742518300673005	0.23931447
468	-44.536412645092014	0.23110709
469	-44.33030698951101	0.26339784
470	-44.12420133393	0.24150044
471	-43.91809567834901	0.24538839
472	-43.711990022768006	0.276914
473	-43.505884367187015	0.24900705
474	-43.29977871160601	0.24568102
475	-43.09367305602501	0.20797491
476	-42.887567400444006	0.24036881
477	-42.681461744863014	0.23040938
478	-42.47535608928201	0.24556215
479	-42.269250433701	0.22735535
480	-42.06314477812001	0.22971326
481	-41.85703912253901	0.20784488
482	-41.650933466958016	0.22193898
483	-41.44482781137701	0.24969545
484	-41.23872215579601	0.22503921
485	-41.032616500215006	0.23714958
486	-40.826510844634015	0.24538055
487	-40.62040518905301	0.23827422
488	-40.414299533472004	0.2562012
489	-40.20819387789101	0.23585373
490	-40.00208822231001	0.23541677
491	-39.795982566729016	0.2197121
492	-39.589876911148004	0.23806821
493	-39.38377125556701	0.24480535
494	-39.17766559998601	0.28596446
495	-38.971559944405	0.25711507
496	-38.76545428882401	0.21077836
497	-38.559348633243005	0.2105041
498	-38.35324297766201	0.23269793
499	-38.14713732208101	0.22939388
500	-37.94103166650002	0.2647044
501	-37.734926010919004	0.26253363
502	-37.52882035533801	0.21220526
503	-37.32271469975701	0.23494947
504	-37.116609044176	0.21045117
505	-36.91050338859501	0.25156045
506	-36.704397733014005	0.24646178
507	-36.498292077433014	0.20353414
508	-36.29218642185201	0.23371345
509	-36.08608076627102	0.18960324
510	-35.879975110690005	0.2161451
511	-35.67386945510901	0.2284131
512	-35.46776379952801	0.24520926
513	-35.261658143947	0.23362193
514	-35.05555248836601	0.22175008
515	-34.849446832785006	0.24846303
516	-34.643341177204015	0.23399478
517	-34.43723552162301	0.27032074
518	-34.23112986604202	0.22135116
519	-34.025024210461005	0.2218706
520	-33.818918554880014	0.23904306
521	-33.61281289929901	0.26220432
522	-33.406707243718	0.2626372
523	-33.20060158813701	0.21489254
524	-32.994495932556006	0.24503699
525	-32.788390276975015	0.2524902
526	-32.58228462139401	0.21274869
527	-32.37617896581301	0.25655836
528	-32.170073310232006	0.23175007
529	-31.963967654651018	0.21866904
530	-31.75786199907001	0.23726837
531	-31.551756343489004	0.23747946
532	-31.345650687908012	0.22255999
533	-31.139545032327007	0.2265472
534	-30.933439376746012	0.24095045
535	-30.727333721165007	0.20701121
536	-30.521228065584015	0.24233079
537	-30.31512241000301	0.23726077
538	-30.109016754422	0.2333624
539	-29.90291109884101	0.25345707
540	-29.696805443260004	0.23046051
541	-29.490699787679013	0.21596406
542	-29.284594132098004	0.25013402
543	-29.078488476517013	0.22905858
544	-28.872382820936007	0.2266946
545	-28.666277165355016	0.24763894
546	-28.46017150977401	0.2608931
547	-28.254065854193	0.20590672
548	-28.04796019861201	0.21859871
549	-27.841854543031005	0.2352522
550	-27.635748887450013	0.19837222
551	-27.429643231869004	0.22320047
552	-27.223537576288013	0.22519895
553	-27.017431920707008	0.2274678
554	-26.811326265126016	0.23356333
555	-26.605220609545007	0.25107983
556	-26.399114953964002	0.26619354
557	-26.19300929838301	0.22591625
558	-25.986903642802005	0.2667091
559	-25.780797987221014	0.22422288
560	-25.574692331640005	0.22492102
561	-25.368586676059014	0.22286509
562	-25.16248102047801	0.24711888
563	-24.956375364897017	0.23769562
564	-24.750269709316008	0.21488029
565	-24.544164053735003	0.27125353
566	-24.33805839815401	0.2519848
567	-24.131952742573006	0.24447088
568	-23.925847086992015	0.29852733
569	-23.719741431411006	0.21739554
570	-23.513635775830014	0.2092251
571	-23.30753012024901	0.24896853
572	-23.101424464668003	0.25370377
573	-22.89531880908701	0.24919574
574	-22.689213153506003	0.25675377
575	-22.483107497925012	0.2152126
576	-22.277001842344006	0.22362769
577	-22.07089618676301	0.23438516
578	-21.864790531182006	0.27891243
579	-21.658684875601015	0.2919736
580	-21.45257922002001	0.23361652
581	-21.246473564439	0.22326414
582	-21.04036790885801	0.23048021
583	-20.834262253277004	0.23440507
584	-20.628156597696012	0.26924583
585	-20.422050942115007	0.25369874
586	-20.215945286534012	0.2409092
587	-20.009839630953007	0.21303903
588	-19.803733975372015	0.24402343
589	-19.59762831979101	0.19398925
590	-19.39152266421	0.22474316
591	-19.18541700862901	0.2147143
592	-18.979311353048004	0.21453984
593	-18.773205697467013	0.22546193
594	-18.567100041886007	0.24239467
595	-18.360994386305013	0.246778
596	-18.154888730724007	0.24986772
597	-17.948783075143016	0.24230346
598	-17.74267741956201	0.21777658
599	-17.536571763981	0.2487071
600	-17.33046610840001	0.21099418
601	-17.124360452819005	0.22929771
602	-16.918254797238014	0.24469909
603	-16.712149141657004	0.21803756
604	-16.506043486076013	0.25477457
605	-16.299937830495008	0.22329944
606	-16.093832174914002	0.26223266
607	-15.88772651933301	0.23924774
608	-15.681620863752004	0.23965776
609	-15.47551520817101	0.21003003
610	-15.269409552590005	0.22217892
611	-15.063303897009012	0.21250984
612	-14.857198241428007	0.25365216
613	-14.651092585847014	0.29120773
614	-14.444986930266008	0.26487255
615	-14.238881274685001	0.25735852
616	-14.03277561910401	0.2256734
617	-13.826669963523003	0.23765294
618	-13.620564307942011	0.24198943
619	-13.414458652361006	0.227932
620	-13.208352996780013	0.24840716
621	-13.002247341199007	0.24459797
622	-12.796141685618014	0.23536041
623	-12.590036030037009	0.23170078
624	-12.383930374456002	0.2505312
625	-12.17782471887501	0.2034793
626	-11.971719063294003	0.18820246
627	-11.765613407713012	0.2657278
628	-11.559507752132005	0.25799567
629	-11.353402096551013	0.23845637
630	-11.147296440970008	0.21957223
631	-10.941190785389015	0.2502235
632	-10.73508512980801	0.26285464
633	-10.528979474227002	0.25873923
634	-10.322873818646011	0.25830376
635	-10.116768163065004	0.238711
636	-9.910662507483998	0.21952617
637	-9.704556851903005	0.21050039
638	-9.498451196322014	0.26715234
639	-9.292345540741023	0.2264845
640	-9.086239885160001	0.2557318
641	-8.88013422957901	0.2154229
642	-8.674028573998017	0.23188308
643	-8.467922918416996	0.21287009
644	-8.261817262836004	0.25972188
645	-8.055711607255013	0.22789626
646	-7.849605951674021	0.22811337
647	-7.643500296092999	0.23909009
648	-7.437394640512008	0.2819646
649	-7.231288984931016	0.23337969
650	-7.025183329349995	0.24045956
651	-6.819077673769003	0.22454357
652	-6.612972018188011	0.29392874
653	-6.406866362607019	0.19039428
654	-6.2007607070259985	0.25345266
655	-5.994655051445006	0.20894057
656	-5.788549395864014	0.2295499
657	-5.582443740283023	0.21549097
658	-5.3763380847020015	0.27744073
659	-5.170232429121009	0.2745766
660	-4.964126773540018	0.24566498
661	-4.758021117958997	0.21275216
662	-4.551915462378005	0.24796738
663	-4.345809806797013	0.23614037
664	-4.139704151216021	0.22211523
665	-3.933598495635	0.2468892
666	-3.7274928400540084	0.20188677
667	-3.5213871844730167	0.23062748
668	-3.3152815288919957	0.1883032
669	-3.1091758733110035	0.21092856
670	-2.903070217730012	0.19640394
671	-2.6969645621490197	0.20979711
672	-2.490858906567999	0.2424624
673	-2.284753250987007	0.21882032
674	-2.0786475954060153	0.23360178
675	-1.8725419398249943	0.21211216
676	-1.6664362842440024	0.20003816
677	-1.4603306286630104	0.25186655
678	-1.2542249730820185	0.17251723
679	-1.0481193175009975	0.28505027
680	-0.8420136619200057	0.21635649
681	-0.6359080063390138	0.27556306
682	-0.4298023507580219	0.21774416
683	-0.22369669517700094	0.25526145
684	-0.017591039596009068	0.25299573
685	0.18851461598498281	0.23398921
686	0.39462027156600377	0.21054369
687	0.6007259271469957	0.23602587
688	0.8068315827279876	0.23048787
689	1.0129372383089794	0.2281613
690	1.2190428938900004	0.22425662
691	1.4251485494709923	0.2663866
692	1.6312542050519843	0.24623726
693	1.837359860633005	0.22676198
694	2.043465516213997	0.23750949
695	2.249571171794989	0.22821945
696	2.4556768273759806	0.23210189
697	2.6617824829570016	0.2456043
698	2.8678881385379937	0.22972669
699	3.0739937941189854	0.21742338
700	3.2800994497000064	0.22580278
701	3.4862051052809986	0.19008899
702	3.6923107608619903	0.22407763
703	3.898416416442982	0.23901248
704	4.104522072024003	0.23609668
705	4.310627727604995	0.19340588
706	4.516733383185987	0.2508422
707	4.7228390387669785	0.22223914
708	4.928944694348	0.17237547
709	5.135050349928991	0.19388947
710	5.341156005509983	0.23627537
711	5.547261661091005	0.22458842
712	5.753367316671996	0.19114456
713	5.959472972252988	0.21635957
714	6.16557862783398	0.190136
715	6.371684283415001	0.23783045
716	6.577789938995993	0.18728873
717	6.783895594576985	0.19995645
718	6.990001250158006	0.21648349
719	7.196106905738998	0.21163575
720	7.40221256131999	0.24810942
721	7.608318216900981	0.19591445
722	7.814423872482003	0.19668272
723	8.020529528062994	0.2385479
724	8.226635183643987	0.25213724
725	8.432740839224978	0.20874232
726	8.638846494806	0.25855073
727	8.844952150386991	0.21589613
728	9.051057805967982	0.22326359
729	9.257163461549004	0.2263621
730	9.463269117129995	0.23886381
731	9.669374772710988	0.22632976
732	9.87548042829198	0.25311
733	10.081586083873	0.22988811
734	10.287691739453992	0.21586882
735	10.493797395034985	0.2433344
736	10.699903050616005	0.22987528
737	10.906008706196998	0.25216347
738	11.112114361777989	0.25077274
739	11.31822001735898	0.258897
740	11.524325672940002	0.22664022
741	11.730431328520993	0.2358336
742	11.936536984101986	0.23758954
743	12.142642639683007	0.24936043
744	12.348748295263999	0.19812101
745	12.55485395084499	0.24803415
746	12.760959606425983	0.2617011
747	12.967065262007003	0.27199572
748	13.173170917587996	0.26182193
749	13.379276573168987	0.18707615
750	13.585382228749978	0.22417283
751	13.791487884331	0.25243726
752	13.99759353991199	0.21851778
753	14.203699195492984	0.22901379
754	14.409804851074005	0.24451256
755	14.615910506654997	0.24545701
756	14.822016162235988	0.24608758
757	15.02812181781698	0.2255521
758	15.234227473398	0.24087739
759	15.440333128978994	0.24519835
760	15.646438784559985	0.24236509
761	15.852544440141006	0.23407657
762	16.058650095721998	0.23349877
763	16.26475575130299	0.26573566
764	16.47086140688398	0.24015918
765	16.676967062465003	0.2416093
766	16.883072718045995	0.20261188
767	17.089178373626986	0.24491237
768	17.295284029207977	0.24618344
769	17.501389684789	0.24088225
770	17.70749534036999	0.2666347
771	17.913600995950983	0.21553057
772	18.119706651532002	0.2675834
773	18.325812307112997	0.26717487
774	18.53191796269399	0.23258443
775	18.73802361827498	0.23468097
776	18.944129273856	0.2580163
777	19.15023492943699	0.2978923
778	19.356340585017985	0.21446408
779	19.562446240599005	0.23800933
780	19.768551896179996	0.2503116
781	19.974657551760988	0.26196846
782	20.180763207341982	0.23849256
783	20.386868862923002	0.2534823
784	20.592974518503993	0.25483057
785	20.799080174084985	0.25132787
786	21.005185829666008	0.21268122
787	21.211291485247	0.23929727
788	21.41739714082799	0.22312768
789	21.62350279640898	0.25467184
790	21.829608451990005	0.20184559
791	22.035714107570996	0.24122995
792	22.241819763151987	0.20369594
793	22.44792541873298	0.25293675
794	22.654031074314	0.24587068
795	22.860136729894993	0.2575162
796	23.066242385475984	0.27314445
797	23.272348041057004	0.22995645
798	23.478453696637995	0.20312226
799	23.68455935221899	0.24501015
800	23.89066500779998	0.2629748
801	24.096770663381	0.23295942
802	24.302876318961992	0.21759789
803	24.508981974542984	0.2652798
804	24.715087630124007	0.21499623
805	24.921193285704998	0.26626304
806	25.12729894128599	0.23108503
807	25.33340459686698	0.27789658
808	25.539510252448004	0.21909028
809	25.745615908028995	0.24718519
810	25.951721563609986	0.2103008
811	26.157827219191006	0.23725195
812	26.363932874772	0.22952145
813	26.570038530352992	0.2246911
814	26.776144185933983	0.2758458
815	26.982249841515003	0.27483708
816	27.188355497095994	0.22840129
817	27.39446115267699	0.26400924
818	27.60056680825798	0.21854942
819	27.806672463839	0.24151252
820	28.01277811941999	0.17319898
821	28.218883775000986	0.22885057
822	28.424989430582006	0.24325567
823	28.631095086162997	0.2268228
824	28.837200741743988	0.21595189
825	29.04330639732498	0.23709446
826	29.249412052906003	0.23176177
827	29.455517708486994	0.3034017
828	29.661623364067985	0.27264264
829	29.86772901964901	0.27480885
830	30.07383467523	0.3004841
831	30.27994033081099	0.2659225
832	30.486045986391982	0.2316414
833	30.692151641973002	0.27098045
834	30.898257297553997	0.22699134
835	31.104362953134988	0.24221726
836	31.31046860871598	0.22806455
837	31.516574264297	0.23110898
838	31.72267991987799	0.24016444
839	31.928785575458985	0.20488834
840	32.13489123104001	0.2587863
841	32.340996886621	0.23701623
842	32.54710254220199	0.24043356
843	32.75320819778298	0.22031096
844	32.959313853364	0.23418653
845	33.16541950894499	0.24590974
846	33.371525164525984	0.23177105
847	33.577630820107004	0.24350923
848	33.783736475687995	0.24168512
849	33.989842131268986	0.25145227
850	34.195947786849985	0.2677404
851	34.402053442431004	0.22997433
852	34.608159098011996	0.24609002
853	34.81426475359299	0.24409664
854	35.02037040917401	0.21078154
855	35.226476064755	0.21822916
856	35.43258172033599	0.2401061
857	35.63868737591698	0.27563938
858	35.84479303149801	0.26367593
859	36.050898687079	0.23822099
860	36.25700434265999	0.22585495
861	36.46310999824098	0.22855602
862	36.669215653822	0.26972705
863	36.87532130940299	0.24156885
864	37.08142696498398	0.2160798
865	37.287532620565	0.2402372
866	37.493638276145994	0.27252364
867	37.69974393172699	0.25408778
868	37.90584958730798	0.2724888
869	38.111955242889	0.2255016
870	38.318060898469994	0.25783563
871	38.524166554050986	0.24949917
872	38.730272209632005	0.24744993
873	38.936377865213	0.22495939
874	39.14248352079399	0.27112633
875	39.34858917637498	0.22571944
876	39.554694831956006	0.24608448
877	39.760800487537	0.24784924
878	39.96690614311799	0.24222428
879	40.17301179869901	0.25027394
880	40.37911745428	0.22725445
881	40.58522310986099	0.2540108
882	40.79132876544198	0.27222815
883	40.997434421023	0.23831789
884	41.203540076604	0.27975678
885	41.40964573218499	0.20977247
886	41.61575138776598	0.2345884
887	41.821857043347	0.23363292
888	42.02796269892799	0.22664458
889	42.234068354508985	0.23540492
890	42.440174010090004	0.22316566
891	42.646279665670995	0.22809714
892	42.85238532125199	0.23919259
893	43.058490976832985	0.25256687
894	43.264596632414005	0.22293721
895	43.470702287994996	0.2367804
896	43.67680794357599	0.213421
897	43.88291359915701	0.21232143
898	44.089019254738	0.25335795
899	44.29512491031899	0.28493452
900	44.50123056589998	0.22365357
901	44.70733622148101	0.24435313
902	44.913441877062	0.2333159
903	45.11954753264299	0.24049358
904	45.32565318822398	0.23703466
905	45.531758843805	0.25629753
906	45.73786449938599	0.25491577
907	45.94397015496698	0.24184239
908	46.150075810548	0.22526087
909	46.356181466128994	0.22343625
910	46.562287121709986	0.30008298
911	46.768392777290984	0.25473583
912	46.974498432872004	0.23720792
913	47.180604088452995	0.21300629
914	47.386709744033986	0.2668254
915	47.592815399615006	0.2148581
916	47.798921055196	0.28068566
917	48.00502671077699	0.2122971
918	48.21113236635798	0.20592359
919	48.417238021939006	0.23018482
920	48.62334367752	0.22852774
921	48.82944933310099	0.25596005
922	49.03555498868201	0.24860021
923	49.241660644263	0.2494453
924	49.44776629984399	0.2444062
925	49.65387195542498	0.26834267
926	49.859977611006	0.22974771
927	50.06608326658699	0.26419625
928	50.27218892216799	0.20857255
929	50.47829457774898	0.23570845
930	50.68440023333	0.23024717
931	50.890505888910994	0.215986
932	51.096611544491985	0.2409029
933	51.302717200073005	0.21449482
934	51.508822855653996	0.25241426
935	51.71492851123499	0.26222798
936	51.92103416681598	0.24242805
937	52.127139822397005	0.23566754
938	52.333245477978	0.23668545
939	52.53935113355899	0.2270158
940	52.74545678914001	0.2259147
941	52.951562444721	0.2650078
942	53.15766810030199	0.2555975
943	53.36377375588298	0.22146957
944	53.569879411464	0.23790191
945	53.775985067045	0.24780083
946	53.98209072262599	0.2906387
947	54.18819637820698	0.24592118
948	54.394302033788	0.26261702
949	54.60040768936899	0.22140607
950	54.806513344949984	0.26804775
951	55.012619000531004	0.22932181
952	55.218724656111995	0.21576248
953	55.424830311692986	0.25003254
954	55.630935967273984	0.23272587
955	55.837041622855004	0.2317982
956	56.043147278435995	0.24363825
957	56.24925293401699	0.28443187
958	56.455358589598006	0.2588012
959	56.661464245179	0.2594666
960	56.86756990075999	0.24270439
961	57.07367555634098	0.22988057
962	57.27978121192201	0.22758055
963	57.485886867503	0.2519475
964	57.69199252308399	0.25103897
965	57.89809817866501	0.24118721
966	58.104203834246	0.24235387
967	58.31030948982699	0.2422898
968	58.51641514540798	0.21210517
969	58.722520800989	0.20705824
970	58.928626456569994	0.22921713
971	59.134732112150985	0.24837749
972	59.34083776773198	0.2814293
973	59.546943423313	0.23989148
974	59.753049078893994	0.2462098
975	59.959154734474986	0.21758372
976	60.165260390056005	0.26300374
977	60.371366045637	0.25068372
978	60.57747170121799	0.23508322
979	60.78357735679898	0.25032297
980	60.989683012380006	0.24873647
981	61.195788667961	0.2576289
982	61.40189432354199	0.2615283
983	61.60799997912301	0.22740486
984	61.814105634704	0.2299415
985	62.02021129028499	0.26197934
986	62.22631694586598	0.24384876
987	62.432422601447	0.22600874
988	62.63852825702799	0.22596282
989	62.84463391260899	0.24215704
990	63.05073956819001	0.2513506
991	63.256845223771	0.24504626
992	63.46295087935199	0.25545764
993	63.669056534932984	0.24681872
994	63.875162190514004	0.2263346
995	64.081267846095	0.24417813
996	64.28737350167599	0.22987585
997	64.49347915725698	0.19805399
998	64.699584812838	0.24383685
999	64.905690468419	0.21524702
1000	65.11179612399998	0.24994205
1001	65.317901779581	0.26972824
1002	65.524007435162	0.23620039
1003	65.73011309074299	0.22788258
1004	65.93621874632399	0.22487864
1005	66.142324401905	0.25941572
1006	66.348430057486	0.23177959
1007	66.55453571306698	0.25374746
1008	66.76064136864801	0.2394242
1009	66.966747024229	0.26287836
1010	67.17285267980999	0.25035265
1011	67.37895833539099	0.24997951
1012	67.585063990972	0.21910767
1013	67.791169646553	0.25044388
1014	67.99727530213399	0.2432133
1015	68.20338095771498	0.26023152
1016	68.409486613296	0.23995166
1017	68.615592268877	0.2403311
1018	68.82169792445798	0.23475596
1019	69.027803580039	0.20708406
1020	69.23390923562	0.24752516
1021	69.44001489120099	0.23765408
1022	69.64612054678199	0.22291334
1023	69.852226202363	0.27315423
1024	70.058331857944	0.21570066
1025	70.26443751352498	0.22492048
1026	70.47054316910601	0.23394157
1027	70.67664882468699	0.23880506
1028	70.88275448026799	0.21054931
1029	71.08886013584899	0.19928572
1030	71.29496579143	0.23979117
1031	71.501071447011	0.22769691
1032	71.70717710259198	0.2316242
1033	71.91328275817301	0.26399785
1034	72.119388413754	0.20825905
1035	72.325494069335	0.25524485
1036	72.53159972491598	0.28062508
1037	72.737705380497	0.22205257
1038	72.943811036078	0.24105676
1039	73.14991669165899	0.24959125
1040	73.35602234723999	0.21072991
1041	73.562128002821	0.23834217
1042	73.768233658402	0.23135622
1043	73.97433931398298	0.26437008
1044	74.18044496956401	0.23219885
1045	74.386550625145	0.2291888
1046	74.59265628072599	0.25905806
1047	74.79876193630699	0.26965463
1048	75.004867591888	0.2534248
1049	75.210973247469	0.25548807
1050	75.41707890304998	0.24328387
1051	75.62318455863101	0.24239017
1052	75.829290214212	0.22272073
1053	76.03539586979299	0.24764892
1054	76.24150152537399	0.23490086
1055	76.447607180955	0.25145736
1056	76.653712836536	0.23365013
1057	76.85981849211699	0.24577744
1058	77.06592414769798	0.24819674
1059	77.272029803279	0.22720595
1060	77.47813545886	0.24110137
1061	77.68424111444098	0.25382736
1062	77.890346770022	0.24217553
1063	78.096452425603	0.25290293
1064	78.30255808118399	0.23416144
1065	78.50866373676499	0.2019308
1066	78.714769392346	0.2213306
1067	78.920875047927	0.21658683
1068	79.12698070350798	0.253814
1069	79.33308635908901	0.24111035
1070	79.53919201467	0.2363671
1071	79.74529767025099	0.2664845
1072	79.95140332583199	0.23920487
1073	80.157508981413	0.25139615
1074	80.363614636994	0.23450448
1075	80.56972029257498	0.20951319
1076	80.77582594815601	0.24727468
1077	80.981931603737	0.19770798
1078	81.188037259318	0.22578411
1079	81.39414291489898	0.22753513
1080	81.60024857048	0.26309848
1081	81.806354226061	0.23190343
1082	82.01245988164199	0.27813083
1083	82.21856553722299	0.22347394
1084	82.424671192804	0.27140862
1085	82.630776848385	0.21083066
1086	82.83688250396598	0.22222768
1087	83.04298815954701	0.22493018
1088	83.24909381512799	0.22365329
1089	83.45519947070899	0.22626445
1090	83.66130512628999	0.23310527
1091	83.867410781871	0.22898065
1092	84.073516437452	0.23589078
1093	84.27962209303298	0.24730653
1094	84.48572774861401	0.24157506
1095	84.691833404195	0.221737
1096	84.897939059776	0.21748942
1097	85.10404471535698	0.2533832
1098	85.310150370938	0.23343529
1099	85.516256026519	0.23349902
1100	85.72236168209999	0.22323756
1101	85.92846733768101	0.25776532
1102	86.134572993262	0.22655293
1103	86.340678648843	0.22446533
1104	86.54678430442398	0.2793511
1105	86.752889960005	0.2317586
1106	86.958995615586	0.24568088
1107	87.16510127116699	0.23207682
1108	87.37120692674799	0.26917827
1109	87.577312582329	0.23186192
1110	87.78341823791	0.23350833
1111	87.98952389349098	0.2647853
1112	88.19562954907201	0.22991627
1113	88.401735204653	0.29706445
1114	88.60784086023399	0.23104668
1115	88.81394651581499	0.19446261
1116	89.020052171396	0.24848448
1117	89.226157826977	0.24183151
1118	89.43226348255799	0.22118695
1119	89.63836913813901	0.2489409
1120	89.84447479372	0.26871645
1121	90.050580449301	0.30384287
1122	90.25668610488198	0.21134876
1123	90.462791760463	0.23985936
1124	90.668897416044	0.21333522
1125	90.87500307162499	0.23979054
1126	91.08110872720599	0.24618782
1127	91.287214382787	0.26026282
1128	91.493320038368	0.25513366
1129	91.69942569394898	0.25692242
1130	91.90553134953001	0.2164297
1131	92.11163700511099	0.26367262
1132	92.31774266069199	0.22675303
1133	92.52384831627299	0.2324352
1134	92.729953971854	0.22343957
1135	92.936059627435	0.21794581
1136	93.14216528301598	0.19874035
1137	93.34827093859701	0.26097912
1138	93.554376594178	0.24075931
1139	93.760482249759	0.232952
1140	93.96658790533998	0.23867553
1141	94.172693560921	0.19920997
1142	94.378799216502	0.24052614
1143	94.58490487208299	0.25976387
1144	94.79101052766401	0.24910197
1145	94.997116183245	0.2505245
1146	95.203221838826	0.21143194
1147	95.40932749440698	0.26189068
1148	95.61543314998801	0.24273972
1149	95.82153880556899	0.26127815
1150	96.02764446114999	0.2612392
1151	96.23375011673099	0.19820543
1152	96.439855772312	0.23050286
1153	96.645961427893	0.22681546
1154	96.85206708347398	0.255886
1155	97.05817273905501	0.22818601
1156	97.264278394636	0.24342786
1157	97.47038405021699	0.25655508
1158	97.67648970579798	0.25260636
1159	97.882595361379	0.22751467
1160	98.08870101696	0.2183339
1161	98.29480667254099	0.19848305
1162	98.50091232812201	0.2602022
1163	98.707017983703	0.22871567
1164	98.913123639284	0.23198871
1165	99.11922929486498	0.25108123
1166	99.325334950446	0.25906777
1167	99.531440606027	0.26373816
1168	99.73754626160799	0.27775267
1169	99.94365191718899	0.21395193
1170	100.14975757277	0.27983296
1171	100.355863228351	0.24189448
1172	100.56196888393198	0.265791
1173	100.76807453951301	0.23846182
1174	100.974180195094	0.23120491
1175	101.18028585067499	0.27879533
1176	101.38639150625599	0.28147882
1177	101.592497161837	0.24862705
1178	101.798602817418	0.25375515
1179	102.00470847299898	0.22952703
1180	102.21081412858001	0.2085712
1181	102.416919784161	0.27723524
1182	102.623025439742	0.23338936
1183	102.82913109532298	0.25350967
1184	103.035236750904	0.21065815
1185	103.241342406485	0.2322822
1186	103.44744806206599	0.21892633
1187	103.65355371764701	0.27976605
1188	103.859659373228	0.26250002
1189	104.065765028809	0.25101343
1190	104.27187068438998	0.24477232
1191	104.47797633997101	0.28337434
1192	104.68408199555199	0.22887218
1193	104.89018765113299	0.22687103
1194	105.09629330671399	0.26166272
1195	105.302398962295	0.22665153
1196	105.508504617876	0.22411421
1197	105.71461027345698	0.23012505
1198	105.92071592903801	0.21552336
1199	106.126821584619	0.26299262
1200	106.3329272402	0.22483732
1201	106.53903289578098	0.2521747
1202	106.745138551362	0.2526589
1203	106.951244206943	0.24471404
1204	107.15734986252399	0.25485617
1205	107.36345551810501	0.2242038
1206	107.569561173686	0.2515632
1207	107.775666829267	0.23152342
1208	107.98177248484798	0.25292045
1209	108.187878140429	0.23537897
1210	108.39398379600999	0.23323752
1211	108.60008945159099	0.22774474
1212	108.80619510717202	0.23892218
1213	109.012300762753	0.26634118
1214	109.218406418334	0.23616697
1215	109.42451207391498	0.24767494
1216	109.63061772949601	0.20068237
1217	109.836723385077	0.24719639
1218	110.04282904065799	0.23247662
1219	110.24893469623898	0.23355196
1220	110.45504035182	0.25197285
1221	110.661146007401	0.2250235
1222	110.86725166298199	0.2390588
1223	111.07335731856301	0.24909145
1224	111.279462974144	0.25243065
1225	111.485568629725	0.26007062
1226	111.69167428530598	0.25108173
1227	111.897779940887	0.20915483
1228	112.103885596468	0.28676215
1229	112.30999125204899	0.2553573
1230	112.51609690763001	0.26615688
1231	112.722202563211	0.2806
1232	112.928308218792	0.23323561
1233	113.13441387437298	0.23587613
1234	113.34051952995401	0.2827983
1235	113.54662518553499	0.2374359
1236	113.75273084111599	0.23910037
1237	113.95883649669699	0.24518822
1238	114.164942152278	0.20462865
1239	114.371047807859	0.2498094
1240	114.57715346343998	0.2780059
1241	114.78325911902101	0.26693666
1242	114.989364774602	0.27947176
1243	115.195470430183	0.21807376
1244	115.40157608576398	0.23918276
1245	115.607681741345	0.2411666
1246	115.813787396926	0.23901926
1247	116.01989305250699	0.2232348
1248	116.22599870808801	0.2555057
1249	116.432104363669	0.1984478
1250	116.63821001925	0.21901473
1251	116.84431567483098	0.22002237
1252	117.05042133041201	0.21979332
1253	117.25652698599299	0.26421317
1254	117.46263264157399	0.2561216
1255	117.66873829715502	0.24531396
1256	117.874843952736	0.250614
1257	118.080949608317	0.23809943
1258	118.28705526389798	0.21803759
1259	118.49316091947901	0.24558443
1260	118.69926657506	0.210995
1261	118.90537223064099	0.22962847
1262	119.11147788622198	0.25502756
1263	119.317583541803	0.22407705
1264	119.523689197384	0.24293794
1265	119.72979485296499	0.2525122
1266	119.93590050854601	0.2500938
1267	120.142006164127	0.20405008
1268	120.348111819708	0.24303815
1269	120.55421747528898	0.2578874
1270	120.76032313087	0.2602339
1271	120.96642878645099	0.2665634
1272	121.17253444203202	0.24768364
1273	121.37864009761302	0.20238182
1274	121.584745753194	0.23392431
1275	121.790851408775	0.27913493
1276	121.99695706435598	0.2583868
1277	122.20306271993698	0.23185693
1278	122.40916837551796	0.24474421
1279	122.61527403109902	0.24670425
1280	122.82137968668002	0.23693912
1281	123.027485342261	0.24793231
1282	123.233590997842	0.22216104
1283	123.43969665342298	0.2684466
1284	123.64580230900398	0.22847025
1285	123.85190796458497	0.25410658
1286	124.05801362016602	0.24754888
1287	124.264119275747	0.21919337
1288	124.470224931328	0.22770678
1289	124.676330586909	0.2663354
1290	124.88243624248999	0.21742521
1291	125.08854189807099	0.2760257
1292	125.29464755365197	0.24966392
1293	125.50075320923303	0.23771851
1294	125.70685886481401	0.23868945
1295	125.91296452039501	0.24226426
1296	126.11907017597599	0.22750717
1297	126.32517583155699	0.23974396
1298	126.53128148713799	0.28174695
1299	126.73738714271897	0.24215133
1300	126.94349279830003	0.25868446
1301	127.14959845388101	0.2280547
1302	127.35570410946201	0.26995164
1303	127.561809765043	0.26375616
1304	127.76791542062399	0.26085445
1305	127.97402107620498	0.25540203
1306	128.18012673178598	0.2514102
1307	128.38623238736702	0.24840856
1308	128.59233804294803	0.25118792
1309	128.798443698529	0.2566047
1310	129.00454935411	0.21411753
1311	129.21065500969098	0.25391293
1312	129.416760665272	0.25016654
1313	129.62286632085298	0.2388399
1314	129.82897197643396	0.25930512
1315	130.03507763201503	0.27070296
1316	130.24118328759602	0.2287176
1317	130.447288943177	0.22908443
1318	130.65339459875798	0.24713181
1319	130.859500254339	0.2520637
1320	131.06560590991998	0.23324212
1321	131.27171156550096	0.25404963
1322	131.477817221082	0.23270956
1323	131.68392287666302	0.22526701
1324	131.890028532244	0.24827722
1325	132.096134187825	0.24047817
1326	132.302239843406	0.25492054
1327	132.50834549898698	0.26358107
1328	132.71445115456797	0.22364816
1329	132.920556810149	0.23079032
1330	133.12666246573002	0.24965028
1331	133.332768121311	0.2684214
1332	133.538873776892	0.23720285
1333	133.744979432473	0.24385193
1334	133.951085088054	0.21015352
1335	134.15719074363497	0.21014951
1336	134.363296399216	0.25450835
1337	134.56940205479702	0.22985312
1338	134.775507710378	0.2530147
1339	134.981613365959	0.21742599
1340	135.18771902153998	0.25525773
1341	135.393824677121	0.24232829
1342	135.59993033270197	0.22601888
1343	135.806035988283	0.25904885
1344	136.01214164386403	0.22989507
1345	136.218247299445	0.20252156
1346	136.424352955026	0.25376818
1347	136.63045861060698	0.207474
1348	136.836564266188	0.22892126
1349	137.04266992176898	0.26024103
1350	137.24877557735002	0.25802255
1351	137.45488123293103	0.23387454
1352	137.660986888512	0.24347892
1353	137.867092544093	0.21380135
1354	138.07319819967398	0.24666749
1355	138.279303855255	0.22103305
1356	138.48540951083598	0.272343
1357	138.69151516641702	0.23688276
1358	138.89762082199803	0.21421576
1359	139.10372647757902	0.2565472
1360	139.30983213316	0.20958322
1361	139.51593778874098	0.23368989
1362	139.722043444322	0.24411547
1363	139.92814909990298	0.26307064
1364	140.13425475548397	0.20901424
1365	140.340360411065	0.23965862
1366	140.54646606664602	0.22266762
1367	140.752571722227	0.26487526
1368	140.958677377808	0.2293913
1369	141.164783033389	0.23416394
1370	141.37088868896998	0.25258484
1371	141.57699434455097	0.23119006
1372	141.783100000132	0.25019148
1373	141.98920565571302	0.22420254
1374	142.195311311294	0.2500328
1375	142.401416966875	0.25038686
1376	142.60752262245597	0.26306936
1377	142.813628278037	0.26216644
1378	143.01973393361797	0.23695499
1379	143.225839589199	0.23130774
1380	143.43194524478002	0.21633118
1381	143.638050900361	0.2443816
1382	143.844156555942	0.2452882
1383	144.05026221152298	0.25014478
1384	144.256367867104	0.25850135
1385	144.46247352268497	0.23843366
1386	144.66857917826601	0.23889698
1387	144.87468483384703	0.2414293
1388	145.080790489428	0.28599593
1389	145.286896145009	0.22108297
1390	145.49300180058998	0.23100516
1391	145.699107456171	0.22955202
1392	145.90521311175198	0.25150776
1393	146.11131876733302	0.24662401
1394	146.31742442291403	0.2611006
1395	146.523530078495	0.3016956
1396	146.729635734076	0.26151422
1397	146.93574138965698	0.28715467
1398	147.141847045238	0.25409138
1399	147.34795270081898	0.25455084
1400	147.55405835640002	0.22934136
1401	147.760164011981	0.2535552
1402	147.96626966756202	0.27735403
1403	148.172375323143	0.24167743
1404	148.37848097872399	0.2570017
1405	148.584586634305	0.280192
1406	148.79069228988598	0.23450774
1407	148.99679794546697	0.26824695
1408	149.202903601048	0.26282093
1409	149.40900925662902	0.27322465
1410	149.61511491221	0.2531012
1411	149.821220567791	0.27665445
1412	150.027326223372	0.23056334
1413	150.23343187895298	0.25515074
1414	150.43953753453397	0.25393486
1415	150.645643190115	0.25869143
1416	150.85174884569602	0.2450518
1417	151.057854501277	0.22934712
1418	151.263960156858	0.2521861
1419	151.47006581243897	0.25105685
1420	151.67617146802	0.21484117
1421	151.88227712360097	0.26725775
1422	152.088382779182	0.27584955
1423	152.29448843476302	0.2552258
1424	152.500594090344	0.20393592
1425	152.706699745925	0.24679545
1426	152.91280540150598	0.26254386
1427	153.118911057087	0.2266046
1428	153.32501671266797	0.22979048
1429	153.53112236824902	0.23444179
1430	153.73722802383003	0.2568703
1431	153.943333679411	0.27974448
1432	154.149439334992	0.25002855
1433	154.35554499057298	0.23456456
1434	154.561650646154	0.22334202
1435	154.76775630173498	0.23094748
1436	154.97386195731602	0.25232747
1437	155.17996761289703	0.22109655
1438	155.38607326847801	0.23898368
1439	155.592178924059	0.25197756
1440	155.79828457963998	0.2431031
1441	156.004390235221	0.26756984
1442	156.21049589080198	0.2374026
1443	156.41660154638302	0.22394094
1444	156.622707201964	0.22893384
1445	156.82881285754502	0.27792647
1446	157.034918513126	0.23497802
1447	157.24102416870699	0.22433065
1448	157.447129824288	0.22542143
1449	157.65323547986898	0.23987246
1450	157.85934113544997	0.25369486
1451	158.065446791031	0.2158407
1452	158.27155244661202	0.2414107
1453	158.477658102193	0.25320467
1454	158.683763757774	0.20786037
1455	158.889869413355	0.27178988
1456	159.09597506893599	0.21065663
1457	159.30208072451697	0.23541519
1458	159.508186380098	0.23722142
1459	159.71429203567902	0.27731952
1460	159.92039769126	0.23080459
1461	160.126503346841	0.2572979
1462	160.33260900242198	0.2857699
1463	160.538714658003	0.240001
1464	160.74482031358397	0.24193217
1465	160.950925969165	0.22773269
1466	161.15703162474603	0.29070252
1467	161.363137280327	0.25379497
1468	161.569242935908	0.24126315
1469	161.77534859148898	0.2466973
1470	161.98145424707	0.23237973
1471	162.18755990265097	0.22874716
1472	162.39366555823202	0.23732847
1473	162.59977121381303	0.27039847
1474	162.805876869394	0.23581237
1475	163.011982524975	0.21319066
1476	163.21808818055598	0.2556123
1477	163.424193836137	0.24809915
1478	163.63029949171798	0.27926597
1479	163.83640514729902	0.21548323
1480	164.04251080288003	0.26260895
1481	164.24861645846102	0.25834575
1482	164.454722114042	0.23459332
1483	164.66082776962298	0.23803309
1484	164.866933425204	0.253922
1485	165.07303908078498	0.23803915
1486	165.27914473636602	0.2476716
1487	165.485250391947	0.2404875
1488	165.69135604752802	0.2349485
1489	165.897461703109	0.29635483
1490	166.10356735869	0.20916599
1491	166.309673014271	0.25257188
1492	166.51577866985198	0.234694
1493	166.72188432543297	0.22518303
1494	166.927989981014	0.20206016
1495	167.13409563659502	0.27566108
1496	167.340201292176	0.25494385
1497	167.546306947757	0.23417057
1498	167.75241260333797	0.22597803
1499	167.95851825891899	0.23188452
