	velocity	Amplitude
0	-140.407305384	0.25989336
1	-140.201200131482	0.25052372
2	-139.995094878964	0.2284467
3	-139.788989626446	0.20552716
4	-139.582884373928	0.22520812
5	-139.37677912141	0.19923005
6	-139.170673868892	0.23914158
7	-138.964568616374	0.23384912
8	-138.758463363856	0.23179166
9	-138.552358111338	0.24798939
10	-138.34625285881998	0.2600632
11	-138.140147606302	0.22072203
12	-137.934042353784	0.22029836
13	-137.727937101266	0.23636433
14	-137.521831848748	0.2503229
15	-137.31572659623	0.23302515
16	-137.109621343712	0.21287774
17	-136.903516091194	0.22874315
18	-136.697410838676	0.22814739
19	-136.491305586158	0.24950999
20	-136.28520033364	0.20906438
21	-136.079095081122	0.24055299
22	-135.872989828604	0.20741878
23	-135.666884576086	0.21890146
24	-135.460779323568	0.23204046
25	-135.25467407105	0.2617356
26	-135.048568818532	0.22507125
27	-134.84246356601403	0.2742566
28	-134.63635831349603	0.2439871
29	-134.430253060978	0.23705877
30	-134.22414780846	0.20570683
31	-134.018042555942	0.19754578
32	-133.811937303424	0.22872642
33	-133.605832050906	0.26770127
34	-133.399726798388	0.26024878
35	-133.19362154587	0.24332754
36	-132.987516293352	0.22002392
37	-132.781411040834	0.23240061
38	-132.575305788316	0.22391771
39	-132.369200535798	0.24148704
40	-132.16309528328	0.22173893
41	-131.956990030762	0.2165809
42	-131.750884778244	0.24755555
43	-131.54477952572603	0.22000492
44	-131.33867427320803	0.26638675
45	-131.13256902069003	0.20381323
46	-130.926463768172	0.23217788
47	-130.720358515654	0.2320919
48	-130.514253263136	0.2239193
49	-130.308148010618	0.20870157
50	-130.1020427581	0.21232021
51	-129.89593750558203	0.28542054
52	-129.689832253064	0.21327013
53	-129.483727000546	0.23161392
54	-129.277621748028	0.2654735
55	-129.07151649551	0.26476538
56	-128.865411242992	0.2687076
57	-128.659305990474	0.2024671
58	-128.453200737956	0.23471893
59	-128.24709548543802	0.22556241
60	-128.04099023292002	0.2273791
61	-127.83488498040201	0.21081202
62	-127.62877972788401	0.2964141
63	-127.42267447536601	0.23864654
64	-127.21656922284801	0.26064792
65	-127.01046397033001	0.24075103
66	-126.80435871781201	0.26374793
67	-126.59825346529401	0.28362155
68	-126.39214821277601	0.22183034
69	-126.186042960258	0.24955179
70	-125.97993770774	0.24347225
71	-125.773832455222	0.17192905
72	-125.567727202704	0.22848354
73	-125.361621950186	0.21706446
74	-125.155516697668	0.22495455
75	-124.94941144515	0.23067293
76	-124.743306192632	0.22595386
77	-124.537200940114	0.26205108
78	-124.331095687596	0.23413981
79	-124.12499043507802	0.2409303
80	-123.91888518256002	0.23042355
81	-123.71277993004202	0.21766622
82	-123.506674677524	0.24299918
83	-123.300569425006	0.21091326
84	-123.094464172488	0.21625268
85	-122.88835891997	0.22781344
86	-122.682253667452	0.23673522
87	-122.47614841493402	0.25073466
88	-122.27004316241602	0.2411447
89	-122.063937909898	0.20872027
90	-121.85783265738	0.2640277
91	-121.651727404862	0.21691754
92	-121.445622152344	0.24886501
93	-121.239516899826	0.22524545
94	-121.033411647308	0.21204226
95	-120.82730639479001	0.26070145
96	-120.62120114227201	0.25184596
97	-120.41509588975401	0.23233965
98	-120.20899063723601	0.23139183
99	-120.00288538471801	0.2287363
100	-119.79678013220001	0.22372364
101	-119.590674879682	0.22799374
102	-119.384569627164	0.21379776
103	-119.17846437464601	0.23916446
104	-118.97235912212801	0.19499819
105	-118.76625386961001	0.26527148
106	-118.56014861709201	0.2589658
107	-118.35404336457401	0.19850047
108	-118.147938112056	0.21251714
109	-117.941832859538	0.25100353
110	-117.73572760702	0.22735028
111	-117.52962235450201	0.20695716
112	-117.32351710198401	0.21508013
113	-117.11741184946601	0.22921601
114	-116.91130659694801	0.21985501
115	-116.70520134443001	0.24979387
116	-116.49909609191201	0.23891918
117	-116.29299083939401	0.22154987
118	-116.08688558687601	0.22066973
119	-115.88078033435802	0.24067014
120	-115.67467508184001	0.22932418
121	-115.468569829322	0.2625816
122	-115.262464576804	0.25445703
123	-115.056359324286	0.2037473
124	-114.850254071768	0.2400387
125	-114.64414881925	0.255696
126	-114.438043566732	0.19519566
127	-114.231938314214	0.20498174
128	-114.025833061696	0.24883245
129	-113.819727809178	0.24695674
130	-113.61362255666	0.22686301
131	-113.407517304142	0.18697707
132	-113.201412051624	0.23231716
133	-112.995306799106	0.24733566
134	-112.789201546588	0.2400484
135	-112.58309629407002	0.25452808
136	-112.37699104155202	0.25954688
137	-112.17088578903402	0.26105535
138	-111.96478053651602	0.21252224
139	-111.758675283998	0.2592324
140	-111.55257003148	0.24788119
141	-111.346464778962	0.22069408
142	-111.140359526444	0.25470436
143	-110.93425427392602	0.27081388
144	-110.72814902140802	0.22864406
145	-110.52204376889001	0.27491263
146	-110.315938516372	0.19280353
147	-110.109833263854	0.21714008
148	-109.903728011336	0.22037597
149	-109.697622758818	0.21801816
150	-109.4915175063	0.26183608
151	-109.28541225378201	0.2403524
152	-109.07930700126401	0.2435258
153	-108.87320174874601	0.23692931
154	-108.66709649622801	0.21898732
155	-108.46099124371001	0.2416868
156	-108.25488599119201	0.23520762
157	-108.04878073867401	0.22314912
158	-107.842675486156	0.23720919
159	-107.63657023363801	0.23887216
160	-107.43046498112001	0.21466589
161	-107.22435972860201	0.22314866
162	-107.01825447608401	0.25362146
163	-106.81214922356601	0.24121916
164	-106.606043971048	0.2832234
165	-106.39993871853	0.27604976
166	-106.193833466012	0.2668545
167	-105.98772821349401	0.22283351
168	-105.78162296097601	0.24480785
169	-105.57551770845801	0.21733925
170	-105.36941245594001	0.23517329
171	-105.16330720342201	0.21806297
172	-104.95720195090401	0.24415976
173	-104.75109669838601	0.2222846
174	-104.54499144586802	0.21606101
175	-104.33888619335002	0.2237573
176	-104.13278094083202	0.24176522
177	-103.92667568831402	0.2517071
178	-103.720570435796	0.2018569
179	-103.514465183278	0.26043412
180	-103.30835993076	0.21143009
181	-103.102254678242	0.2250386
182	-102.89614942572402	0.22289571
183	-102.690044173206	0.26001644
184	-102.483938920688	0.24569681
185	-102.27783366817	0.21373956
186	-102.071728415652	0.20561734
187	-101.865623163134	0.25754336
188	-101.659517910616	0.23052604
189	-101.453412658098	0.22069341
190	-101.24730740558002	0.21870144
191	-101.04120215306202	0.2057809
192	-100.83509690054402	0.20856568
193	-100.62899164802602	0.22423026
194	-100.42288639550802	0.20801465
195	-100.21678114299002	0.24452531
196	-100.01067589047202	0.23838794
197	-99.804570637954	0.21839753
198	-99.59846538543601	0.21660727
199	-99.39236013291801	0.25499493
200	-99.18625488040001	0.22459182
201	-98.98014962788201	0.22819874
202	-98.774044375364	0.2505312
203	-98.567939122846	0.23338807
204	-98.361833870328	0.2474276
205	-98.15572861781	0.23739941
206	-97.94962336529201	0.24421038
207	-97.74351811277401	0.20702693
208	-97.53741286025601	0.25852808
209	-97.33130760773801	0.23550029
210	-97.12520235522001	0.2036352
211	-96.91909710270201	0.24848315
212	-96.71299185018401	0.22005314
213	-96.50688659766601	0.24020617
214	-96.30078134514802	0.22686468
215	-96.09467609263002	0.2576003
216	-95.88857084011201	0.2267433
217	-95.68246558759401	0.22149509
218	-95.47636033507601	0.23018879
219	-95.27025508255801	0.24997342
220	-95.06414983004001	0.22840941
221	-94.858044577522	0.22676587
222	-94.65193932500401	0.25086945
223	-94.44583407248601	0.22217552
224	-94.23972881996801	0.23069285
225	-94.03362356745001	0.23286426
226	-93.82751831493201	0.23603798
227	-93.621413062414	0.25332868
228	-93.415307809896	0.297358
229	-93.209202557378	0.2506874
230	-93.00309730486002	0.23015776
231	-92.79699205234202	0.21767774
232	-92.59088679982402	0.23264015
233	-92.38478154730602	0.24240142
234	-92.17867629478802	0.24222204
235	-91.97257104227	0.23886281
236	-91.766465789752	0.19005649
237	-91.560360537234	0.23764792
238	-91.35425528471602	0.24353549
239	-91.14815003219802	0.22005278
240	-90.94204477968	0.24076155
241	-90.735939527162	0.20177953
242	-90.529834274644	0.25066975
243	-90.323729022126	0.19975835
244	-90.117623769608	0.22843432
245	-89.91151851709	0.23819876
246	-89.70541326457202	0.20348129
247	-89.49930801205402	0.22130004
248	-89.29320275953602	0.22185987
249	-89.08709750701802	0.2426991
250	-88.88099225450001	0.22996779
251	-88.67488700198201	0.22080322
252	-88.46878174946401	0.22773705
253	-88.26267649694601	0.22765833
254	-88.05657124442801	0.2420519
255	-87.85046599191001	0.25481784
256	-87.64436073939201	0.27072328
257	-87.43825548687401	0.20870054
258	-87.23215023435601	0.2615416
259	-87.026044981838	0.24396577
260	-86.81993972932	0.23886713
261	-86.613834476802	0.2232838
262	-86.40772922428401	0.23015776
263	-86.20162397176601	0.24562524
264	-85.99551871924801	0.21374646
265	-85.78941346673001	0.21593562
266	-85.58330821421201	0.2367174
267	-85.37720296169401	0.22228308
268	-85.17109770917601	0.21117856
269	-84.96499245665801	0.22477965
270	-84.75888720414002	0.21923964
271	-84.55278195162202	0.2027429
272	-84.34667669910402	0.23857194
273	-84.14057144658601	0.22913729
274	-83.93446619406801	0.2171705
275	-83.72836094155001	0.23082605
276	-83.52225568903201	0.23748043
277	-83.31615043651401	0.21578509
278	-83.11004518399601	0.21952079
279	-82.903939931478	0.22828358
280	-82.69783467896	0.25023946
281	-82.491729426442	0.23170474
282	-82.285624173924	0.23497787
283	-82.079518921406	0.2376622
284	-81.873413668888	0.22129047
285	-81.66730841637	0.22520547
286	-81.46120316385202	0.2673053
287	-81.25509791133402	0.2175322
288	-81.04899265881602	0.25154108
289	-80.84288740629802	0.20689173
290	-80.63678215378002	0.25118572
291	-80.43067690126202	0.25444907
292	-80.224571648744	0.2617494
293	-80.018466396226	0.23039883
294	-79.81236114370802	0.20072752
295	-79.60625589119002	0.2321579
296	-79.40015063867202	0.2680347
297	-79.194045386154	0.23685646
298	-78.987940133636	0.22770126
299	-78.781834881118	0.25283426
300	-78.5757296286	0.25030947
301	-78.369624376082	0.24978127
302	-78.16351912356401	0.24436215
303	-77.95741387104601	0.21786775
304	-77.75130861852801	0.22512974
305	-77.54520336601001	0.24564487
306	-77.33909811349201	0.24807397
307	-77.13299286097401	0.22886544
308	-76.92688760845601	0.28273302
309	-76.72078235593801	0.26978803
310	-76.51467710342003	0.20820512
311	-76.30857185090201	0.25187072
312	-76.10246659838401	0.2368184
313	-75.89636134586601	0.2406518
314	-75.69025609334801	0.20536661
315	-75.48415084083001	0.2510336
316	-75.278045588312	0.23142621
317	-75.071940335794	0.25032422
318	-74.86583508327601	0.24516544
319	-74.65972983075801	0.27161372
320	-74.45362457824001	0.2373623
321	-74.24751932572201	0.219431
322	-74.04141407320401	0.24299604
323	-73.83530882068601	0.2536134
324	-73.62920356816801	0.21265125
325	-73.42309831565001	0.2287487
326	-73.21699306313202	0.22437775
327	-73.01088781061402	0.2301087
328	-72.80478255809601	0.2314038
329	-72.59867730557801	0.21445164
330	-72.39257205306001	0.22521749
331	-72.18646680054201	0.21885009
332	-71.980361548024	0.2701103
333	-71.774256295506	0.22268984
334	-71.56815104298802	0.21133749
335	-71.36204579047002	0.27950954
336	-71.15594053795202	0.23039624
337	-70.949835285434	0.21967568
338	-70.743730032916	0.23165153
339	-70.537624780398	0.22029732
340	-70.33151952788	0.22872023
341	-70.125414275362	0.21507649
342	-69.91930902284402	0.22514673
343	-69.71320377032602	0.21876977
344	-69.50709851780802	0.28420454
345	-69.30099326529002	0.20174918
346	-69.09488801277202	0.2818787
347	-68.888782760254	0.24115969
348	-68.682677507736	0.18014583
349	-68.476572255218	0.26971108
350	-68.27046700270002	0.1940136
351	-68.06436175018202	0.22773445
352	-67.85825649766402	0.2245277
353	-67.65215124514602	0.27991366
354	-67.44604599262802	0.2405408
355	-67.23994074011001	0.235928
356	-67.033835487592	0.24430434
357	-66.827730235074	0.2632123
358	-66.62162498255601	0.20748268
359	-66.41551973003801	0.21811351
360	-66.20941447752001	0.22510599
361	-66.00330922500201	0.23798937
362	-65.79720397248401	0.25357607
363	-65.59109871996601	0.21755351
364	-65.38499346744801	0.2142088
365	-65.17888821493001	0.26768368
366	-64.97278296241201	0.21421017
367	-64.76667770989401	0.2319293
368	-64.56057245737601	0.23559839
369	-64.35446720485801	0.2373461
370	-64.14836195234001	0.22878206
371	-63.94225669982201	0.21368425
372	-63.73615144730402	0.20506354
373	-63.53004619478602	0.22203845
374	-63.32394094226802	0.22057582
375	-63.11783568975	0.25841907
376	-62.91173043723201	0.2551368
377	-62.70562518471401	0.22767663
378	-62.49951993219601	0.22252685
379	-62.29341467967801	0.24536966
380	-62.087309427160015	0.21124053
381	-61.881204174642015	0.22055608
382	-61.675098922124015	0.23851155
383	-61.468993669606014	0.22095484
384	-61.26288841708802	0.21689638
385	-61.05678316457001	0.21856418
386	-60.85067791205201	0.21354456
387	-60.644572659534006	0.23112601
388	-60.43846740701601	0.23545556
389	-60.23236215449801	0.25488427
390	-60.02625690198001	0.22013077
391	-59.82015164946201	0.19724782
392	-59.61404639694402	0.22246344
393	-59.40794114442602	0.24027379
394	-59.201835891908004	0.2183516
395	-58.995730639390004	0.21132587
396	-58.78962538687201	0.25297517
397	-58.58352013435401	0.23185396
398	-58.37741488183601	0.25488847
399	-58.17130962931801	0.2512566
400	-57.96520437680002	0.24877454
401	-57.75909912428202	0.2224872
402	-57.552993871764016	0.1866069
403	-57.346888619246	0.26080906
404	-57.14078336672801	0.26737344
405	-56.93467811421001	0.23464058
406	-56.72857286169201	0.23247713
407	-56.52246760917401	0.23032376
408	-56.316362356656015	0.22777891
409	-56.110257104138014	0.21387148
410	-55.904151851620014	0.19636172
411	-55.698046599102014	0.22771141
412	-55.49194134658402	0.26851308
413	-55.285836094066006	0.21896346
414	-55.079730841548006	0.25497463
415	-54.873625589030006	0.23754263
416	-54.66752033651201	0.23720735
417	-54.46141508399401	0.2509868
418	-54.25530983147601	0.26099253
419	-54.04920457895801	0.22582936
420	-53.84309932644002	0.2507165
421	-53.63699407392202	0.20310958
422	-53.430888821404004	0.23375091
423	-53.224783568886004	0.22278312
424	-53.01867831636801	0.27188817
425	-52.81257306385001	0.28124386
426	-52.60646781133201	0.25640023
427	-52.40036255881401	0.2184546
428	-52.19425730629602	0.23095907
429	-51.988152053778016	0.20794366
430	-51.782046801260016	0.23095813
431	-51.57594154874202	0.21658386
432	-51.36983629622401	0.24116902
433	-51.16373104370601	0.26574057
434	-50.95762579118801	0.24446441
435	-50.75152053867001	0.24355444
436	-50.545415286152014	0.23492362
437	-50.339310033634014	0.22332047
438	-50.133204781116014	0.20576096
439	-49.92709952859802	0.27225623
440	-49.72099427608002	0.24206124
441	-49.514889023562006	0.19716553
442	-49.308783771044006	0.19963521
443	-49.102678518526005	0.28203648
444	-48.89657326600801	0.2329789
445	-48.69046801349001	0.22527821
446	-48.48436276097201	0.25313222
447	-48.27825750845402	0.18902577
448	-48.07215225593602	0.21184805
449	-47.86604700341802	0.19929536
450	-47.65994175090002	0.2150919
451	-47.453836498382	0.22657108
452	-47.24773124586401	0.2368587
453	-47.04162599334601	0.250744
454	-46.83552074082801	0.23595825
455	-46.629415488310016	0.19875656
456	-46.423310235792016	0.23596819
457	-46.217204983274016	0.23279448
458	-46.011099730756015	0.24702722
459	-45.80499447823802	0.24805689
460	-45.59888922572001	0.21138401
461	-45.39278397320201	0.23902953
462	-45.18667872068401	0.19604053
463	-44.980573468166014	0.22633514
464	-44.774468215648014	0.22141603
465	-44.568362963130014	0.20933896
466	-44.36225771061201	0.2452303
467	-44.15615245809402	0.22561508
468	-43.95004720557602	0.25095156
469	-43.74394195305802	0.24372369
470	-43.537836700540005	0.2285652
471	-43.33173144802201	0.21270025
472	-43.12562619550401	0.22797124
473	-42.91952094298601	0.24613646
474	-42.71341569046801	0.25286525
475	-42.50731043795002	0.24454734
476	-42.30120518543202	0.22913451
477	-42.09509993291402	0.22675556
478	-41.88899468039602	0.25077143
479	-41.68288942787801	0.24052271
480	-41.47678417536001	0.23751776
481	-41.27067892284201	0.21587263
482	-41.06457367032401	0.23759666
483	-40.858468417806016	0.26322618
484	-40.652363165288016	0.24518812
485	-40.446257912770015	0.22788054
486	-40.240152660252015	0.24704865
487	-40.03404740773402	0.24297658
488	-39.82794215521602	0.16995989
489	-39.62183690269801	0.248625
490	-39.41573165018001	0.2312519
491	-39.209626397662014	0.244061
492	-39.00352114514401	0.20666654
493	-38.79741589262601	0.25374764
494	-38.59131064010801	0.22328621
495	-38.38520538759002	0.2359828
496	-38.17910013507202	0.21406674
497	-37.97299488255402	0.23970063
498	-37.766889630036005	0.25960764
499	-37.56078437751801	0.21877772
500	-37.35467912500001	0.24430634
501	-37.14857387248201	0.2036003
502	-36.94246861996401	0.24268292
503	-36.73636336744602	0.22777082
504	-36.53025811492802	0.21129397
505	-36.32415286241002	0.2293437
506	-36.11804760989202	0.235333
507	-35.91194235737402	0.21850161
508	-35.70583710485601	0.19001813
509	-35.49973185233801	0.24724148
510	-35.29362659982001	0.24087241
511	-35.087521347302015	0.1985641
512	-34.881416094784015	0.25156876
513	-34.675310842266015	0.26586974
514	-34.469205589748015	0.22080672
515	-34.26310033723002	0.24806662
516	-34.05699508471202	0.23650752
517	-33.85088983219401	0.23745495
518	-33.644784579676006	0.27194324
519	-33.43867932715801	0.2664528
520	-33.23257407464001	0.2558353
521	-33.02646882212201	0.24042054
522	-32.82036356960401	0.25169116
523	-32.61425831708602	0.24535397
524	-32.40815306456802	0.25229308
525	-32.20204781205002	0.22826387
526	-31.995942559532022	0.2709724
527	-31.789837307014007	0.264014
528	-31.58373205449601	0.23098339
529	-31.37762680197801	0.2513537
530	-31.171521549460014	0.22272846
531	-30.965416296942013	0.20491639
532	-30.759311044424017	0.2417404
533	-30.553205791906016	0.23786199
534	-30.34710053938802	0.24727948
535	-30.14099528687002	0.22515972
536	-29.93489003435201	0.2500489
537	-29.72878478183401	0.22159772
538	-29.52267952931601	0.2516761
539	-29.31657427679801	0.27273148
540	-29.110469024280015	0.20897917
541	-28.904363771762014	0.24216287
542	-28.698258519244018	0.22197935
543	-28.492153266726017	0.22248869
544	-28.28604801420802	0.23885055
545	-28.07994276169002	0.2286425
546	-27.87383750917201	0.24483515
547	-27.66773225665401	0.23262557
548	-27.461627004136012	0.2049254
549	-27.255521751618012	0.20713127
550	-27.049416499100015	0.25329506
551	-26.843311246582015	0.2445489
552	-26.63720599406402	0.24026729
553	-26.431100741546018	0.23162028
554	-26.22499548902802	0.27873486
555	-26.018890236510007	0.23198901
556	-25.81278498399201	0.19636475
557	-25.60667973147401	0.22301656
558	-25.400574478956013	0.25124946
559	-25.194469226438013	0.23699297
560	-24.988363973920016	0.21650495
561	-24.782258721402016	0.25434518
562	-24.57615346888402	0.21377233
563	-24.37004821636602	0.23426278
564	-24.163942963848022	0.22823003
565	-23.957837711330008	0.22656982
566	-23.75173245881201	0.24937925
567	-23.54562720629401	0.23633038
568	-23.339521953776014	0.24980849
569	-23.133416701258014	0.19991325
570	-22.927311448740017	0.25020874
571	-22.721206196222017	0.20952
572	-22.51510094370402	0.29120448
573	-22.30899569118602	0.21461438
574	-22.10289043866801	0.2742696
575	-21.89678518615001	0.25216657
576	-21.690679933632012	0.21390828
577	-21.48457468111401	0.21281005
578	-21.278469428596015	0.23172747
579	-21.072364176078015	0.26079148
580	-20.866258923560018	0.24568762
581	-20.660153671042018	0.2651664
582	-20.45404841852402	0.24072015
583	-20.24794316600602	0.2690688
584	-20.04183791348801	0.20921668
585	-19.83573266097001	0.23180929
586	-19.629627408452013	0.20567735
587	-19.423522155934013	0.22881465
588	-19.217416903416016	0.24095714
589	-19.011311650898016	0.21724269
590	-18.80520639838002	0.23288924
591	-18.59910114586202	0.2327971
592	-18.392995893344022	0.21791069
593	-18.186890640826007	0.278684
594	-17.98078538830801	0.23486985
595	-17.77468013579001	0.19560096
596	-17.568574883272014	0.2590875
597	-17.362469630754013	0.20340008
598	-17.156364378236017	0.2052476
599	-16.950259125718016	0.22567526
600	-16.74415387320002	0.2671256
601	-16.53804862068202	0.24268696
602	-16.331943368164023	0.2436588
603	-16.125838115646008	0.21943434
604	-15.919732863128012	0.22940382
605	-15.713627610610013	0.26415443
606	-15.507522358092015	0.20708099
607	-15.301417105574016	0.22131737
608	-15.095311853056018	0.21459314
609	-14.889206600538019	0.2066956
610	-14.68310134802002	0.25652218
611	-14.476996095502022	0.23060453
612	-14.27089084298401	0.25035232
613	-14.06478559046601	0.26323396
614	-13.858680337948012	0.25566012
615	-13.652575085430014	0.22061121
616	-13.446469832912015	0.20525828
617	-13.240364580394017	0.22948766
618	-13.034259327876018	0.22421663
619	-12.82815407535802	0.22821222
620	-12.622048822840021	0.22479783
621	-12.415943570322023	0.22031857
622	-12.20983831780401	0.22404993
623	-12.003733065286012	0.22092836
624	-11.797627812768013	0.21870849
625	-11.591522560250015	0.2011281
626	-11.385417307732016	0.23095486
627	-11.179312055214018	0.23034942
628	-10.97320680269602	0.25258958
629	-10.76710155017802	0.24460748
630	-10.560996297660022	0.24059352
631	-10.35489104514201	0.19817586
632	-10.148785792624011	0.18592507
633	-9.942680540106013	0.2332546
634	-9.736575287588014	0.24093074
635	-9.530470035070016	0.22340794
636	-9.324364782552003	0.23384602
637	-9.118259530034004	0.20888573
638	-8.912154277516006	0.20108205
639	-8.706049024998007	0.2076499
640	-8.499943772480009	0.23926544
641	-8.29383851996201	0.22697961
642	-8.087733267444012	0.2209448
643	-7.8816280149260125	0.18900657
644	-7.675522762408014	0.24554849
645	-7.4694175098900155	0.23085976
646	-7.263312257372018	0.2561532
647	-7.057207004854019	0.24460217
648	-6.851101752336021	0.20134038
649	-6.644996499818022	0.25990513
650	-6.438891247300024	0.25291717
651	-6.232785994782025	0.21036835
652	-6.026680742264027	0.22807601
653	-5.8205754897460285	0.22400436
654	-5.61447023722803	0.25680503
655	-5.408364984710002	0.3042695
656	-5.202259732192004	0.1890016
657	-4.996154479674005	0.20157605
658	-4.790049227156007	0.20166771
659	-4.583943974638008	0.19376266
660	-4.37783872212001	0.24789916
661	-4.171733469602011	0.20493346
662	-3.965628217084013	0.20623308
663	-3.7595229645660146	0.20162639
664	-3.553417712048016	0.2205414
665	-3.3473124595300177	0.2503674
666	-3.141207207012019	0.24651535
667	-2.935101954494021	0.21845299
668	-2.7289967019760226	0.1764481
669	-2.522891449458024	0.2009342
670	-2.3167861969400256	0.19969139
671	-2.110680944422027	0.21935079
672	-1.9045756919040286	0.2205461
673	-1.6984704393860302	0.2752587
674	-1.4923651868680026	0.21241112
675	-1.2862599343500043	0.23105769
676	-1.0801546818320058	0.25197935
677	-0.8740494293140073	0.260665
678	-0.6679441767960088	0.26105416
679	-0.4618389242780104	0.2541393
680	-0.25573367176001194	0.24888147
681	-0.04962841924201348	0.22444963
682	0.15647683327598497	0.25810963
683	0.36258208579398343	0.20215237
684	0.5686873383119819	0.23375519
685	0.7747925908299803	0.24738148
686	0.9808978433479788	0.2241841
687	1.1870030958659772	0.21734622
688	1.3931083483839757	0.21503028
689	1.5992136009019742	0.24600403
690	1.8053188534199727	0.22339576
691	2.011424105937971	0.2281375
692	2.2175293584559697	0.20929317
693	2.423634610973997	0.21791849
694	2.6297398634919955	0.21777605
695	2.835845116009994	0.22976199
696	3.0419503685279925	0.25050452
697	3.248055621045991	0.26016638
698	3.4541608735639895	0.21213605
699	3.6602661260819875	0.28553018
700	3.866371378599986	0.28780422
701	4.0724766311179845	0.20915921
702	4.278581883635983	0.21724224
703	4.4846871361539815	0.19500455
704	4.69079238867198	0.201591
705	4.8968976411899785	0.23644766
706	5.103002893707977	0.2135748
707	5.3091081462259755	0.24034399
708	5.515213398743974	0.22190227
709	5.7213186512619725	0.19514893
710	5.927423903779971	0.2468911
711	6.1335291562979695	0.2315995
712	6.339634408815996	0.23759441
713	6.545739661333995	0.22844875
714	6.751844913851993	0.22980699
715	6.957950166369992	0.22328953
716	7.16405541888799	0.23615709
717	7.370160671405989	0.2413363
718	7.576265923923987	0.2367677
719	7.782371176441986	0.2175541
720	7.988476428959984	0.23624569
721	8.194581681477983	0.2564195
722	8.400686933995981	0.282045
723	8.60679218651398	0.23743252
724	8.812897439031978	0.18213099
725	9.019002691549977	0.21300748
726	9.225107944067975	0.28080884
727	9.431213196585974	0.22576827
728	9.637318449103972	0.26403952
729	9.84342370162197	0.1988749
730	10.04952895413997	0.28390738
731	10.255634206657996	0.21425322
732	10.461739459175995	0.24542017
733	10.667844711693993	0.2469417
734	10.873949964211992	0.21496494
735	11.08005521672999	0.21668482
736	11.286160469247989	0.21081832
737	11.492265721765987	0.21848479
738	11.698370974283986	0.2171205
739	11.904476226801984	0.19581476
740	12.110581479319983	0.27553657
741	12.316686731837981	0.22428022
742	12.52279198435598	0.21957235
743	12.728897236873978	0.20234758
744	12.935002489391977	0.23868173
745	13.141107741909975	0.2052314
746	13.347212994427974	0.23430166
747	13.553318246945972	0.22826083
748	13.75942349946397	0.21732248
749	13.965528751981969	0.20656511
750	14.171634004499996	0.23662649
751	14.377739257017994	0.24569342
752	14.583844509535993	0.24545959
753	14.789949762053991	0.2687707
754	14.99605501457199	0.21335633
755	15.202160267089988	0.22562476
756	15.408265519607987	0.24604395
757	15.614370772125985	0.25703368
758	15.820476024643984	0.23447232
759	16.02658127716198	0.25201076
760	16.23268652967998	0.22393747
761	16.438791782197978	0.19697833
762	16.644897034715978	0.1913709
763	16.851002287233975	0.24888998
764	17.057107539751975	0.25392476
765	17.26321279226997	0.23617847
766	17.469318044787972	0.20528352
767	17.67542329730597	0.24035174
768	17.88152854982397	0.23781675
769	18.087633802341994	0.2389615
770	18.293739054859994	0.21242781
771	18.49984430737799	0.2084112
772	18.70594955989599	0.25974137
773	18.912054812413988	0.24937725
774	19.11816006493199	0.25655067
775	19.324265317449985	0.22954479
776	19.530370569967985	0.22743587
777	19.736475822485982	0.21724883
778	19.942581075003982	0.20779872
779	20.14868632752198	0.26186872
780	20.35479158003998	0.23315851
781	20.560896832557976	0.22085367
782	20.767002085075976	0.19115005
783	20.973107337593973	0.220956
784	21.179212590111973	0.20488365
785	21.38531784262997	0.22214314
786	21.59142309514797	0.19783524
787	21.797528347665995	0.23768847
788	22.003633600183996	0.24230462
789	22.209738852701992	0.23498708
790	22.415844105219993	0.21299611
791	22.62194935773799	0.20560782
792	22.82805461025599	0.18641545
793	23.034159862773986	0.27473882
794	23.240265115291987	0.23752208
795	23.446370367809983	0.24410918
796	23.652475620327984	0.26051167
797	23.85858087284598	0.21127558
798	24.06468612536398	0.21691555
799	24.270791377881977	0.19800475
800	24.476896630399978	0.23827097
801	24.683001882917974	0.22902894
802	24.889107135435975	0.2744927
803	25.09521238795397	0.22354902
804	25.30131764047197	0.22233696
805	25.50742289298997	0.20651105
806	25.713528145507997	0.256095
807	25.919633398025994	0.20967656
808	26.125738650543994	0.2280643
809	26.33184390306199	0.2298765
810	26.53794915557999	0.24326336
811	26.744054408097988	0.23689677
812	26.950159660615988	0.258128
813	27.156264913133985	0.2469123
814	27.362370165651985	0.22479779
815	27.56847541816998	0.23797111
816	27.774580670687982	0.25215435
817	27.98068592320598	0.22524908
818	28.18679117572398	0.25903922
819	28.392896428241976	0.20663261
820	28.599001680759976	0.25458443
821	28.805106933277973	0.23715371
822	29.011212185795973	0.2073125
823	29.21731743831397	0.23442282
824	29.42342269083197	0.20281748
825	29.629527943349995	0.23118977
826	29.835633195867995	0.24735977
827	30.041738448385992	0.26133424
828	30.247843700903992	0.21616994
829	30.45394895342199	0.24036585
830	30.66005420593999	0.21609092
831	30.866159458457986	0.23847859
832	31.072264710975986	0.24749908
833	31.278369963493983	0.23977153
834	31.484475216011983	0.23180075
835	31.69058046852998	0.23457167
836	31.89668572104798	0.23105326
837	32.10279097356598	0.19036919
838	32.308896226083974	0.23383722
839	32.515001478601974	0.24689735
840	32.721106731119974	0.23578711
841	32.927211983637974	0.23204356
842	33.13331723615597	0.21132159
843	33.33942248867397	0.21170275
844	33.545527741192	0.20299734
845	33.75163299371	0.20049362
846	33.95773824622799	0.22429241
847	34.16384349874599	0.2325171
848	34.36994875126399	0.2191923
849	34.57605400378199	0.22807327
850	34.782159256299984	0.20361015
851	34.988264508817984	0.22812967
852	35.194369761335984	0.22925279
853	35.400475013853985	0.21108851
854	35.60658026637198	0.24462532
855	35.81268551888998	0.26294667
856	36.01879077140798	0.21128538
857	36.22489602392598	0.28616098
858	36.43100127644397	0.21267655
859	36.63710652896197	0.23117273
860	36.84321178147997	0.23131259
861	37.04931703399797	0.24144986
862	37.255422286515966	0.24955079
863	37.461527539033995	0.19424045
864	37.667632791551995	0.2157865
865	37.873738044069995	0.23304132
866	38.07984329658799	0.2467876
867	38.28594854910599	0.23876719
868	38.49205380162399	0.23122138
869	38.69815905414199	0.23675886
870	38.90426430665998	0.23319088
871	39.11036955917798	0.25345525
872	39.31647481169598	0.24591099
873	39.52258006421398	0.23528162
874	39.728685316731976	0.23691003
875	39.93479056924998	0.1861008
876	40.14089582176798	0.21794704
877	40.34700107428598	0.21151116
878	40.55310632680397	0.25530514
879	40.75921157932197	0.23887457
880	40.96531683183997	0.19504446
881	41.17142208435797	0.23221752
882	41.37752733687599	0.21074748
883	41.58363258939399	0.2067326
884	41.78973784191199	0.23884434
885	41.99584309442999	0.24436426
886	42.20194834694799	0.2713029
887	42.40805359946599	0.23081598
888	42.61415885198399	0.24374327
889	42.82026410450199	0.18688679
890	43.02636935701998	0.23424564
891	43.23247460953798	0.19334
892	43.43857986205598	0.219554
893	43.64468511457398	0.24971169
894	43.850790367091975	0.23446067
895	44.056895619609975	0.20587605
896	44.263000872127975	0.20324564
897	44.469106124645975	0.2172167
898	44.67521137716397	0.22215188
899	44.88131662968197	0.22464977
900	45.08742188219997	0.22189623
901	45.293527134718	0.21974806
902	45.49963238723599	0.19217344
903	45.70573763975399	0.24295907
904	45.91184289227199	0.2571286
905	46.11794814478999	0.21601978
906	46.324053397307985	0.23770228
907	46.530158649825985	0.2465992
908	46.736263902343985	0.22088873
909	46.942369154861986	0.21694022
910	47.14847440737998	0.24820697
911	47.35457965989798	0.27955738
912	47.56068491241598	0.24734305
913	47.76679016493398	0.2742819
914	47.97289541745197	0.21505177
915	48.17900066996997	0.2229087
916	48.38510592248797	0.20697911
917	48.591211175005974	0.25704452
918	48.79731642752397	0.23878323
919	49.00342168004197	0.23932134
920	49.209526932559996	0.23355167
921	49.415632185077996	0.2785498
922	49.62173743759599	0.20517313
923	49.82784269011399	0.23933208
924	50.03394794263199	0.219365
925	50.24005319514999	0.25380751
926	50.44615844766798	0.23812237
927	50.65226370018598	0.2699873
928	50.858368952703984	0.22559676
929	51.064474205221984	0.20095548
930	51.27057945773998	0.22046381
931	51.47668471025798	0.25189394
932	51.68278996277598	0.20466869
933	51.88889521529398	0.28823826
934	52.09500046781197	0.24742173
935	52.30110572032997	0.19098894
936	52.50721097284797	0.20347872
937	52.71331622536597	0.20438887
938	52.919421477883965	0.21775265
939	53.125526730401994	0.20848219
940	53.331631982919994	0.20430824
941	53.537737235437994	0.21893848
942	53.74384248795599	0.22880945
943	53.94994774047399	0.29187807
944	54.15605299299199	0.27444935
945	54.36215824550999	0.24153866
946	54.56826349802798	0.24335368
947	54.77436875054598	0.2174012
948	54.98047400306398	0.23717731
949	55.18657925558198	0.2300329
950	55.392684508099975	0.25321192
951	55.598789760617976	0.2048591
952	55.804895013135976	0.2213834
953	56.011000265653976	0.29543233
954	56.21710551817197	0.23659723
955	56.42321077068997	0.24006405
956	56.62931602320797	0.26917166
957	56.83542127572596	0.21948795
958	57.04152652824399	0.24468558
959	57.24763178076199	0.2184724
960	57.45373703327999	0.22380313
961	57.65984228579799	0.22685984
962	57.865947538315986	0.23295952
963	58.072052790833986	0.22867131
964	58.278158043351986	0.2664685
965	58.48426329586999	0.2412428
966	58.69036854838798	0.23367363
967	58.89647380090598	0.19657558
968	59.10257905342398	0.2532722
969	59.30868430594198	0.25797036
970	59.514789558459974	0.20851028
971	59.720894810977974	0.22291727
972	59.927000063495974	0.21465379
973	60.13310531601397	0.2357681
974	60.33921056853197	0.2611035
975	60.54531582104997	0.22233963
976	60.75142107356797	0.28683233
977	60.957526326086	0.25582537
978	61.16363157860399	0.27125135
979	61.36973683112199	0.25665286
980	61.57584208363999	0.19092894
981	61.78194733615799	0.23074888
982	61.988052588675984	0.24842021
983	62.194157841193984	0.23528475
984	62.400263093711985	0.2934249
985	62.606368346229985	0.22583055
986	62.81247359874798	0.20986852
987	63.01857885126598	0.24636278
988	63.22468410378398	0.2482084
989	63.43078935630197	0.2311669
990	63.63689460881997	0.26140833
991	63.84299986133797	0.20991218
992	64.04910511385597	0.2252304
993	64.25521036637397	0.25268203
994	64.46131561889197	0.2356279
995	64.66742087140996	0.23612009
996	64.87352612392799	0.2543947
997	65.07963137644599	0.20673567
998	65.28573662896399	0.2200889
999	65.49184188148199	0.21863815
1000	65.69794713399999	0.26291883
1001	65.90405238651799	0.24806808
1002	66.11015763903599	0.21415515
1003	66.31626289155398	0.24476986
1004	66.52236814407198	0.228024
1005	66.72847339658998	0.24509123
1006	66.93457864910798	0.30373883
1007	67.14068390162598	0.22834298
1008	67.34678915414398	0.22612086
1009	67.55289440666198	0.27070934
1010	67.75899965917998	0.26064253
1011	67.96510491169796	0.25602695
1012	68.17121016421596	0.2534766
1013	68.37731541673396	0.2280405
1014	68.58342066925196	0.2287217
1015	68.78952592177	0.24957816
1016	68.995631174288	0.26395318
1017	69.201736426806	0.23639551
1018	69.407841679324	0.18117811
1019	69.61394693184198	0.24680504
1020	69.82005218435998	0.22933777
1021	70.02615743687798	0.22682858
1022	70.23226268939598	0.25446403
1023	70.43836794191398	0.24728867
1024	70.64447319443198	0.21472442
1025	70.85057844694998	0.21796358
1026	71.05668369946798	0.28182274
1027	71.26278895198597	0.261183
1028	71.46889420450397	0.23594001
1029	71.67499945702197	0.2491938
1030	71.88110470953997	0.20834874
1031	72.08720996205797	0.2335149
1032	72.29331521457597	0.23125899
1033	72.49942046709397	0.23030078
1034	72.705525719612	0.21921809
1035	72.91163097212998	0.2170014
1036	73.11773622464798	0.2525884
1037	73.32384147716598	0.21044356
1038	73.52994672968399	0.23012261
1039	73.73605198220199	0.23419452
1040	73.94215723471999	0.22808406
1041	74.14826248723799	0.22454488
1042	74.35436773975599	0.204457
1043	74.56047299227397	0.23160955
1044	74.76657824479197	0.26410624
1045	74.97268349730997	0.2508549
1046	75.17878874982797	0.27967277
1047	75.38489400234597	0.24012284
1048	75.59099925486397	0.21261263
1049	75.79710450738197	0.2407188
1050	76.00320975989997	0.26430514
1051	76.20931501241796	0.22956869
1052	76.41542026493596	0.2010785
1053	76.62152551745399	0.22965467
1054	76.82763076997199	0.25202706
1055	77.03373602248999	0.20812191
1056	77.23984127500799	0.21901013
1057	77.44594652752599	0.22749718
1058	77.65205178004399	0.22266439
1059	77.85815703256198	0.21390305
1060	78.06426228507998	0.19291385
1061	78.27036753759798	0.2610131
1062	78.47647279011598	0.23617887
1063	78.68257804263398	0.28225163
1064	78.88868329515198	0.21854834
1065	79.09478854766998	0.24670576
1066	79.30089380018798	0.21826828
1067	79.50699905270596	0.24308506
1068	79.71310430522396	0.22068082
1069	79.91920955774196	0.21267703
1070	80.12531481025997	0.2326328
1071	80.33142006277797	0.23280916
1072	80.537525315296	0.23831142
1073	80.743630567814	0.2453076
1074	80.949735820332	0.25934786
1075	81.15584107284998	0.23648988
1076	81.36194632536798	0.25018784
1077	81.56805157788598	0.24559179
1078	81.77415683040398	0.20516439
1079	81.98026208292198	0.22256593
1080	82.18636733543998	0.23431087
1081	82.39247258795798	0.21949467
1082	82.59857784047598	0.24542964
1083	82.80468309299397	0.20774443
1084	83.01078834551197	0.24844411
1085	83.21689359802997	0.24043004
1086	83.42299885054797	0.24338529
1087	83.62910410306597	0.2282988
1088	83.83520935558397	0.25577945
1089	84.04131460810197	0.21150824
1090	84.24741986061997	0.26720002
1091	84.45352511313799	0.2575467
1092	84.65963036565599	0.21437824
1093	84.86573561817399	0.21046434
1094	85.07184087069199	0.24853006
1095	85.27794612320999	0.2084686
1096	85.48405137572799	0.23553155
1097	85.69015662824599	0.2396956
1098	85.89626188076399	0.19718838
1099	86.10236713328197	0.23360327
1100	86.30847238579997	0.21957688
1101	86.51457763831797	0.25042504
1102	86.72068289083597	0.21991701
1103	86.92678814335397	0.25369105
1104	87.13289339587197	0.28779742
1105	87.33899864838997	0.24804245
1106	87.54510390090798	0.25684705
1107	87.75120915342596	0.22453308
1108	87.95731440594396	0.20633008
1109	88.16341965846196	0.21248727
1110	88.36952491097999	0.22830477
1111	88.57563016349799	0.24675241
1112	88.78173541601599	0.24563122
1113	88.98784066853399	0.22832401
1114	89.19394592105199	0.2341542
1115	89.40005117356998	0.23347086
1116	89.60615642608798	0.23866642
1117	89.81226167860598	0.24823159
1118	90.01836693112398	0.2101794
1119	90.22447218364198	0.22240137
1120	90.43057743615998	0.22686093
1121	90.63668268867798	0.22718836
1122	90.84278794119598	0.23989432
1123	91.04889319371397	0.21599914
1124	91.25499844623197	0.23076186
1125	91.46110369874997	0.26283464
1126	91.66720895126797	0.22952235
1127	91.87331420378597	0.22908403
1128	92.07941945630397	0.22160736
1129	92.285524708822	0.1997634
1130	92.49162996134	0.23374848
1131	92.69773521385798	0.2345888
1132	92.90384046637598	0.2519093
1133	93.10994571889398	0.2102563
1134	93.31605097141198	0.23552223
1135	93.52215622392998	0.21371332
1136	93.72826147644798	0.2549557
1137	93.93436672896598	0.24158947
1138	94.14047198148398	0.24194843
1139	94.34657723400197	0.22064775
1140	94.55268248651997	0.22984786
1141	94.75878773903797	0.21458527
1142	94.96489299155597	0.190674
1143	95.17099824407397	0.25849825
1144	95.37710349659197	0.25103155
1145	95.58320874910997	0.2475137
1146	95.78931400162797	0.21667036
1147	95.99541925414596	0.21273242
1148	96.20152450666399	0.2171845
1149	96.40762975918199	0.26971227
1150	96.61373501169999	0.21050963
1151	96.81984026421799	0.20105106
1152	97.02594551673599	0.23717539
1153	97.23205076925399	0.25411046
1154	97.43815602177199	0.2510867
1155	97.64426127428997	0.21818495
1156	97.85036652680797	0.23319115
1157	98.05647177932597	0.24205242
1158	98.26257703184397	0.24864681
1159	98.46868228436198	0.19583717
1160	98.67478753687998	0.19433309
1161	98.88089278939798	0.26933932
1162	99.08699804191598	0.24480718
1163	99.29310329443396	0.22556344
1164	99.49920854695196	0.21941079
1165	99.70531379946996	0.27703086
1166	99.91141905198796	0.2650346
1167	100.11752430450599	0.23589127
1168	100.32362955702399	0.23929144
1169	100.52973480954199	0.22929539
1170	100.73584006205999	0.26973718
1171	100.94194531457798	0.23087606
1172	101.14805056709598	0.22859392
1173	101.35415581961398	0.21971068
1174	101.56026107213198	0.2246508
1175	101.76636632464998	0.2355416
1176	101.97247157716798	0.22058359
1177	102.17857682968598	0.24533123
1178	102.38468208220398	0.23410955
1179	102.59078733472197	0.27782047
1180	102.79689258723997	0.20735398
1181	103.00299783975797	0.23270921
1182	103.20910309227597	0.19827887
1183	103.41520834479397	0.22865765
1184	103.62131359731197	0.25407106
1185	103.82741884982997	0.24154015
1186	104.033524102348	0.2341339
1187	104.23962935486598	0.2577573
1188	104.44573460738398	0.25831708
1189	104.65183985990198	0.25937283
1190	104.85794511241998	0.22283888
1191	105.06405036493798	0.23543628
1192	105.27015561745598	0.22381788
1193	105.47626086997398	0.19886087
1194	105.68236612249198	0.24364668
1195	105.88847137500997	0.2661828
1196	106.09457662752797	0.21025875
1197	106.30068188004597	0.21308361
1198	106.50678713256397	0.23854175
1199	106.71289238508197	0.2302514
1200	106.91899763759997	0.24805394
1201	107.12510289011797	0.22841504
1202	107.33120814263597	0.27144802
1203	107.53731339515396	0.24052669
1204	107.74341864767196	0.2752195
1205	107.94952390018999	0.2239161
1206	108.15562915270799	0.25443462
1207	108.36173440522599	0.21805638
1208	108.56783965774399	0.20493014
1209	108.77394491026199	0.25338513
1210	108.98005016277999	0.24036603
1211	109.18615541529797	0.2502611
1212	109.39226066781598	0.23742048
1213	109.59836592033398	0.21019512
1214	109.80447117285198	0.2313201
1215	110.01057642536998	0.26155025
1216	110.21668167788798	0.23786029
1217	110.42278693040598	0.24243794
1218	110.62889218292398	0.24821556
1219	110.83499743544196	0.233203
1220	111.04110268795996	0.23538145
1221	111.24720794047796	0.24230695
1222	111.45331319299596	0.2479185
1223	111.65941844551396	0.22824375
1224	111.86552369803199	0.20763469
1225	112.07162895055	0.218609
1226	112.277734203068	0.21628858
1227	112.48383945558598	0.22429407
1228	112.68994470810398	0.27090907
1229	112.89604996062198	0.2437033
1230	113.10215521313998	0.21834221
1231	113.30826046565798	0.23112082
1232	113.51436571817598	0.25800133
1233	113.72047097069398	0.20425576
1234	113.92657622321198	0.27236795
1235	114.13268147572997	0.22619458
1236	114.33878672824797	0.21754341
1237	114.54489198076597	0.24165663
1238	114.75099723328397	0.25546846
1239	114.95710248580197	0.26874197
1240	115.16320773831997	0.22928652
1241	115.36931299083797	0.22068286
1242	115.57541824335595	0.20805734
1243	115.78152349587398	0.2327589
1244	115.98762874839198	0.2063005
1245	116.19373400090998	0.21481214
1246	116.39983925342798	0.22814406
1247	116.60594450594598	0.22514945
1248	116.81204975846398	0.21573885
1249	117.01815501098199	0.25317672
1250	117.22426026349999	0.23758708
1251	117.43036551601797	0.28066072
1252	117.63647076853597	0.20468569
1253	117.84257602105397	0.24297857
1254	118.04868127357197	0.22764383
1255	118.25478652608997	0.24194047
1256	118.46089177860797	0.26025093
1257	118.66699703112597	0.22223584
1258	118.87310228364396	0.23216076
1259	119.07920753616196	0.21374865
1260	119.28531278867996	0.23196152
1261	119.49141804119796	0.22024022
1262	119.69752329371599	0.21396156
1263	119.90362854623399	0.223669
1264	120.10973379875199	0.25605085
1265	120.31583905126999	0.23959237
1266	120.52194430378799	0.19238414
1267	120.72804955630598	0.26480347
1268	120.93415480882398	0.21856351
1269	121.14026006134198	0.20705017
1270	121.34636531385998	0.23637855
1271	121.55247056637798	0.22029935
1272	121.758575818896	0.22990392
1273	121.96468107141398	0.2500652
1274	122.170786323932	0.22236702
1275	122.37689157644996	0.24940185
1276	122.58299682896799	0.27103436
1277	122.78910208148596	0.22066872
1278	122.995207334004	0.24008559
1279	123.20131258652196	0.27281636
1280	123.40741783904	0.2228693
1281	123.61352309155797	0.22763103
1282	123.819628344076	0.2086718
1283	124.02573359659395	0.23354644
1284	124.23183884911198	0.23522562
1285	124.43794410162995	0.25086352
1286	124.64404935414798	0.19148539
1287	124.85015460666595	0.24899653
1288	125.05625985918398	0.2893055
1289	125.26236511170195	0.2278898
1290	125.46847036421997	0.25792012
1291	125.674575616738	0.21615653
1292	125.88068086925597	0.25610748
1293	126.086786121774	0.23049091
1294	126.29289137429197	0.22178365
1295	126.49899662681	0.2340541
1296	126.70510187932797	0.24478224
1297	126.911207131846	0.20807219
1298	127.11731238436396	0.22671711
1299	127.32341763688198	0.30731526
1300	127.52952288939996	0.23728447
1301	127.73562814191799	0.25973827
1302	127.94173339443596	0.20091762
1303	128.14783864695397	0.2532078
1304	128.35394389947194	0.25714594
1305	128.56004915198997	0.2498622
1306	128.76615440450794	0.24682449
1307	128.97225965702597	0.25234783
1308	129.17836490954394	0.2122537
1309	129.38447016206197	0.24858104
1310	129.59057541458	0.22225825
1311	129.79668066709797	0.21134177
1312	130.002785919616	0.21349494
1313	130.20889117213397	0.21152666
1314	130.414996424652	0.21411033
1315	130.62110167716997	0.25420818
1316	130.827206929688	0.22838621
1317	131.03331218220598	0.2120803
1318	131.23941743472398	0.22125068
1319	131.44552268724195	0.22428289
1320	131.65162793975998	0.24311513
1321	131.85773319227795	0.22265548
1322	132.06383844479598	0.21759234
1323	132.26994369731395	0.2257151
1324	132.47604894983198	0.23657179
1325	132.68215420234995	0.23734309
1326	132.88825945486798	0.25650844
1327	133.09436470738595	0.21687493
1328	133.30046995990398	0.25382107
1329	133.506575212422	0.2804755
1330	133.71268046493998	0.29025805
1331	133.918785717458	0.23408537
1332	134.12489096997598	0.24920896
1333	134.330996222494	0.241595
1334	134.53710147501195	0.20790301
1335	134.74320672752998	0.24417225
1336	134.94931198004795	0.22216588
1337	135.15541723256598	0.20929895
1338	135.36152248508395	0.23183237
1339	135.56762773760198	0.29000548
1340	135.77373299011995	0.24404928
1341	135.97983824263798	0.2886428
1342	136.18594349515595	0.23598856
1343	136.39204874767398	0.2667032
1344	136.59815400019195	0.21645933
1345	136.80425925270998	0.25880247
1346	137.01036450522795	0.29378402
1347	137.21646975774598	0.19400246
1348	137.422575010264	0.23449011
1349	137.62868026278198	0.20480427
1350	137.83478551529998	0.26741475
1351	138.04089076781796	0.26933357
1352	138.24699602033598	0.23334183
1353	138.45310127285396	0.23911133
1354	138.65920652537199	0.2233581
1355	138.86531177788996	0.2165331
1356	139.07141703040799	0.20329998
1357	139.27752228292596	0.23395501
1358	139.483627535444	0.22924708
1359	139.68973278796196	0.21390168
1360	139.89583804048	0.24732983
1361	140.10194329299796	0.20775408
1362	140.308048545516	0.21970385
1363	140.51415379803396	0.24964808
1364	140.720259050552	0.24101365
1365	140.92636430306996	0.18530615
1366	141.13246955558796	0.30347982
1367	141.338574808106	0.23105596
1368	141.54468006062396	0.29287145
1369	141.750785313142	0.2380764
1370	141.95689056565996	0.27129903
1371	142.162995818178	0.2867563
1372	142.36910107069596	0.26151907
1373	142.575206323214	0.23378232
1374	142.78131157573196	0.25052208
1375	142.98741682825	0.24604356
1376	143.19352208076796	0.25515538
1377	143.399627333286	0.20966412
1378	143.60573258580396	0.24553278
1379	143.811837838322	0.26474714
1380	144.01794309083996	0.24843147
1381	144.224048343358	0.22856255
1382	144.43015359587594	0.23990217
1383	144.63625884839396	0.26162225
1384	144.84236410091194	0.23308225
1385	145.04846935342997	0.26225743
1386	145.254574605948	0.23262028
1387	145.46067985846597	0.2208202
1388	145.666785110984	0.2311517
1389	145.87289036350197	0.21614496
1390	146.07899561602	0.23946136
1391	146.28510086853797	0.23406449
1392	146.491206121056	0.22996788
1393	146.69731137357397	0.21048918
1394	146.903416626092	0.22721757
1395	147.10952187860997	0.18993428
1396	147.315627131128	0.26363572
1397	147.52173238364597	0.22565255
1398	147.72783763616397	0.21477875
1399	147.93394288868194	0.22453359
1400	148.14004814119997	0.22959635
1401	148.34615339371794	0.22182797
1402	148.55225864623597	0.21761765
1403	148.75836389875394	0.24016924
1404	148.96446915127197	0.25146663
1405	149.17057440379	0.27677652
1406	149.37667965630797	0.21863367
1407	149.582784908826	0.26084185
1408	149.78889016134397	0.2778201
1409	149.994995413862	0.22267595
1410	150.20110066637997	0.22809301
1411	150.407205918898	0.25427714
1412	150.61331117141597	0.2211235
1413	150.819416423934	0.23045029
1414	151.02552167645194	0.24874234
1415	151.23162692896997	0.27096385
1416	151.43773218148795	0.21992365
1417	151.64383743400597	0.22636966
1418	151.84994268652395	0.21334198
1419	152.05604793904197	0.26785123
1420	152.26215319155995	0.24170835
1421	152.46825844407797	0.26221082
1422	152.67436369659595	0.24325278
1423	152.88046894911398	0.24605851
1424	153.086574201632	0.25794882
1425	153.29267945414998	0.22469647
1426	153.498784706668	0.23669915
1427	153.70488995918598	0.2971618
1428	153.910995211704	0.25316617
1429	154.11710046422198	0.25317883
1430	154.32320571673998	0.25303385
1431	154.52931096925795	0.2466852
1432	154.73541622177598	0.22159591
1433	154.94152147429395	0.24162763
1434	155.14762672681198	0.2705784
1435	155.35373197932995	0.24470712
1436	155.55983723184798	0.23088722
1437	155.76594248436595	0.22899815
1438	155.97204773688398	0.22982797
1439	156.17815298940195	0.25122634
1440	156.38425824191998	0.27293968
1441	156.59036349443795	0.22175911
1442	156.79646874695598	0.24887803
1443	157.002573999474	0.20138063
1444	157.20867925199198	0.22075158
1445	157.41478450451	0.23410186
1446	157.62088975702795	0.22830199
1447	157.82699500954598	0.23953523
1448	158.03310026206395	0.23669022
1449	158.23920551458198	0.2306188
1450	158.44531076709995	0.24502209
1451	158.65141601961798	0.23300451
1452	158.85752127213595	0.19908088
1453	159.06362652465398	0.21634269
1454	159.26973177717196	0.27421707
1455	159.47583702968998	0.24091865
1456	159.68194228220796	0.23580651
1457	159.88804753472598	0.22146337
1458	160.09415278724396	0.17713197
1459	160.30025803976199	0.2759574
1460	160.50636329227996	0.23485367
1461	160.71246854479799	0.20929874
1462	160.918573797316	0.2395325
1463	161.12467904983396	0.25192305
1464	161.330784302352	0.22782482
1465	161.53688955486996	0.2769145
1466	161.742994807388	0.23347238
1467	161.94910005990596	0.24440324
1468	162.155205312424	0.24474342
1469	162.36131056494196	0.1953034
1470	162.56741581746	0.21000999
1471	162.77352106997796	0.22198932
1472	162.979626322496	0.25181046
1473	163.18573157501396	0.22685188
1474	163.391836827532	0.20888111
1475	163.59794208004996	0.27831364
1476	163.804047332568	0.21093479
1477	164.01015258508593	0.27383348
1478	164.21625783760396	0.23807727
1479	164.42236309012193	0.20613466
1480	164.62846834263996	0.20399855
1481	164.834573595158	0.26130384
1482	165.04067884767596	0.23548302
1483	165.246784100194	0.22648382
1484	165.45288935271196	0.20736569
1485	165.65899460523	0.18715392
1486	165.86509985774796	0.21012942
1487	166.071205110266	0.22317733
1488	166.27731036278396	0.21564873
1489	166.483415615302	0.25931814
1490	166.68952086781997	0.25134483
1491	166.895626120338	0.21407221
1492	167.10173137285597	0.23327745
1493	167.307836625374	0.28305775
1494	167.51394187789194	0.24178383
1495	167.72004713040997	0.26905414
1496	167.92615238292794	0.22961172
1497	168.13225763544597	0.24280342
1498	168.33836288796394	0.22733419
1499	168.54446814048197	0.21919392
