	velocity	Amplitude
0	-112.846435595	0.28531602
1	-112.640331577925	0.3233108
2	-112.43422756085	0.27660406
3	-112.228123543775	0.31616583
4	-112.0220195267	0.28608125
5	-111.815915509625	0.25193527
6	-111.60981149255	0.26369992
7	-111.403707475475	0.34254834
8	-111.1976034584	0.30194414
9	-110.991499441325	0.27156186
10	-110.78539542425	0.31324673
11	-110.57929140717499	0.28823283
12	-110.37318739010001	0.3161757
13	-110.16708337302501	0.2811362
14	-109.96097935595	0.2831421
15	-109.75487533887501	0.2863769
16	-109.5487713218	0.27702495
17	-109.34266730472501	0.2677048
18	-109.13656328765	0.22416519
19	-108.930459270575	0.26542354
20	-108.72435525350001	0.2774087
21	-108.518251236425	0.31759083
22	-108.31214721935001	0.25688782
23	-108.106043202275	0.2889976
24	-107.8999391852	0.2478126
25	-107.693835168125	0.22807045
26	-107.48773115105	0.32865107
27	-107.28162713397501	0.2788341
28	-107.0755231169	0.28691918
29	-106.869419099825	0.30847612
30	-106.66331508275	0.286523
31	-106.457211065675	0.24195535
32	-106.2511070486	0.28928924
33	-106.045003031525	0.28002414
34	-105.83889901444999	0.35218814
35	-105.632794997375	0.28906187
36	-105.4266909803	0.34937024
37	-105.220586963225	0.29398894
38	-105.01448294615001	0.24240461
39	-104.808378929075	0.28102884
40	-104.60227491200001	0.29101145
41	-104.396170894925	0.29002172
42	-104.19006687785	0.33434469
43	-103.98396286077501	0.3025992
44	-103.7778588437	0.28365296
45	-103.57175482662501	0.33628288
46	-103.36565080955	0.3332041
47	-103.159546792475	0.30065155
48	-102.9534427754	0.28260127
49	-102.747338758325	0.31917283
50	-102.54123474125	0.30057716
51	-102.335130724175	0.2755276
52	-102.1290267071	0.26272652
53	-101.922922690025	0.26474115
54	-101.71681867295	0.32920304
55	-101.51071465587499	0.27656308
56	-101.3046106388	0.2631044
57	-101.098506621725	0.28667653
58	-100.89240260465	0.2437526
59	-100.686298587575	0.24206324
60	-100.48019457049999	0.29226983
61	-100.27409055342501	0.254888
62	-100.06798653635	0.29041034
63	-99.86188251927501	0.3203881
64	-99.65577850220001	0.28848773
65	-99.449674485125	0.29871318
66	-99.24357046805001	0.30874828
67	-99.037466450975	0.25467396
68	-98.83136243390001	0.30118662
69	-98.625258416825	0.2538513
70	-98.41915439975	0.26803988
71	-98.21305038267501	0.2745266
72	-98.0069463656	0.30352956
73	-97.80084234852501	0.29259896
74	-97.59473833145	0.26495522
75	-97.388634314375	0.27511853
76	-97.1825302973	0.27248606
77	-96.976426280225	0.28398713
78	-96.77032226315	0.31284624
79	-96.564218246075	0.24311966
80	-96.358114229	0.30201626
81	-96.152010211925	0.29953766
82	-95.94590619485	0.32185665
83	-95.739802177775	0.30104476
84	-95.5336981607	0.3334059
85	-95.327594143625	0.2686193
86	-95.12149012655	0.2830946
87	-94.91538610947501	0.31637698
88	-94.70928209240002	0.2521357
89	-94.50317807532501	0.32613018
90	-94.29707405825	0.2667042
91	-94.090970041175	0.28602353
92	-93.8848660241	0.29185534
93	-93.678762007025	0.3116901
94	-93.47265798995001	0.27099752
95	-93.266553972875	0.28229284
96	-93.0604499558	0.26155144
97	-92.854345938725	0.27396476
98	-92.64824192165	0.26863605
99	-92.442137904575	0.25763178
100	-92.2360338875	0.2753999
101	-92.029929870425	0.31849036
102	-91.82382585335	0.25615978
103	-91.617721836275	0.25210506
104	-91.4116178192	0.2659506
105	-91.205513802125	0.25182837
106	-90.99940978504999	0.35085177
107	-90.793305767975	0.3429073
108	-90.5872017509	0.26665354
109	-90.38109773382502	0.3404047
110	-90.17499371675001	0.28806713
111	-89.968889699675	0.30263564
112	-89.76278568260001	0.270372
113	-89.556681665525	0.2819628
114	-89.35057764845001	0.2768952
115	-89.144473631375	0.27126473
116	-88.9383696143	0.30337232
117	-88.73226559722501	0.27094042
118	-88.52616158015	0.24824947
119	-88.32005756307501	0.23221281
120	-88.113953546	0.27483946
121	-87.907849528925	0.25957403
122	-87.70174551185	0.29755646
123	-87.495641494775	0.3352281
124	-87.28953747770001	0.29570732
125	-87.083433460625	0.3351334
126	-86.87732944355	0.2730833
127	-86.67122542647499	0.2638433
128	-86.4651214094	0.26700306
129	-86.259017392325	0.2853093
130	-86.05291337525	0.3201443
131	-85.846809358175	0.2847129
132	-85.64070534109999	0.25056905
133	-85.43460132402501	0.32087815
134	-85.22849730695	0.2590632
135	-85.02239328987501	0.28500146
136	-84.8162892728	0.25686428
137	-84.610185255725	0.25342914
138	-84.40408123865001	0.28112966
139	-84.197977221575	0.25895226
140	-83.99187320450001	0.29883558
141	-83.785769187425	0.34418932
142	-83.57966517035	0.29723155
143	-83.373561153275	0.27605438
144	-83.1674571362	0.29677287
145	-82.96135311912501	0.282266
146	-82.75524910205	0.3014405
147	-82.549145084975	0.28250653
148	-82.3430410679	0.25863233
149	-82.136937050825	0.32013795
150	-81.93083303375	0.27326822
151	-81.724729016675	0.28287148
152	-81.5186249996	0.26785415
153	-81.312520982525	0.23622224
154	-81.10641696545	0.28500748
155	-80.900312948375	0.25352955
156	-80.6942089313	0.32117814
157	-80.48810491422499	0.25547206
158	-80.28200089715001	0.24664839
159	-80.075896880075	0.25739026
160	-79.86979286300001	0.33489576
161	-79.66368884592501	0.2923438
162	-79.45758482885	0.27665424
163	-79.251480811775	0.33712962
164	-79.0453767947	0.30118847
165	-78.83927277762501	0.2665407
166	-78.63316876055	0.29065964
167	-78.427064743475	0.27095222
168	-78.2209607264	0.3079273
169	-78.014856709325	0.30987817
170	-77.80875269225001	0.29487205
171	-77.602648675175	0.30234104
172	-77.3965446581	0.31367064
173	-77.19044064102499	0.28710693
174	-76.98433662395	0.27828452
175	-76.77823260687501	0.29862145
176	-76.5721285898	0.3439312
177	-76.366024572725	0.27608654
178	-76.15992055564999	0.29329854
179	-75.953816538575	0.2481112
180	-75.7477125215	0.33927113
181	-75.541608504425	0.25159654
182	-75.33550448735001	0.30640763
183	-75.129400470275	0.27266216
184	-74.92329645320001	0.28867888
185	-74.71719243612502	0.31561396
186	-74.51108841905001	0.28238344
187	-74.304984401975	0.2746403
188	-74.0988803849	0.25755587
189	-73.89277636782501	0.2996432
190	-73.68667235075	0.25376505
191	-73.48056833367501	0.30005056
192	-73.2744643166	0.29938638
193	-73.068360299525	0.32586575
194	-72.86225628245	0.26009727
195	-72.656152265375	0.30059463
196	-72.4500482483	0.26548725
197	-72.243944231225	0.28259104
198	-72.03784021415	0.28275156
199	-71.83173619707499	0.26861233
200	-71.62563218	0.2646291
201	-71.419528162925	0.2620402
202	-71.21342414585	0.27421623
203	-71.00732012877499	0.2642545
204	-70.80121611169999	0.26639178
205	-70.595112094625	0.24423283
206	-70.38900807755002	0.3331826
207	-70.18290406047501	0.3168715
208	-69.9768000434	0.28090206
209	-69.770696026325	0.31900576
210	-69.56459200925	0.29093194
211	-69.35848799217501	0.30618417
212	-69.15238397510001	0.29370332
213	-68.946279958025	0.32102942
214	-68.74017594095	0.2795076
215	-68.534071923875	0.26626635
216	-68.32796790680001	0.29241598
217	-68.121863889725	0.24854866
218	-67.91575987265	0.26836956
219	-67.709655855575	0.27231503
220	-67.5035518385	0.27517992
221	-67.29744782142501	0.28567684
222	-67.09134380435	0.30657884
223	-66.885239787275	0.2605093
224	-66.67913577019999	0.26979053
225	-66.473031753125	0.2978494
226	-66.26692773605001	0.26565704
227	-66.060823718975	0.3211699
228	-65.8547197019	0.2691673
229	-65.64861568482499	0.27853215
230	-65.44251166775001	0.2789049
231	-65.236407650675	0.2949159
232	-65.0303036336	0.3227014
233	-64.82419961652501	0.2783272
234	-64.61809559945	0.31255895
235	-64.41199158237501	0.29497066
236	-64.2058875653	0.25785023
237	-63.999783548225004	0.28657866
238	-63.793679531150005	0.26760936
239	-63.587575514075006	0.2564955
240	-63.38147149700001	0.30449897
241	-63.175367479925	0.27237773
242	-62.96926346285	0.33190948
243	-62.763159445775	0.3175023
244	-62.557055428700004	0.29748133
245	-62.350951411625	0.27084506
246	-62.14484739455	0.23156537
247	-61.938743377475	0.28242224
248	-61.73263936040001	0.28378448
249	-61.52653534332501	0.31850547
250	-61.32043132625	0.262055
251	-61.114327309175	0.2706553
252	-60.908223292100004	0.31068796
253	-60.702119275025005	0.28954208
254	-60.49601525795	0.29534337
255	-60.289911240875	0.2944385
256	-60.0838072238	0.32895628
257	-59.877703206725	0.29914418
258	-59.67159918965	0.36965197
259	-59.465495172575	0.2676658
260	-59.259391155500005	0.24205054
261	-59.053287138425006	0.31950143
262	-58.84718312135001	0.24982291
263	-58.641079104275	0.29074904
264	-58.4349750872	0.33457708
265	-58.228871070125	0.3015401
266	-58.02276705305	0.27517888
267	-57.816663035975004	0.25437805
268	-57.6105590189	0.34756824
269	-57.404455001825	0.27613544
270	-57.19835098475	0.258245
271	-56.992246967675	0.2812403
272	-56.786142950599995	0.2716506
273	-56.580038933525	0.27699566
274	-56.373934916450004	0.32692778
275	-56.167830899375005	0.34068525
276	-55.961726882300006	0.30449638
277	-55.755622865225	0.2524014
278	-55.54951884815	0.25831026
279	-55.343414831075	0.2590044
280	-55.137310814	0.26468274
281	-54.931206796925004	0.23407084
282	-54.72510277985	0.26499617
283	-54.518998762775	0.29639676
284	-54.31289474570001	0.27242002
285	-54.10679072862501	0.30917144
286	-53.90068671155	0.3057116
287	-53.694582694475	0.27638468
288	-53.4884786774	0.30243483
289	-53.282374660325004	0.30633703
290	-53.076270643250005	0.2774176
291	-52.870166626175	0.30857903
292	-52.6640626091	0.2619446
293	-52.457958592025	0.3513232
294	-52.25185457495	0.29875347
295	-52.045750557874996	0.25264317
296	-51.8396465408	0.25959778
297	-51.633542523725005	0.2537381
298	-51.427438506650006	0.28778982
299	-51.22133448957501	0.31416386
300	-51.0152304725	0.34309676
301	-50.809126455425	0.31284758
302	-50.60302243835	0.29231536
303	-50.396918421275004	0.25728163
304	-50.190814404200005	0.27091825
305	-49.984710387125	0.29349187
306	-49.77860637005	0.29945526
307	-49.572502352975	0.27612308
308	-49.3663983359	0.22388405
309	-49.160294318825	0.26511526
310	-48.95419030175	0.24985611
311	-48.748086284675004	0.26652476
312	-48.541982267600005	0.31186208
313	-48.335878250525006	0.26668382
314	-48.12977423345	0.24569067
315	-47.923670216375	0.3696604
316	-47.7175661993	0.3426699
317	-47.511462182225	0.31701958
318	-47.30535816515	0.2567954
319	-47.099254148075005	0.32998985
320	-46.893150131	0.27817523
321	-46.687046113925	0.28580353
322	-46.48094209685001	0.28282976
323	-46.274838079775	0.29002142
324	-46.06873406270001	0.28194302
325	-45.862630045625004	0.2820061
326	-45.65652602855	0.25644034
327	-45.450422011475005	0.3350328
328	-45.2443179944	0.24822941
329	-45.03821397732501	0.28522062
330	-44.83210996025	0.2788032
331	-44.626005943174995	0.29085863
332	-44.4199019261	0.2957077
333	-44.213797909025004	0.27972287
334	-44.00769389195	0.28818703
335	-43.801589874875006	0.26715976
336	-43.5954858578	0.24281701
337	-43.38938184072501	0.29359272
338	-43.18327782365	0.28911424
339	-42.977173806574996	0.32643953
340	-42.771069789500004	0.3323032
341	-42.564965772425	0.24574296
342	-42.358861755350006	0.32227424
343	-42.152757738275	0.2742577
344	-41.94665372119999	0.3145529
345	-41.74054970412501	0.31840342
346	-41.53444568705	0.31095913
347	-41.32834166997501	0.30564588
348	-41.122237652900004	0.2476851
349	-40.916133635825	0.28335005
350	-40.710029618750006	0.2674688
351	-40.503925601675	0.25510123
352	-40.29782158460001	0.2890966
353	-40.091717567525	0.23905885
354	-39.885613550449996	0.28542018
355	-39.679509533375004	0.26933122
356	-39.4734055163	0.28421396
357	-39.267301499225	0.28962487
358	-39.06119748215001	0.32310814
359	-38.855093465075	0.26047558
360	-38.64898944800001	0.3019399
361	-38.442885430925	0.29817688
362	-38.23678141385	0.29264176
363	-38.030677396775005	0.30949578
364	-37.8245733797	0.26460132
365	-37.61846936262501	0.39869827
366	-37.41236534555	0.25360364
367	-37.206261328474994	0.27575195
368	-37.0001573114	0.27839673
369	-36.794053294325	0.2571054
370	-36.58794927725001	0.25540787
371	-36.381845260175005	0.2983631
372	-36.1757412431	0.25481218
373	-35.96963722602501	0.270078
374	-35.76353320895	0.31949022
375	-35.557429191874995	0.2750042
376	-35.3513251748	0.29068688
377	-35.145221157725	0.29519135
378	-34.939117140650005	0.26384985
379	-34.733013123575	0.25571203
380	-34.52690910649999	0.32289878
381	-34.32080508942501	0.2851542
382	-34.11470107235	0.279886
383	-33.90859705527501	0.26652208
384	-33.702493038200004	0.3007458
385	-33.496389021125	0.30131885
386	-33.290285004050006	0.24428105
387	-33.084180986975	0.33419928
388	-32.87807696990001	0.33156636
389	-32.671972952825	0.29723042
390	-32.465868935749995	0.2668868
391	-32.259764918675	0.33244124
392	-32.0536609016	0.30678016
393	-31.84755688452501	0.3311141
394	-31.641452867450003	0.25299346
395	-31.435348850374996	0.2788441
396	-31.229244833300008	0.2730494
397	-31.023140816225002	0.3084285
398	-30.817036799149996	0.3132876
399	-30.610932782075004	0.2928827
400	-30.404828764999998	0.26880425
401	-30.198724747925006	0.3178559
402	-29.992620730850003	0.26944053
403	-29.786516713774997	0.3076793
404	-29.580412696700005	0.29092747
405	-29.374308679625	0.2619939
406	-29.168204662550007	0.28459883
407	-28.962100645475	0.3013708
408	-28.755996628399995	0.26730198
409	-28.549892611325006	0.28056258
410	-28.34378859425	0.29627234
411	-28.13768457717501	0.25771412
412	-27.931580560100002	0.3082373
413	-27.725476543024996	0.30317685
414	-27.519372525950008	0.40858436
415	-27.313268508875	0.23913237
416	-27.107164491799995	0.2464504
417	-26.901060474725004	0.31228924
418	-26.694956457649997	0.2796105
419	-26.488852440575005	0.27225778
420	-26.282748423500003	0.28317788
421	-26.076644406424997	0.2976892
422	-25.870540389350005	0.24586591
423	-25.664436372275	0.27891648
424	-25.458332355200007	0.31658047
425	-25.252228338125	0.28732964
426	-25.046124321049994	0.29483792
427	-24.840020303975006	0.25669706
428	-24.6339162869	0.2775977
429	-24.427812269825008	0.23879759
430	-24.221708252750002	0.24270949
431	-24.015604235674996	0.28829223
432	-23.809500218600007	0.24661694
433	-23.603396201525	0.24081255
434	-23.39729218445001	0.28944397
435	-23.191188167375003	0.3315106
436	-22.985084150299997	0.28506175
437	-22.778980133225005	0.33037943
438	-22.57287611615	0.3361491
439	-22.366772099074996	0.25643605
440	-22.160668082000004	0.2883371
441	-21.954564064925	0.32877386
442	-21.748460047850006	0.23824139
443	-21.542356030775	0.26229882
444	-21.336252013699994	0.26597863
445	-21.130147996625006	0.2944244
446	-20.92404397955	0.3451634
447	-20.717939962475008	0.28957558
448	-20.5118359454	0.29330677
449	-20.305731928324995	0.30191663
450	-20.099627911250003	0.30159858
451	-19.893523894175	0.30468708
452	-19.68741987710001	0.24723932
453	-19.481315860025003	0.3088816
454	-19.275211842949997	0.22522132
455	-19.069107825875005	0.293957
456	-18.8630038088	0.30623022
457	-18.65689979172501	0.31137973
458	-18.450795774650004	0.29039252
459	-18.244691757574998	0.3196242
460	-18.038587740500006	0.31337208
461	-17.832483723425	0.29335093
462	-17.626379706349994	0.24871014
463	-17.420275689275005	0.30309573
464	-17.2141716722	0.2750793
465	-17.008067655125007	0.28547966
466	-16.80196363805	0.3062008
467	-16.595859620974995	0.27579838
468	-16.389755603900003	0.3088515
469	-16.183651586825	0.2816047
470	-15.977547569750008	0.28641784
471	-15.771443552675002	0.26946622
472	-15.565339535599996	0.26110047
473	-15.359235518525006	0.22326192
474	-15.15313150145	0.31191713
475	-14.947027484375008	0.27193043
476	-14.740923467300004	0.2887033
477	-14.534819450224997	0.26982957
478	-14.328715433150006	0.2738588
479	-14.122611416075001	0.29060197
480	-13.91650739900001	0.28992498
481	-13.710403381925003	0.30371016
482	-13.504299364849997	0.288239
483	-13.298195347775007	0.32924166
484	-13.0920913307	0.34455088
485	-12.885987313624994	0.3334359
486	-12.679883296550004	0.28027838
487	-12.473779279474998	0.2789323
488	-12.267675262400008	0.30487955
489	-12.061571245325002	0.27951363
490	-11.855467228249996	0.26468286
491	-11.649363211175006	0.25555813
492	-11.4432591941	0.27796274
493	-11.237155177025008	0.32253498
494	-11.031051159950003	0.24306774
495	-10.824947142874997	0.2843269
496	-10.618843125800005	0.2563773
497	-10.412739108724999	0.26480666
498	-10.206635091650009	0.2671607
499	-10.000531074575003	0.23119643
500	-9.794427057499997	0.30312863
501	-9.588323040425006	0.29421356
502	-9.38221902335	0.27655998
503	-9.176115006274994	0.2388202
504	-8.970010989200004	0.2475054
505	-8.763906972124998	0.21501511
506	-8.557802955050008	0.24458598
507	-8.351698937975002	0.2585153
508	-8.145594920899995	0.3501761
509	-7.939490903825004	0.24241415
510	-7.733386886749999	0.27514502
511	-7.527282869675007	0.24226375
512	-7.321178852600002	0.2655744
513	-7.115074835524996	0.33827913
514	-6.908970818450005	0.23864517
515	-6.7028668013749995	0.27458966
516	-6.496762784300008	0.3514558
517	-6.290658767225002	0.2532292
518	-6.084554750149997	0.25399417
519	-5.878450733075006	0.258501
520	-5.672346716	0.22720647
521	-5.466242698925009	0.27389118
522	-5.2601386818500036	0.24719965
523	-5.054034664774997	0.22823843
524	-4.847930647700006	0.2649027
525	-4.641826630625001	0.24833587
526	-4.435722613549995	0.25665215
527	-4.229618596475004	0.26272684
528	-4.023514579399998	0.19270931
529	-3.817410562325007	0.19625919
530	-3.6113065452500015	0.21320403
531	-3.405202528174996	0.23696363
532	-3.1990985111000048	0.2408008
533	-2.992994494024999	0.27269387
534	-2.7868904769500076	0.29107362
535	-2.580786459875002	0.23715922
536	-2.374682442799996	0.21863803
537	-2.168578425725005	0.28767937
538	-1.9624744086499994	0.27394497
539	-1.7563703915750084	0.24609199
540	-1.5502663745000027	0.32596982
541	-1.344162357424997	0.29894587
542	-1.138058340350006	0.21758398
543	-0.9319543232750002	0.26324576
544	-0.7258503061999945	0.28658342
545	-0.5197462891250034	0.27958935
546	-0.31364227204999773	0.27205965
547	-0.10753825497500656	0.28802794
548	0.09856576209999912	0.29188502
549	0.3046697791750048	0.2562586
550	0.510773796249996	0.28904587
551	0.7168778133250017	0.26490155
552	0.9229818303999927	0.24138735
553	1.1290858474749985	0.23543692
554	1.3351898645500042	0.28242105
555	1.5412938816249953	0.31351176
556	1.747397898700001	0.3132094
557	1.953501915774992	0.2562074
558	2.1596059328499977	0.27339408
559	2.3657099499250034	0.25806105
560	2.5718139669999944	0.31088603
561	2.777917984075	0.29126447
562	2.9840220011499916	0.21888378
563	3.1901260182249973	0.2506388
564	3.396230035300003	0.24975258
565	3.602334052374994	0.28658646
566	3.8084380694499997	0.304614
567	4.014542086525005	0.27137718
568	4.2206461035999965	0.32215363
569	4.426750120675002	0.26376578
570	4.632854137749994	0.29233652
571	4.838958154824999	0.23733272
572	5.045062171900005	0.29625788
573	5.251166188974996	0.236402
574	5.457270206050001	0.29792488
575	5.663374223124992	0.26735687
576	5.8694782401999985	0.247042
577	6.075582257275004	0.26797783
578	6.281686274349995	0.2069293
579	6.487790291425001	0.21345055
580	6.693894308499992	0.24238706
581	6.899998325574997	0.28242594
582	7.106102342650003	0.27391636
583	7.312206359724994	0.2281245
584	7.5183103768	0.3038876
585	7.724414393874992	0.28694314
586	7.930518410949997	0.31477147
587	8.136622428025003	0.26206696
588	8.342726445099993	0.2908519
589	8.548830462175	0.22322239
590	8.754934479250005	0.3280066
591	8.961038496324996	0.26200536
592	9.167142513400002	0.28017974
593	9.373246530474994	0.28751418
594	9.579350547549998	0.22954844
595	9.785454564625004	0.31754977
596	9.991558581699996	0.2618874
597	10.197662598775	0.2780543
598	10.403766615849992	0.2597648
599	10.609870632924999	0.27200684
600	10.815974650000003	0.2488448
601	11.022078667074995	0.317847
602	11.228182684150001	0.25217792
603	11.434286701224991	0.2792272
604	11.640390718299997	0.24400742
605	11.846494735375003	0.26326665
606	12.052598752449994	0.2754399
607	12.258702769525	0.25019443
608	12.464806786599992	0.27546328
609	12.670910803674996	0.24359906
610	12.877014820750002	0.28608042
611	13.083118837824994	0.26459196
612	13.289222854899998	0.32424164
613	13.495326871975005	0.25625938
614	13.701430889049997	0.2676768
615	13.907534906125	0.27478197
616	14.113638923199993	0.2803269
617	14.319742940274999	0.2760567
618	14.525846957350005	0.24850592
619	14.731950974424995	0.25307614
620	14.938054991500001	0.29921955
621	15.144159008574992	0.3114249
622	15.350263025649998	0.26031023
623	15.556367042725004	0.26071328
624	15.762471059799994	0.2925712
625	15.968575076875	0.24705987
626	16.17467909394999	0.25982273
627	16.380783111024996	0.30053717
628	16.586887128100003	0.2837826
629	16.792991145174994	0.2548014
630	16.99909516225	0.2850702
631	17.205199179325007	0.30417678
632	17.411303196399995	0.27691734
633	17.617407213475	0.2975089
634	17.823511230549993	0.23974906
635	18.029615247625	0.3116713
636	18.235719264700005	0.27520627
637	18.44182328177501	0.25602832
638	18.647927298849986	0.2945189
639	18.854031315924992	0.24693763
640	19.060135332999998	0.2655168
641	19.266239350075004	0.2671822
642	19.47234336715001	0.23569307
643	19.678447384224988	0.2711631
644	19.88455140129999	0.25924626
645	20.090655418374997	0.2612075
646	20.296759435450003	0.27164483
647	20.50286345252501	0.26706615
648	20.708967469599987	0.2604652
649	20.915071486674993	0.2982659
650	21.121175503749996	0.26521647
651	21.327279520825	0.27400798
652	21.533383537900008	0.3060273
653	21.739487554974986	0.3342003
654	21.94559157204999	0.2840595
655	22.151695589124998	0.277701
656	22.3577996062	0.25977314
657	22.563903623275007	0.32074347
658	22.770007640349984	0.28675655
659	22.97611165742499	0.2451983
660	23.182215674499997	0.26668015
661	23.388319691575003	0.2519544
662	23.594423708650005	0.27648818
663	23.80052772572501	0.27423677
664	24.00663174279999	0.30561084
665	24.212735759874995	0.27941948
666	24.41883977695	0.27196798
667	24.624943794025008	0.24461572
668	24.831047811100014	0.30079216
669	25.037151828174988	0.31300014
670	25.243255845249994	0.27433947
671	25.449359862325	0.3022683
672	25.655463879400006	0.30738404
673	25.861567896475012	0.27748278
674	26.067671913549987	0.25960276
675	26.273775930624993	0.25859755
676	26.4798799477	0.28043523
677	26.685983964775005	0.26926166
678	26.89208798185001	0.29953426
679	27.09819199892499	0.30051485
680	27.30429601599999	0.27282172
681	27.510400033074998	0.28722104
682	27.716504050150004	0.2705187
683	27.92260806722501	0.26773706
684	28.128712084299988	0.36711663
685	28.334816101374994	0.29907578
686	28.540920118449996	0.24245715
687	28.747024135525002	0.28914627
688	28.95312815260001	0.29770496
689	29.159232169674986	0.25229603
690	29.365336186749992	0.30339748
691	29.571440203825	0.28182608
692	29.777544220900005	0.24565719
693	29.983648237975007	0.28820175
694	30.189752255049985	0.3508175
695	30.39585627212499	0.26074755
696	30.601960289199997	0.279295
697	30.808064306275003	0.24379204
698	31.01416832335001	0.27406356
699	31.220272340424984	0.32560426
700	31.42637635749999	0.3302171
701	31.632480374574996	0.23714983
702	31.838584391650002	0.28066403
703	32.04468840872501	0.26021063
704	32.250792425799986	0.296452
705	32.45689644287499	0.29697934
706	32.66300045995	0.29769903
707	32.869104477025004	0.2603508
708	33.0752084941	0.27026743
709	33.28131251117501	0.28056133
710	33.48741652824999	0.2714793
711	33.69352054532499	0.2879973
712	33.8996245624	0.26246104
713	34.105728579475006	0.26609722
714	34.31183259655001	0.22867173
715	34.51793661362499	0.26913178
716	34.724040630699996	0.27808505
717	34.930144647775	0.27612716
718	35.13624866485001	0.24730393
719	35.342352681925014	0.29916018
720	35.548456698999985	0.27750847
721	35.75456071607499	0.26588964
722	35.96066473315	0.2760419
723	36.166768750225	0.25612164
724	36.37287276730001	0.26123294
725	36.57897678437499	0.26429614
726	36.78508080144999	0.3132994
727	36.991184818525	0.28025916
728	37.197288835600006	0.27325058
729	37.40339285267501	0.25117072
730	37.60949686974999	0.25923997
731	37.81560088682499	0.27070624
732	38.021704903899995	0.2761792
733	38.227808920975	0.3045545
734	38.43391293805001	0.35590473
735	38.640016955124985	0.28167522
736	38.84612097219999	0.31145105
737	39.052224989275	0.28560218
738	39.25832900635	0.29115677
739	39.46443302342501	0.26238284
740	39.67053704049999	0.25579768
741	39.87664105757499	0.27385366
742	40.08274507465	0.22119187
743	40.288849091725005	0.26240715
744	40.494953108800004	0.2803949
745	40.70105712587498	0.2964267
746	40.90716114294999	0.22614813
747	41.113265160024994	0.27615213
748	41.3193691771	0.26745534
749	41.52547319417501	0.30521262
750	41.73157721125001	0.31323868
751	41.93768122832499	0.28870833
752	42.1437852454	0.25054914
753	42.349889262475	0.31199658
754	42.55599327955001	0.29024446
755	42.762097296625015	0.27101302
756	42.968201313699986	0.25784782
757	43.17430533077499	0.32131523
758	43.38040934785	0.24509862
759	43.586513364925004	0.2799015
760	43.79261738200001	0.27918184
761	43.99872139907499	0.2600355
762	44.204825416149994	0.30674145
763	44.410929433225	0.30735895
764	44.617033450300006	0.280299
765	44.82313746737501	0.27165493
766	45.02924148444999	0.2874779
767	45.235345501524996	0.27468738
768	45.441449518599995	0.3207608
769	45.647553535675	0.25101507
770	45.85365755275001	0.2680023
771	46.059761569824985	0.33966577
772	46.26586558689999	0.26452702
773	46.471969603975	0.30781716
774	46.678073621050004	0.27240974
775	46.88417763812501	0.30675116
776	47.09028165519999	0.34086764
777	47.296385672274994	0.28940833
778	47.50248968935	0.2655807
779	47.708593706425006	0.2934844
780	47.914697723500005	0.2574973
781	48.12080174057498	0.3031811
782	48.32690575764999	0.29540634
783	48.533009774724995	0.32621968
784	48.7391137918	0.29614517
785	48.94521780887501	0.20713776
786	49.151321825949985	0.28512454
787	49.35742584302499	0.28876662
788	49.5635298601	0.28321528
789	49.769633877175	0.313242
790	49.97573789425001	0.27758253
791	50.181841911325016	0.28537694
792	50.387945928399986	0.26659036
793	50.59404994547499	0.23099184
794	50.80015396255	0.264324
795	51.006257979625005	0.25214174
796	51.21236199670001	0.2924627
797	51.41846601377499	0.299775
798	51.624570030849995	0.24830082
799	51.830674047925	0.30932656
800	52.03677806500001	0.26713777
801	52.24288208207501	0.24989651
802	52.44898609914999	0.3082855
803	52.655090116225	0.2654794
804	52.861194133299996	0.2575524
805	53.067298150375	0.27135414
806	53.27340216745001	0.28718638
807	53.479506184524986	0.34435347
808	53.68561020159999	0.26348838
809	53.891714218675	0.24439508
810	54.097818235750005	0.27574104
811	54.30392225282501	0.2888453
812	54.51002626989999	0.2660594
813	54.716130286974995	0.2963376
814	54.92223430405	0.27258193
815	55.12833832112501	0.28921917
816	55.33444233820001	0.304291
817	55.540546355274984	0.29044616
818	55.74665037234999	0.3363477
819	55.952754389424996	0.29090095
820	56.1588584065	0.26420605
821	56.36496242357501	0.25820333
822	56.571066440649986	0.25204456
823	56.77717045772499	0.29799026
824	56.9832744748	0.2785071
825	57.189378491875004	0.31559974
826	57.39548250895001	0.2771011
827	57.60158652602499	0.35858035
828	57.80769054309999	0.2878043
829	58.01379456017499	0.2709732
830	58.21989857725	0.26736557
831	58.426002594325006	0.29432526
832	58.63210661140001	0.2900271
833	58.83821062847499	0.24639545
834	59.044314645549996	0.2642332
835	59.250418662625	0.28089347
836	59.45652267970001	0.26203367
837	59.662626696775014	0.28646523
838	59.86873071384999	0.26115477
839	60.074834730925	0.2482008
840	60.280938748	0.28804383
841	60.487042765075	0.27712676
842	60.69314678215001	0.21461533
843	60.89925079922499	0.29615253
844	61.10535481629999	0.30863816
845	61.311458833375	0.29105377
846	61.517562850450005	0.35512576
847	61.72366686752501	0.25400436
848	61.92977088459999	0.2699749
849	62.135874901674995	0.29454482
850	62.34197891875	0.29365134
851	62.54808293582501	0.27643073
852	62.754186952900014	0.25812784
853	62.960290969974984	0.3339631
854	63.16639498704999	0.25812352
855	63.372499004125	0.28024393
856	63.5786030212	0.26433268
857	63.78470703827501	0.2566454
858	63.99081105534999	0.33029836
859	64.19691507242499	0.23644556
860	64.40301908949999	0.2697102
861	64.609123106575	0.28072876
862	64.81522712365	0.34998977
863	65.02133114072498	0.25008285
864	65.22743515779999	0.29767248
865	65.433539174875	0.31090724
866	65.63964319195	0.2803529
867	65.845747209025	0.284404
868	66.05185122609998	0.26915434
869	66.25795524317499	0.2639817
870	66.46405926025	0.28775275
871	66.670163277325	0.28424996
872	66.87626729440001	0.27629203
873	67.08237131147499	0.29078236
874	67.28847532854999	0.27422974
875	67.494579345625	0.296142
876	67.7006833627	0.24976864
877	67.90678737977501	0.23570281
878	68.11289139685002	0.3187274
879	68.318995413925	0.27804977
880	68.525099431	0.3034749
881	68.73120344807501	0.3336886
882	68.93730746515001	0.23775966
883	69.143411482225	0.25677097
884	69.34951549929998	0.28339523
885	69.55561951637499	0.2888741
886	69.76172353345	0.25399336
887	69.967827550525	0.27255017
888	70.17393156760001	0.29319155
889	70.38003558467499	0.27669603
890	70.58613960174999	0.3305436
891	70.792243618825	0.3358188
892	70.9983476359	0.2483634
893	71.20445165297501	0.26866835
894	71.41055567004999	0.25976223
895	71.616659687125	0.31273448
896	71.8227637042	0.29029116
897	72.028867721275	0.23837763
898	72.23497173835001	0.26588944
899	72.44107575542499	0.25091892
900	72.6471797725	0.2509374
901	72.853283789575	0.28892195
902	73.05938780665001	0.2811932
903	73.26549182372501	0.26065758
904	73.47159584079999	0.31679314
905	73.677699857875	0.26890916
906	73.88380387495	0.2939863
907	74.089907892025	0.31586334
908	74.2960119091	0.30555668
909	74.50211592617498	0.3241867
910	74.70821994324999	0.27774793
911	74.91432396032499	0.32268825
912	75.1204279774	0.30765903
913	75.326531994475	0.32229266
914	75.53263601154998	0.30279565
915	75.73874002862499	0.27318454
916	75.9448440457	0.32585573
917	76.150948062775	0.2872902
918	76.35705207985	0.3303983
919	76.56315609692501	0.26019955
920	76.76926011399999	0.32078508
921	76.975364131075	0.2541596
922	77.18146814815	0.30686176
923	77.38757216522501	0.26575178
924	77.59367618230002	0.27923936
925	77.799780199375	0.2682563
926	78.00588421645	0.28395036
927	78.211988233525	0.30851498
928	78.41809225060001	0.27564293
929	78.62419626767502	0.27434942
930	78.83030028475	0.2761103
931	79.03640430182499	0.3391227
932	79.2425083189	0.2876158
933	79.448612335975	0.26317346
934	79.65471635305	0.28123432
935	79.86082037012498	0.2638319
936	80.06692438719999	0.26518816
937	80.273028404275	0.26959687
938	80.47913242135	0.31701022
939	80.68523643842501	0.26375717
940	80.89134045549999	0.29975012
941	81.09744447257499	0.29358
942	81.30354848965	0.2599113
943	81.509652506725	0.3027683
944	81.71575652380001	0.30459836
945	81.92186054087499	0.24465488
946	82.12796455795	0.2857347
947	82.334068575025	0.30109182
948	82.5401725921	0.2526458
949	82.74627660917501	0.30917382
950	82.95238062624999	0.30660385
951	83.158484643325	0.28032476
952	83.3645886604	0.3044459
953	83.57069267747501	0.32030448
954	83.77679669455001	0.25325304
955	83.98290071162498	0.26963907
956	84.18900472869998	0.26827237
957	84.39510874577499	0.3291241
958	84.60121276285	0.27246708
959	84.807316779925	0.31930614
960	85.01342079699998	0.26422513
961	85.21952481407499	0.268657
962	85.42562883115	0.3206573
963	85.631732848225	0.2532164
964	85.8378368653	0.30935135
965	86.04394088237501	0.29454148
966	86.25004489944999	0.23963475
967	86.456148916525	0.3431697
968	86.6622529336	0.28566566
969	86.86835695067501	0.27954108
970	87.07446096775001	0.3051691
971	87.28056498482499	0.24056561
972	87.4866690019	0.26531208
973	87.692773018975	0.279218
974	87.89887703605001	0.2760274
975	88.10498105312502	0.26098108
976	88.3110850702	0.3109938
977	88.517189087275	0.26892006
978	88.72329310435	0.2964756
979	88.92939712142501	0.29625183
980	89.1355011385	0.29320526
981	89.34160515557498	0.2845627
982	89.54770917264999	0.2784762
983	89.753813189725	0.26570466
984	89.9599172068	0.2730443
985	90.166021223875	0.31392676
986	90.37212524094998	0.2804883
987	90.57822925802499	0.30821967
988	90.7843332751	0.30220497
989	90.990437292175	0.33332077
990	91.19654130925001	0.28691155
991	91.40264532632499	0.26223224
992	91.60874934339999	0.27155495
993	91.814853360475	0.25828323
994	92.02095737755	0.30695218
995	92.22706139462501	0.29156524
996	92.43316541169999	0.26438597
997	92.639269428775	0.30496377
998	92.84537344585	0.28811663
999	93.051477462925	0.27323037
