	velocity	Amplitude
0	-138.952968077	0.20425457
1	-138.746863823861	0.2501733
2	-138.540759570722	0.24954824
3	-138.334655317583	0.21922082
4	-138.128551064444	0.21585259
5	-137.922446811305	0.20707929
6	-137.71634255816602	0.24783163
7	-137.51023830502697	0.22927904
8	-137.30413405188798	0.21014947
9	-137.098029798749	0.25352144
10	-136.89192554560998	0.24562758
11	-136.685821292471	0.22317195
12	-136.479717039332	0.20274462
13	-136.273612786193	0.21207812
14	-136.067508533054	0.20762229
15	-135.861404279915	0.20570147
16	-135.65530002677602	0.2522445
17	-135.449195773637	0.26400927
18	-135.24309152049798	0.24452889
19	-135.036987267359	0.18079585
20	-134.83088301421998	0.25927675
21	-134.624778761081	0.23059711
22	-134.418674507942	0.21687676
23	-134.21257025480298	0.20248544
24	-134.006466001664	0.22549945
25	-133.800361748525	0.18609542
26	-133.594257495386	0.2250253
27	-133.388153242247	0.22373949
28	-133.182048989108	0.21736987
29	-132.97594473596902	0.23770168
30	-132.76984048283	0.21267076
31	-132.563736229691	0.19554223
32	-132.357631976552	0.24027543
33	-132.15152772341298	0.23501939
34	-131.945423470274	0.21668187
35	-131.739319217135	0.2455635
36	-131.533214963996	0.21513703
37	-131.327110710857	0.24911045
38	-131.121006457718	0.24138825
39	-130.914902204579	0.21546876
40	-130.70879795144	0.26241127
41	-130.502693698301	0.25381422
42	-130.296589445162	0.25649348
43	-130.090485192023	0.21543384
44	-129.884380938884	0.20363902
45	-129.67827668574498	0.2121815
46	-129.472172432606	0.23441328
47	-129.266068179467	0.25314444
48	-129.059963926328	0.22723138
49	-128.853859673189	0.2484949
50	-128.64775542005	0.2390744
51	-128.44165116691102	0.23784286
52	-128.235546913772	0.22435075
53	-128.02944266063298	0.2079972
54	-127.82333840749399	0.1970827
55	-127.617234154355	0.22778802
56	-127.411129901216	0.25285724
57	-127.20502564807698	0.23557568
58	-126.998921394938	0.21521398
59	-126.79281714179899	0.23922192
60	-126.58671288866	0.24549402
61	-126.380608635521	0.22669788
62	-126.174504382382	0.23713472
63	-125.96840012924301	0.22043975
64	-125.76229587610399	0.2384162
65	-125.55619162296499	0.22989571
66	-125.350087369826	0.21147953
67	-125.143983116687	0.24654187
68	-124.93787886354801	0.27536634
69	-124.73177461040899	0.20734818
70	-124.52567035726999	0.25425357
71	-124.319566104131	0.22243093
72	-124.113461850992	0.24320515
73	-123.907357597853	0.2810535
74	-123.701253344714	0.24760781
75	-123.495149091575	0.22871865
76	-123.289044838436	0.22807135
77	-123.082940585297	0.22168952
78	-122.87683633215799	0.2532323
79	-122.670732079019	0.23312408
80	-122.46462782588	0.21702595
81	-122.25852357274098	0.21791059
82	-122.052419319602	0.24008214
83	-121.84631506646299	0.20593521
84	-121.64021081332399	0.25002325
85	-121.434106560185	0.2522617
86	-121.228002307046	0.20604028
87	-121.02189805390701	0.24329406
88	-120.815793800768	0.2175937
89	-120.60968954762899	0.24458733
90	-120.40358529449	0.1994217
91	-120.197481041351	0.28291374
92	-119.991376788212	0.2160003
93	-119.78527253507299	0.22750194
94	-119.57916828193399	0.21937607
95	-119.373064028795	0.24112274
96	-119.166959775656	0.24566844
97	-118.960855522517	0.24048907
98	-118.754751269378	0.21614608
99	-118.548647016239	0.21991107
100	-118.3425427631	0.21911672
101	-118.136438509961	0.21490468
102	-117.930334256822	0.22924064
103	-117.724230003683	0.22776473
104	-117.518125750544	0.23257387
105	-117.31202149740498	0.22685514
106	-117.105917244266	0.21680592
107	-116.89981299112699	0.23343542
108	-116.69370873798799	0.21937177
109	-116.487604484849	0.19481054
110	-116.28150023171	0.22772598
111	-116.07539597857101	0.24788466
112	-115.869291725432	0.21427588
113	-115.66318747229299	0.22834618
114	-115.457083219154	0.23467751
115	-115.250978966015	0.2347844
116	-115.044874712876	0.24021383
117	-114.83877045973699	0.25292164
118	-114.63266620659799	0.23277272
119	-114.426561953459	0.21328422
120	-114.22045770032	0.2592494
121	-114.014353447181	0.23185524
122	-113.808249194042	0.22165939
123	-113.602144940903	0.19560908
124	-113.396040687764	0.25587133
125	-113.189936434625	0.2365636
126	-112.983832181486	0.23318289
127	-112.77772792834699	0.24039154
128	-112.571623675208	0.22385028
129	-112.36551942206899	0.23252444
130	-112.15941516893	0.23491988
131	-111.953310915791	0.25009155
132	-111.74720666265199	0.21584982
133	-111.541102409513	0.23876503
134	-111.334998156374	0.23274656
135	-111.128893903235	0.25128847
136	-110.92278965009601	0.25495717
137	-110.71668539695699	0.2404351
138	-110.510581143818	0.2220848
139	-110.304476890679	0.2039395
140	-110.09837263754	0.21306652
141	-109.89226838440099	0.23733647
142	-109.68616413126199	0.23462091
143	-109.48005987812299	0.20839168
144	-109.273955624984	0.20276526
145	-109.067851371845	0.21291173
146	-108.861747118706	0.23891535
147	-108.655642865567	0.21228124
148	-108.449538612428	0.19962117
149	-108.243434359289	0.1969958
150	-108.03733010615	0.23126708
151	-107.83122585301099	0.23519903
152	-107.625121599872	0.20814689
153	-107.41901734673299	0.22988112
154	-107.212913093594	0.22529474
155	-107.006808840455	0.23697771
156	-106.80070458731599	0.23438416
157	-106.594600334177	0.21159875
158	-106.388496081038	0.24598299
159	-106.182391827899	0.25259095
160	-105.97628757476001	0.20695846
161	-105.770183321621	0.22900316
162	-105.564079068482	0.24469632
163	-105.357974815343	0.24334034
164	-105.151870562204	0.20508805
165	-104.945766309065	0.2597148
166	-104.73966205592599	0.23752446
167	-104.53355780278699	0.22137082
168	-104.327453549648	0.25013402
169	-104.121349296509	0.24296516
170	-103.91524504336999	0.21091615
171	-103.709140790231	0.255922
172	-103.503036537092	0.19848949
173	-103.29693228395301	0.22741248
174	-103.090828030814	0.25481978
175	-102.88472377767499	0.21898386
176	-102.678619524536	0.21416552
177	-102.47251527139699	0.22158779
178	-102.26641101825798	0.22898966
179	-102.060306765119	0.25914997
180	-101.85420251197999	0.23717168
181	-101.648098258841	0.18669108
182	-101.441994005702	0.25650683
183	-101.235889752563	0.24329303
184	-101.02978549942401	0.23118584
185	-100.823681246285	0.23777996
186	-100.61757699314599	0.2123731
187	-100.411472740007	0.21920437
188	-100.205368486868	0.22860515
189	-99.999264233729	0.22675341
190	-99.79315998058999	0.2571035
191	-99.58705572745099	0.2362923
192	-99.380951474312	0.20431656
193	-99.174847221173	0.22406042
194	-98.968742968034	0.24409397
195	-98.762638714895	0.22075208
196	-98.556534461756	0.22732331
197	-98.35043020861701	0.21731758
198	-98.144325955478	0.24512863
199	-97.93822170233899	0.21296093
200	-97.7321174492	0.2192713
201	-97.52601319606099	0.24148007
202	-97.31990894292198	0.26675826
203	-97.113804689783	0.2354701
204	-96.90770043664399	0.21681425
205	-96.701596183505	0.23382813
206	-96.495491930366	0.20323692
207	-96.289387677227	0.24313691
208	-96.08328342408801	0.21971478
209	-95.877179170949	0.24645694
210	-95.67107491780999	0.23576672
211	-95.464970664671	0.21913558
212	-95.258866411532	0.21090539
213	-95.05276215839298	0.23454848
214	-94.84665790525399	0.27703148
215	-94.64055365211499	0.22851583
216	-94.434449398976	0.22619213
217	-94.228345145837	0.23902658
218	-94.022240892698	0.2289514
219	-93.816136639559	0.21428272
220	-93.61003238642	0.22379114
221	-93.403928133281	0.23023865
222	-93.197823880142	0.21153596
223	-92.991719627003	0.23659796
224	-92.785615373864	0.21988384
225	-92.57951112072499	0.24107337
226	-92.37340686758598	0.23135327
227	-92.167302614447	0.22666378
228	-91.96119836130799	0.25597078
229	-91.75509410816899	0.21486574
230	-91.54898985503	0.2219882
231	-91.342885601891	0.24254234
232	-91.13678134875201	0.22219393
233	-90.930677095613	0.25128666
234	-90.72457284247399	0.21425304
235	-90.518468589335	0.21896897
236	-90.312364336196	0.2485843
237	-90.10626008305698	0.23570904
238	-89.90015582991799	0.24866699
239	-89.69405157677899	0.2541874
240	-89.48794732364	0.21082811
241	-89.281843070501	0.23392461
242	-89.075738817362	0.24149263
243	-88.869634564223	0.24592464
244	-88.663530311084	0.20266885
245	-88.457426057945	0.24555038
246	-88.251321804806	0.24453099
247	-88.045217551667	0.23263128
248	-87.839113298528	0.26439548
249	-87.63300904538899	0.21985643
250	-87.42690479224999	0.236617
251	-87.220800539111	0.2379809
252	-87.014696285972	0.2266514
253	-86.80859203283299	0.23019119
254	-86.602487779694	0.23491283
255	-86.396383526555	0.23797975
256	-86.190279273416	0.21527761
257	-85.98417502027701	0.23504737
258	-85.77807076713799	0.21482496
259	-85.571966513999	0.25347117
260	-85.36586226086	0.26680398
261	-85.15975800772098	0.2180121
262	-84.95365375458199	0.23391084
263	-84.74754950144299	0.23669472
264	-84.54144524830399	0.2586035
265	-84.335340995165	0.26449895
266	-84.129236742026	0.22895533
267	-83.923132488887	0.25986615
268	-83.717028235748	0.23740861
269	-83.510923982609	0.25359544
270	-83.30481972947	0.26013747
271	-83.098715476331	0.24064009
272	-82.89261122319199	0.22474676
273	-82.68650697005299	0.2378884
274	-82.48040271691399	0.22958896
275	-82.274298463775	0.23242219
276	-82.068194210636	0.20843512
277	-81.86208995749699	0.21656343
278	-81.655985704358	0.24628732
279	-81.449881451219	0.21726315
280	-81.24377719808	0.20972438
281	-81.03767294494101	0.21431406
282	-80.83156869180199	0.2161429
283	-80.625464438663	0.19894406
284	-80.419360185524	0.24573325
285	-80.21325593238498	0.2400452
286	-80.007151679246	0.2111532
287	-79.80104742610699	0.22089678
288	-79.59494317296799	0.23580863
289	-79.388838919829	0.22117713
290	-79.18273466669	0.21542451
291	-78.976630413551	0.28443766
292	-78.770526160412	0.23305896
293	-78.564421907273	0.24571024
294	-78.358317654134	0.19427833
295	-78.152213400995	0.2175433
296	-77.94610914785599	0.24188933
297	-77.74000489471699	0.26006046
298	-77.53390064157799	0.22389574
299	-77.32779638843898	0.22231658
300	-77.1216921353	0.24831648
301	-76.91558788216099	0.24175143
302	-76.709483629022	0.22068147
303	-76.503379375883	0.22994186
304	-76.297275122744	0.24326003
305	-76.09117086960501	0.28044635
306	-75.88506661646599	0.23943458
307	-75.67896236332699	0.227224
308	-75.472858110188	0.2425791
309	-75.26675385704898	0.22261894
310	-75.06064960391	0.22121511
311	-74.85454535077099	0.25911874
312	-74.64844109763199	0.26892948
313	-74.442336844493	0.22553681
314	-74.236232591354	0.224103
315	-74.030128338215	0.20900398
316	-73.824024085076	0.22777385
317	-73.617919831937	0.25996798
318	-73.411815578798	0.2320147
319	-73.205711325659	0.18439296
320	-72.99960707251999	0.22490335
321	-72.793502819381	0.19942959
322	-72.587398566242	0.20821168
323	-72.38129431310298	0.22357656
324	-72.175190059964	0.2275233
325	-71.96908580682499	0.2172624
326	-71.762981553686	0.2649547
327	-71.556877300547	0.24528788
328	-71.350773047408	0.22035958
329	-71.144668794269	0.25135583
330	-70.93856454112999	0.24618898
331	-70.73246028799099	0.22836958
332	-70.526356034852	0.20593312
333	-70.320251781713	0.2057052
334	-70.11414752857401	0.2578423
335	-69.90804327543499	0.23225576
336	-69.70193902229599	0.22646306
337	-69.495834769157	0.17789209
338	-69.289730516018	0.23229058
339	-69.083626262879	0.2078217
340	-68.87752200974	0.21909097
341	-68.67141775660099	0.22379571
342	-68.46531350346199	0.2135627
343	-68.259209250323	0.24108413
344	-68.053104997184	0.2580936
345	-67.847000744045	0.23216802
346	-67.640896490906	0.23086254
347	-67.43479223776698	0.22505277
348	-67.228687984628	0.2194064
349	-67.022583731489	0.23413682
350	-66.81647947834999	0.26791146
351	-66.610375225211	0.23854956
352	-66.404270972072	0.22205329
353	-66.198166718933	0.27080017
354	-65.99206246579399	0.24699005
355	-65.78595821265499	0.2530534
356	-65.579853959516	0.21603738
357	-65.373749706377	0.22356112
358	-65.167645453238	0.23188248
359	-64.96154120009899	0.2220176
360	-64.75543694695999	0.18730778
361	-64.549332693821	0.2299516
362	-64.343228440682	0.2173199
363	-64.137124187543	0.22162308
364	-63.931019934404	0.23889594
365	-63.72491568126499	0.21595143
366	-63.51881142812599	0.2180023
367	-63.312707174987	0.2021066
368	-63.106602921847994	0.22348559
369	-62.900498668709	0.20963445
370	-62.69439441557	0.22648758
371	-62.48829016243099	0.23338863
372	-62.28218590929199	0.23750418
373	-62.076081656152994	0.2220135
374	-61.869977403014	0.2512805
375	-61.663873149875	0.22645196
376	-61.457768896736	0.24293955
377	-61.25166464359699	0.21690908
378	-61.04556039045799	0.23346429
379	-60.83945613731899	0.19375847
380	-60.633351884179994	0.24130999
381	-60.427247631041	0.27659005
382	-60.221143377902	0.25408128
383	-60.015039124762986	0.2199539
384	-59.80893487162399	0.23938276
385	-59.602830618484994	0.21431004
386	-59.396726365346	0.2036959
387	-59.190622112206995	0.20993799
388	-58.984517859068	0.25178492
389	-58.77841360592899	0.22384623
390	-58.57230935278999	0.23884235
391	-58.36620509965099	0.21622519
392	-58.160100846511995	0.23210008
393	-57.953996593373	0.23073784
394	-57.747892340234	0.22753862
395	-57.541788087094986	0.21444026
396	-57.33568383395599	0.23104112
397	-57.129579580816994	0.21816349
398	-56.923475327678	0.21912268
399	-56.717371074538995	0.19844472
400	-56.5112668214	0.2257792
401	-56.30516256826099	0.2442991
402	-56.099058315121994	0.255118
403	-55.89295406198299	0.2576333
404	-55.686849808843995	0.22631979
405	-55.480745555705	0.22067794
406	-55.274641302566	0.21843565
407	-55.068537049426986	0.20471504
408	-54.86243279628799	0.21930288
409	-54.656328543148994	0.21140847
410	-54.45022429001	0.22753872
411	-54.244120036870996	0.23183955
412	-54.038015783732	0.18854329
413	-53.83191153059299	0.20761395
414	-53.625807277453994	0.21839118
415	-53.41970302431499	0.26995313
416	-53.213598771175995	0.22302653
417	-53.007494518037	0.2215939
418	-52.801390264898004	0.23066054
419	-52.595286011758986	0.2150828
420	-52.38918175861999	0.25200117
421	-52.183077505480995	0.24820621
422	-51.97697325234199	0.21398099
423	-51.770868999202996	0.26106802
424	-51.564764746064	0.23863213
425	-51.35866049292499	0.20850389
426	-51.15255623978599	0.2360662
427	-50.94645198664699	0.23059449
428	-50.740347733507996	0.2114873
429	-50.534243480369	0.24713416
430	-50.32813922723	0.22984067
431	-50.12203497409099	0.22556227
432	-49.91593072095199	0.21466404
433	-49.709826467812995	0.18985648
434	-49.50372221467399	0.25713512
435	-49.297617961534996	0.24814966
436	-49.091513708396	0.23831071
437	-48.88540945525699	0.22124058
438	-48.67930520211799	0.2495335
439	-48.47320094897899	0.25723642
440	-48.267096695839996	0.21291739
441	-48.060992442701	0.21510091
442	-47.854888189562	0.22902
443	-47.64878393642299	0.2648919
444	-47.44267968328399	0.19679709
445	-47.236575430144995	0.18316066
446	-47.03047117700599	0.24426931
447	-46.824366923867	0.22158182
448	-46.618262670728	0.23605587
449	-46.41215841758899	0.21263441
450	-46.20605416444999	0.22788352
451	-45.99994991131099	0.21954116
452	-45.793845658171996	0.2358308
453	-45.587741405033	0.22627422
454	-45.381637151894	0.24656929
455	-45.17553289875499	0.24753378
456	-44.96942864561599	0.22997092
457	-44.763324392476996	0.23205736
458	-44.55722013933799	0.2338337
459	-44.351115886199	0.21409577
460	-44.14501163306	0.24343465
461	-43.938907379920984	0.19831277
462	-43.73280312678199	0.24587342
463	-43.52669887364299	0.21601978
464	-43.320594620504	0.21824513
465	-43.11449036736499	0.22180639
466	-42.908386114226	0.21187115
467	-42.70228186108699	0.22050384
468	-42.49617760794799	0.2573408
469	-42.29007335480899	0.23508492
470	-42.08396910166999	0.23011863
471	-41.877864848531	0.20007907
472	-41.671760595392	0.20069057
473	-41.465656342252984	0.20246717
474	-41.25955208911399	0.21843663
475	-41.05344783597499	0.23470877
476	-40.847343582836	0.2204927
477	-40.641239329696994	0.23073946
478	-40.435135076558	0.25321278
479	-40.22903082341899	0.23875816
480	-40.02292657027999	0.20441703
481	-39.81682231714099	0.21810657
482	-39.61071806400199	0.1879928
483	-39.404613810863	0.21837555
484	-39.198509557724	0.24050649
485	-38.992405304584985	0.24344473
486	-38.78630105144599	0.23732659
487	-38.58019679830699	0.2342732
488	-38.374092545168	0.23231836
489	-38.167988292028994	0.23135014
490	-37.96188403889	0.22743106
491	-37.75577978575099	0.18552639
492	-37.54967553261199	0.21764582
493	-37.34357127947299	0.25086632
494	-37.137467026333994	0.21304816
495	-36.931362773195	0.21458167
496	-36.725258520056	0.23534559
497	-36.519154266916985	0.23855056
498	-36.31305001377799	0.24196748
499	-36.10694576063899	0.19657782
500	-35.9008415075	0.21132416
501	-35.694737254360994	0.2312541
502	-35.488633001222	0.18819714
503	-35.28252874808299	0.19108233
504	-35.076424494943986	0.2245291
505	-34.87032024180499	0.2514924
506	-34.664215988665994	0.2263915
507	-34.458111735527	0.20042467
508	-34.252007482387995	0.2324636
509	-34.045903229248985	0.23059365
510	-33.83979897610999	0.21838155
511	-33.63369472297099	0.20487124
512	-33.42759046983199	0.23853657
513	-33.221486216692995	0.19303113
514	-33.015381963554	0.21862437
515	-32.809277710415	0.23535365
516	-32.603173457275986	0.1934444
517	-32.39706920413699	0.23591788
518	-32.190964950997994	0.23432991
519	-31.984860697858995	0.22898877
520	-31.77875644472	0.21439649
521	-31.572652191581	0.21578245
522	-31.36654793844199	0.21003968
523	-31.16044368530299	0.2313699
524	-30.954339432163994	0.21702921
525	-30.748235179024995	0.22832112
526	-30.542130925886	0.22803517
527	-30.336026672747	0.21500781
528	-30.12992241960799	0.21268979
529	-29.92381816646899	0.23518662
530	-29.717713913329995	0.2177181
531	-29.511609660190995	0.20946583
532	-29.305505407052	0.21527544
533	-29.099401153913	0.2295337
534	-28.89329690077399	0.22180957
535	-28.68719264763499	0.25184423
536	-28.481088394495995	0.22086474
537	-28.274984141356995	0.23737875
538	-28.068879888218	0.2414598
539	-27.862775635079	0.2057825
540	-27.65667138193999	0.2343753
541	-27.45056712880099	0.23932074
542	-27.244462875661995	0.24920113
543	-27.038358622522995	0.19814342
544	-26.832254369384	0.23310491
545	-26.626150116245	0.2076947
546	-26.420045863105987	0.24007046
547	-26.21394160996699	0.25889155
548	-26.00783735682799	0.22448777
549	-25.801733103688996	0.21975206
550	-25.595628850549996	0.22983995
551	-25.389524597411	0.25043607
552	-25.183420344271987	0.19533418
553	-24.97731609113299	0.23611854
554	-24.77121183799399	0.2019077
555	-24.565107584854996	0.22842063
556	-24.359003331715996	0.25263208
557	-24.152899078577	0.24601203
558	-23.946794825437987	0.20825198
559	-23.74069057229899	0.22585058
560	-23.53458631915999	0.229115
561	-23.328482066020996	0.21372138
562	-23.122377812881997	0.20618612
563	-22.916273559743	0.22575225
564	-22.710169306603987	0.23899883
565	-22.50406505346499	0.23301853
566	-22.297960800325992	0.19132292
567	-22.091856547186996	0.21189469
568	-21.885752294047997	0.20034349
569	-21.679648040909	0.21220818
570	-21.473543787769987	0.2150618
571	-21.26743953463099	0.21786687
572	-21.061335281491992	0.22657163
573	-20.855231028352996	0.19993752
574	-20.649126775213997	0.21459007
575	-20.443022522075	0.20513494
576	-20.236918268935987	0.19948769
577	-20.03081401579699	0.23263371
578	-19.824709762657992	0.2265254
579	-19.618605509518996	0.2471839
580	-19.412501256379997	0.19681658
581	-19.206397003241	0.20729952
582	-19.000292750101988	0.19595739
583	-18.79418849696299	0.23356615
584	-18.588084243823992	0.20403399
585	-18.381979990684997	0.24077842
586	-18.175875737545997	0.23121059
587	-17.969771484407	0.21074638
588	-17.763667231267988	0.20075852
589	-17.55756297812899	0.2387911
590	-17.351458724989993	0.22061162
591	-17.145354471850993	0.20189297
592	-16.939250218711997	0.21539289
593	-16.733145965572998	0.22898088
594	-16.527041712433988	0.20783976
595	-16.32093745929499	0.29037368
596	-16.114833206155993	0.21772254
597	-15.908728953016995	0.22044106
598	-15.702624699877997	0.25069222
599	-15.496520446739	0.16383491
600	-15.290416193599988	0.20167466
601	-15.08431194046099	0.26187363
602	-14.878207687321993	0.23343211
603	-14.672103434182995	0.19237025
604	-14.465999181043998	0.2117481
605	-14.259894927905	0.25743055
606	-14.053790674765986	0.2231248
607	-13.847686421626989	0.19530368
608	-13.641582168487991	0.19939165
609	-13.435477915348994	0.20973513
610	-13.229373662209996	0.2505307
611	-13.023269409070998	0.2470742
612	-12.817165155931987	0.2240963
613	-12.611060902792989	0.24926816
614	-12.404956649653991	0.28666353
615	-12.198852396514994	0.20570092
616	-11.992748143375996	0.22074795
617	-11.786643890236999	0.21272932
618	-11.580539637097987	0.22217685
619	-11.37443538395899	0.23534392
620	-11.168331130819992	0.22834902
621	-10.962226877680994	0.22953548
622	-10.756122624541996	0.21663487
623	-10.550018371402999	0.21917683
624	-10.343914118263987	0.24065612
625	-10.13780986512499	0.22033986
626	-9.931705611985992	0.22776635
627	-9.725601358846994	0.21591675
628	-9.519497105707996	0.20186245
629	-9.313392852568999	0.24615584
630	-9.107288599429987	0.22963166
631	-8.90118434629099	0.23794562
632	-8.695080093151992	0.2397671
633	-8.488975840012994	0.25195295
634	-8.282871586873997	0.28107703
635	-8.076767333734999	0.23022826
636	-7.870663080595986	0.23152834
637	-7.664558827456989	0.2160435
638	-7.458454574317991	0.22948667
639	-7.2523503211789935	0.17682743
640	-7.046246068039997	0.20918259
641	-6.840141814900999	0.21055877
642	-6.6340375617620015	0.23718594
643	-6.427933308623004	0.19752425
644	-6.221829055484006	0.18610378
645	-6.015724802344979	0.20077983
646	-5.809620549205982	0.23138705
647	-5.603516296066984	0.17359799
648	-5.397412042927987	0.20715474
649	-5.191307789788989	0.23964421
650	-4.985203536649991	0.24871452
651	-4.779099283510994	0.20934397
652	-4.572995030371996	0.22699305
653	-4.366890777232999	0.19100772
654	-4.160786524094001	0.21907154
655	-3.9546822709550034	0.22690055
656	-3.7485780178160057	0.24568073
657	-3.542473764676979	0.1937818
658	-3.3363695115379817	0.21451119
659	-3.130265258398984	0.19747753
660	-2.9241610052599865	0.23838888
661	-2.718056752120989	0.24156317
662	-2.5119524989819912	0.19103001
663	-2.3058482458429936	0.19921276
664	-2.099743992703996	0.25325143
665	-1.8936397395649982	0.22972389
666	-1.6875354864260008	0.22983935
667	-1.4814312332870032	0.24097088
668	-1.2753269801480056	0.2466548
669	-1.069222727008979	0.21673667
670	-0.8631184738699812	0.1969007
671	-0.6570142207309837	0.244316
672	-0.45090996759198604	0.19850004
673	-0.24480571445298846	0.2646139
674	-0.038701461313990874	0.18156408
675	0.16740279182500672	0.22663519
676	0.37350704496400433	0.19362253
677	0.5796112981030019	0.23696956
678	0.7857155512419995	0.22859894
679	0.991819804380997	0.18679024
680	1.1979240575199948	0.23881489
681	1.4040283106590215	0.21504503
682	1.610132563798019	0.22345014
683	1.8162368169370167	0.20692119
684	2.0223410700760143	0.23975097
685	2.228445323215012	0.22883576
686	2.4345495763540095	0.23392162
687	2.640653829493007	0.21290602
688	2.8467580826320047	0.23237549
689	3.0528623357710023	0.21347387
690	3.25896658891	0.23293951
691	3.4650708420489975	0.223112
692	3.6711750951879947	0.24678572
693	3.8772793483270216	0.18738815
694	4.083383601466019	0.23817399
695	4.289487854605016	0.22716431
696	4.495592107744014	0.1975056
697	4.701696360883012	0.25513572
698	4.907800614022009	0.22790399
699	5.113904867161007	0.18911427
700	5.320009120300004	0.25530574
701	5.526113373439002	0.2135516
702	5.732217626578	0.26080412
703	5.938321879716997	0.2394047
704	6.144426132855995	0.20809542
705	6.350530385995022	0.26465935
706	6.556634639134019	0.21378827
707	6.762738892273017	0.20261878
708	6.9688431454120146	0.2414962
709	7.174947398551012	0.22646952
710	7.38105165169001	0.20215061
711	7.587155904829007	0.19235255
712	7.793260157968005	0.25262317
713	7.999364411107003	0.2421961
714	8.205468664246	0.21175186
715	8.411572917384998	0.24209532
716	8.617677170523995	0.1992159
717	8.823781423663021	0.22631715
718	9.029885676802019	0.19897957
719	9.235989929941017	0.19218451
720	9.442094183080014	0.2226906
721	9.648198436219012	0.20877756
722	9.85430268935801	0.21096168
723	10.060406942497007	0.27510655
724	10.266511195636005	0.2804417
725	10.472615448775002	0.21969777
726	10.678719701914	0.23667413
727	10.884823955052997	0.19399159
728	11.090928208191995	0.22237754
729	11.297032461331023	0.23708417
730	11.50313671447002	0.18498608
731	11.709240967609018	0.22252426
732	11.915345220748016	0.23070075
733	12.121449473887013	0.21764791
734	12.327553727026011	0.243207
735	12.533657980165009	0.22295341
736	12.739762233304006	0.22906922
737	12.945866486443004	0.1918831
738	13.151970739582001	0.22225113
739	13.358074992720999	0.19807816
740	13.564179245859997	0.22830531
741	13.770283498999023	0.20593531
742	13.97638775213802	0.19982639
743	14.182492005277018	0.21657899
744	14.388596258416015	0.24797845
745	14.594700511555013	0.21356045
746	14.80080476469401	0.2520191
747	15.006909017833008	0.24130718
748	15.213013270972006	0.23495369
749	15.419117524111003	0.22591552
750	15.625221777250001	0.23676036
751	15.831326030388999	0.22067651
752	16.037430283527996	0.1666042
753	16.243534536667024	0.21999714
754	16.44963878980602	0.23105451
755	16.65574304294502	0.234318
756	16.861847296084015	0.22873634
757	17.067951549223014	0.20667197
758	17.27405580236201	0.19033772
759	17.48016005550101	0.22848605
760	17.686264308640006	0.25302294
761	17.892368561779005	0.24676281
762	18.098472814918	0.23713377
763	18.304577068057	0.2038075
764	18.510681321195996	0.19679688
765	18.716785574335024	0.24049845
766	18.92288982747402	0.25489035
767	19.12899408061302	0.22346744
768	19.335098333752015	0.2205773
769	19.541202586891014	0.1841568
770	19.74730684003001	0.25059873
771	19.95341109316901	0.20142427
772	20.159515346308005	0.24275254
773	20.365619599447005	0.20966661
774	20.571723852586	0.23984839
775	20.777828105725	0.21722847
776	20.983932358863996	0.21771125
777	21.190036612002995	0.26090643
778	21.39614086514202	0.21177268
779	21.60224511828102	0.18096298
780	21.808349371420015	0.18816979
781	22.014453624559014	0.25239497
782	22.22055787769801	0.23479854
783	22.42666213083701	0.22240949
784	22.632766383976005	0.23821773
785	22.838870637115004	0.20616783
786	23.044974890254	0.23204434
787	23.251079143393	0.2564741
788	23.457183396531995	0.26296556
789	23.663287649670995	0.27178285
790	23.869391902810023	0.2093711
791	24.07549615594902	0.2151563
792	24.281600409088018	0.21649809
793	24.487704662227014	0.23494768
794	24.693808915366013	0.22689585
795	24.89991316850501	0.20749447
796	25.106017421644005	0.24137406
797	25.312121674783004	0.24029624
798	25.518225927922	0.26569718
799	25.724330181061	0.21884438
800	25.930434434199995	0.24107257
801	26.136538687338994	0.22823015
802	26.342642940478022	0.20887229
803	26.548747193617018	0.21382192
804	26.754851446756017	0.23827367
805	26.960955699895013	0.2558841
806	27.167059953034013	0.24635617
807	27.37316420617301	0.2508354
808	27.579268459312008	0.22574283
809	27.785372712451004	0.21911843
810	27.991476965590003	0.2265085
811	28.197581218729	0.22064862
812	28.403685471868	0.22598492
813	28.609789725006994	0.21940184
814	28.815893978146022	0.24153101
815	29.021998231285018	0.21018675
816	29.228102484424017	0.21475673
817	29.434206737563013	0.21534625
818	29.640310990702012	0.20163192
819	29.846415243841008	0.21565494
820	30.052519496980008	0.22113392
821	30.258623750119003	0.23203729
822	30.464728003258003	0.23858215
823	30.670832256397	0.23603378
824	30.876936509535998	0.23353438
825	31.083040762674994	0.2151539
826	31.28914501581402	0.21706866
827	31.495249268953017	0.23776853
828	31.701353522092017	0.227924
829	31.907457775231013	0.2240617
830	32.11356202837001	0.20921564
831	32.31966628150901	0.2203724
832	32.525770534648004	0.21926345
833	32.73187478778701	0.20764217
834	32.937979040926	0.2711869
835	33.144083294065	0.22154811
836	33.350187547203994	0.2842938
837	33.556291800343	0.24878456
838	33.76239605348202	0.25607243
839	33.96850030662102	0.23642962
840	34.17460455976002	0.20657888
841	34.380708812899016	0.19195306
842	34.58681306603801	0.19436507
843	34.79291731917701	0.23866652
844	34.99902157231601	0.18267033
845	35.205125825455006	0.20666173
846	35.411230078594	0.24140804
847	35.617334331733	0.23850653
848	35.823438584872	0.24675794
849	36.029542838011	0.22787374
850	36.23564709115002	0.23911549
851	36.44175134428902	0.23401538
852	36.64785559742802	0.25281593
853	36.853959850567016	0.28312
854	37.06006410370601	0.20692676
855	37.26616835684501	0.26621318
856	37.47227260998401	0.24052666
857	37.678376863123006	0.25679398
858	37.884481116262	0.227648
859	38.090585369401	0.23327906
860	38.29668962254	0.23451613
861	38.502793875679	0.20441496
862	38.70889812881802	0.21717435
863	38.91500238195702	0.21847345
864	39.12110663509602	0.21718894
865	39.327210888235015	0.23132335
866	39.53331514137401	0.2313382
867	39.73941939451301	0.24292062
868	39.94552364765201	0.23077607
869	40.151627900791006	0.18984054
870	40.35773215393	0.2305171
871	40.563836407069	0.22413512
872	40.769940660208	0.22836833
873	40.976044913346996	0.19666432
874	41.18214916648602	0.2262522
875	41.38825341962502	0.19568275
876	41.59435767276402	0.24835567
877	41.800461925903015	0.18463041
878	42.00656617904201	0.26933002
879	42.212670432181014	0.18583523
880	42.41877468532001	0.25386262
881	42.624878938459005	0.23887807
882	42.830983191598	0.2521354
883	43.037087444737	0.22447805
884	43.243191697876	0.22322062
885	43.449295951014996	0.23967884
886	43.65540020415402	0.2432418
887	43.86150445729302	0.19462775
888	44.06760871043202	0.27967042
889	44.273712963571015	0.22041269
890	44.47981721671001	0.23953517
891	44.68592146984901	0.23863211
892	44.89202572298801	0.2756796
893	45.098129976127005	0.24155411
894	45.304234229266	0.22779141
895	45.510338482405004	0.2736414
896	45.716442735544	0.19968945
897	45.922546988682996	0.2480309
898	46.12865124182202	0.23284118
899	46.33475549496102	0.22017527
900	46.54085974810002	0.22994548
901	46.746964001239014	0.24037647
902	46.95306825437801	0.2571412
903	47.15917250751701	0.22761554
904	47.36527676065601	0.2571572
905	47.571381013795005	0.22984037
906	47.777485266934	0.21523517
907	47.983589520073004	0.2062745
908	48.189693773212	0.23649476
909	48.395798026350995	0.22576568
910	48.60190227949002	0.2282141
911	48.80800653262902	0.26212898
912	49.01411078576802	0.21352744
913	49.220215038907014	0.22032401
914	49.42631929204601	0.23220988
915	49.63242354518501	0.22692055
916	49.83852779832401	0.21588305
917	50.044632051463005	0.22546187
918	50.250736304602	0.25667268
919	50.456840557741	0.26353416
920	50.66294481088	0.2174634
921	50.869049064018995	0.19614187
922	51.075153317158026	0.2900108
923	51.28125757029702	0.22463733
924	51.48736182343602	0.24264622
925	51.693466076575014	0.22554308
926	51.89957032971402	0.23458023
927	52.10567458285301	0.22956002
928	52.31177883599201	0.23286982
929	52.517883089131004	0.23146261
930	52.72398734227001	0.21691634
931	52.930091595409	0.20549308
932	53.136195848548	0.18382154
933	53.342300101686995	0.17830798
934	53.548404354826026	0.24338058
935	53.75450860796502	0.25439408
936	53.96061286110402	0.22450244
937	54.16671711424301	0.24508765
938	54.372821367382016	0.23966166
939	54.57892562052101	0.22892396
940	54.78502987366001	0.22892389
941	54.991134126799004	0.24691115
942	55.19723837993801	0.20688435
943	55.403342633077	0.23746002
944	55.609446886216	0.23607954
945	55.815551139354994	0.21070997
946	56.021655392494026	0.2369983
947	56.22775964563302	0.25431615
948	56.43386389877202	0.2280518
949	56.63996815191101	0.24016711
950	56.846072405050016	0.24979609
951	57.05217665818901	0.20372218
952	57.25828091132801	0.22251354
953	57.464385164467004	0.20073394
954	57.67048941760601	0.24396224
955	57.876593670745	0.2298303
956	58.082697923884	0.2069589
957	58.288802177022994	0.2450033
958	58.494906430162025	0.23881026
959	58.70101068330102	0.20415623
960	58.90711493644002	0.23977214
961	59.11321918957902	0.24016856
962	59.319323442718016	0.27675253
963	59.52542769585701	0.23098712
964	59.73153194899601	0.23076202
965	59.93763620213501	0.22074592
966	60.143740455274006	0.24782875
967	60.349844708413	0.2759609
968	60.555948961552	0.19390732
969	60.762053214690994	0.24686724
970	60.968157467830025	0.17803365
971	61.17426172096902	0.25002566
972	61.38036597410802	0.21882787
973	61.58647022724702	0.2278434
974	61.792574480386016	0.27117458
975	61.99867873352501	0.2135042
976	62.20478298666401	0.2625258
977	62.41088723980301	0.2129851
978	62.616991492942006	0.2596923
979	62.823095746081	0.19805871
980	63.02919999922	0.19301632
981	63.235304252359	0.222126
982	63.441408505498025	0.2295766
983	63.64751275863702	0.22851562
984	63.85361701177602	0.21748234
985	64.05972126491501	0.23726946
986	64.26582551805402	0.22132833
987	64.47192977119302	0.2343204
988	64.678034024332	0.21100195
989	64.88413827747101	0.23320393
990	65.09024253061	0.21620694
991	65.296346783749	0.22251986
992	65.502451036888	0.23000732
993	65.708555290027	0.21774933
994	65.91465954316602	0.21753655
995	66.12076379630503	0.21734823
996	66.32686804944402	0.23808031
997	66.53297230258302	0.23879044
998	66.73907655572201	0.19364193
999	66.94518080886101	0.20803547
1000	67.15128506200001	0.20999414
1001	67.357389315139	0.24784335
1002	67.563493568278	0.2366907
1003	67.76959782141701	0.22289993
1004	67.975702074556	0.271654
1005	68.181806327695	0.20888479
1006	68.38791058083403	0.2449358
1007	68.59401483397302	0.2609067
1008	68.80011908711202	0.18388061
1009	69.00622334025101	0.23778857
1010	69.21232759339001	0.20187652
1011	69.41843184652902	0.22723803
1012	69.624536099668	0.23194486
1013	69.83064035280701	0.2458274
1014	70.03674460594601	0.21178438
1015	70.242848859085	0.19451918
1016	70.448953112224	0.22333483
1017	70.65505736536299	0.2648209
1018	70.86116161850202	0.22996162
1019	71.06726587164103	0.23592028
1020	71.27337012478002	0.23997101
1021	71.47947437791902	0.21974935
1022	71.68557863105802	0.23712604
1023	71.89168288419701	0.23230696
1024	72.09778713733601	0.22667792
1025	72.303891390475	0.23803487
1026	72.509995643614	0.23074563
1027	72.71609989675301	0.2041066
1028	72.922204149892	0.2329443
1029	73.128308403031	0.20703653
1030	73.33441265617	0.24848403
1031	73.54051690930902	0.25034246
1032	73.74662116244802	0.22959825
1033	73.95272541558701	0.25616595
1034	74.15882966872601	0.258981
1035	74.36493392186502	0.2506215
1036	74.571038175004	0.22979471
1037	74.77714242814301	0.2259998
1038	74.98324668128201	0.24273834
1039	75.189350934421	0.23755084
1040	75.39545518756	0.23418178
1041	75.60155944069899	0.21713379
1042	75.807663693838	0.24406755
1043	76.01376794697703	0.24283127
1044	76.21987220011601	0.2512815
1045	76.42597645325502	0.24600115
1046	76.63208070639402	0.18669152
1047	76.83818495953301	0.2259376
1048	77.04428921267201	0.22878136
1049	77.25039346581102	0.22655684
1050	77.45649771895	0.1925288
1051	77.662601972089	0.23761562
1052	77.868706225228	0.21568455
1053	78.074810478367	0.2060179
1054	78.280914731506	0.2260472
1055	78.48701898464502	0.24538009
1056	78.69312323778402	0.20723006
1057	78.89922749092302	0.2013778
1058	79.10533174406201	0.22663124
1059	79.31143599720102	0.23881832
1060	79.51754025034	0.20428784
1061	79.72364450347901	0.21073428
1062	79.92974875661801	0.22483814
1063	80.135853009757	0.23075348
1064	80.341957262896	0.22475584
1065	80.548061516035	0.2424837
1066	80.754165769174	0.23255804
1067	80.96027002231303	0.2462359
1068	81.16637427545201	0.24190217
1069	81.37247852859102	0.18840511
1070	81.57858278173002	0.22155404
1071	81.78468703486901	0.22172806
1072	81.99079128800801	0.21591887
1073	82.19689554114701	0.23032835
1074	82.402999794286	0.20528333
1075	82.609104047425	0.24319603
1076	82.815208300564	0.21799716
1077	83.021312553703	0.22252926
1078	83.227416806842	0.21804516
1079	83.43352105998102	0.2461981
1080	83.63962531312002	0.23597452
1081	83.84572956625902	0.25600442
1082	84.05183381939801	0.2224572
1083	84.25793807253702	0.24859059
1084	84.464042325676	0.20614903
1085	84.67014657881501	0.20749705
1086	84.87625083195401	0.22517246
1087	85.082355085093	0.20241484
1088	85.288459338232	0.19587307
1089	85.494563591371	0.21254443
1090	85.70066784451	0.25016084
1091	85.90677209764902	0.22698131
1092	86.11287635078803	0.2596937
1093	86.31898060392702	0.23254593
1094	86.52508485706602	0.21919204
1095	86.73118911020501	0.24135728
1096	86.93729336334401	0.23231646
1097	87.14339761648301	0.22487755
1098	87.349501869622	0.20561449
1099	87.555606122761	0.2164086
1100	87.76171037590001	0.19312198
1101	87.967814629039	0.19952911
1102	88.173918882178	0.2350002
1103	88.38002313531702	0.27012473
1104	88.58612738845602	0.2198223
1105	88.79223164159502	0.2300472
1106	88.99833589473401	0.1983467
1107	89.20444014787302	0.23028988
1108	89.41054440101202	0.2234011
1109	89.616648654151	0.21047296
1110	89.82275290729001	0.26182666
1111	90.028857160429	0.22537182
1112	90.234961413568	0.20564954
1113	90.441065666707	0.23756105
1114	90.647169919846	0.22803256
1115	90.85327417298502	0.23308466
1116	91.05937842612403	0.23591202
1117	91.26548267926302	0.22279406
1118	91.47158693240202	0.21240832
1119	91.67769118554101	0.21521313
1120	91.88379543868001	0.24727127
1121	92.08989969181901	0.21501593
1122	92.296003944958	0.2020375
1123	92.502108198097	0.20004272
1124	92.70821245123601	0.22524312
1125	92.914316704375	0.22309431
1126	93.120420957514	0.22929704
1127	93.32652521065303	0.25358227
1128	93.53262946379202	0.20333008
1129	93.73873371693102	0.24385732
1130	93.94483797007001	0.20961897
1131	94.15094222320901	0.22171451
1132	94.35704647634802	0.21853179
1133	94.563150729487	0.22773439
1134	94.76925498262601	0.26208755
1135	94.97535923576501	0.21771216
1136	95.181463488904	0.21176921
1137	95.387567742043	0.2289965
1138	95.59367199518199	0.22741984
1139	95.79977624832102	0.24630862
1140	96.00588050146003	0.23366626
1141	96.21198475459902	0.22959772
1142	96.41808900773802	0.25477788
1143	96.62419326087702	0.22747985
1144	96.83029751401601	0.22839564
1145	97.03640176715501	0.23173396
1146	97.242506020294	0.23861524
1147	97.448610273433	0.22605316
1148	97.65471452657201	0.24324624
1149	97.860818779711	0.19073723
1150	98.06692303285	0.24403915
1151	98.27302728598903	0.22706985
1152	98.47913153912802	0.24171008
1153	98.68523579226702	0.24053349
1154	98.89134004540601	0.24254306
1155	99.09744429854501	0.21101752
1156	99.30354855168402	0.20063062
1157	99.509652804823	0.20508207
1158	99.71575705796201	0.23318699
1159	99.92186131110101	0.22514008
1160	100.12796556424	0.20530331
1161	100.334069817379	0.21859789
1162	100.54017407051799	0.23995477
1163	100.74627832365702	0.21534212
1164	100.95238257679603	0.26290837
1165	101.15848682993501	0.23998308
1166	101.36459108307402	0.22639489
1167	101.57069533621302	0.23562744
1168	101.77679958935201	0.2141001
1169	101.98290384249101	0.21256503
1170	102.18900809563	0.21346582
1171	102.395112348769	0.20046784
1172	102.601216601908	0.23004
1173	102.807320855047	0.23605874
1174	103.013425108186	0.22197923
1175	103.21952936132503	0.2198606
1176	103.42563361446402	0.22957665
1177	103.63173786760302	0.19922137
1178	103.83784212074202	0.22272606
1179	104.04394637388101	0.21680644
1180	104.25005062702002	0.22937435
1181	104.456154880159	0.19613527
1182	104.66225913329801	0.24100736
1183	104.86836338643701	0.23351207
1184	105.074467639576	0.18590559
1185	105.280571892715	0.18422651
1186	105.486676145854	0.24509205
1187	105.69278039899302	0.22820239
1188	105.89888465213203	0.20752592
1189	106.10498890527101	0.20950793
1190	106.31109315841002	0.21642411
1191	106.51719741154902	0.21599713
1192	106.72330166468801	0.2300292
1193	106.92940591782701	0.25351283
1194	107.13551017096601	0.21995755
1195	107.341614424105	0.21863118
1196	107.547718677244	0.24036676
1197	107.753822930383	0.24241236
1198	107.959927183522	0.18224408
1199	108.16603143666103	0.25256857
1200	108.37213568980002	0.22169738
1201	108.57823994293902	0.23659417
1202	108.78434419607802	0.2283307
1203	108.99044844921701	0.20528954
1204	109.19655270235602	0.24854547
1205	109.402656955495	0.2638208
1206	109.60876120863401	0.209958
1207	109.81486546177301	0.21862276
1208	110.020969714912	0.22297965
1209	110.227073968051	0.2188119
1210	110.43317822119	0.23631364
1211	110.63928247432902	0.24722171
1212	110.84538672746802	0.22299285
1213	111.05149098060703	0.2304715
1214	111.25759523374602	0.2169318
1215	111.46369948688502	0.20430739
1216	111.66980374002401	0.227033
1217	111.87590799316301	0.23779163
1218	112.08201224630201	0.23432818
1219	112.288116499441	0.23648377
1220	112.49422075258	0.23569897
1221	112.70032500571901	0.25827053
1222	112.906429258858	0.23601297
1223	113.11253351199703	0.2202676
1224	113.31863776513602	0.22975515
1225	113.52474201827502	0.24329355
1226	113.73084627141402	0.24180005
1227	113.93695052455301	0.20777383
1228	114.14305477769202	0.23931237
1229	114.34915903083102	0.2321837
1230	114.55526328397	0.24696338
1231	114.76136753710901	0.2131589
1232	114.967471790248	0.22744639
1233	115.173576043387	0.28242853
1234	115.379680296526	0.2159461
1235	115.58578454966502	0.22246678
1236	115.79188880280402	0.21385516
1237	115.99799305594303	0.21694319
1238	116.20409730908202	0.24372807
1239	116.41020156222102	0.22110099
1240	116.61630581536001	0.23196104
1241	116.82241006849901	0.23552424
1242	117.02851432163801	0.23551452
1243	117.234618574777	0.2235488
1244	117.440722827916	0.23727605
1245	117.64682708105501	0.26019496
1246	117.852931334194	0.19025236
1247	118.05903558733303	0.22297645
1248	118.26513984047202	0.21976402
1249	118.47124409361102	0.1929234
1250	118.67734834675002	0.21683638
1251	118.88345259988901	0.2344587
1252	119.08955685302801	0.23103671
1253	119.29566110616702	0.21244459
1254	119.501765359306	0.236863
1255	119.70786961244501	0.18001342
1256	119.913973865584	0.23548965
1257	120.120078118723	0.2105741
1258	120.326182371862	0.2083287
1259	120.53228662500102	0.23426746
1260	120.73839087814002	0.21735062
1261	120.94449513127903	0.20768675
1262	121.15059938441802	0.21636833
1263	121.35670363755702	0.23753509
1264	121.56280789069602	0.22006463
1265	121.76891214383501	0.23088697
1266	121.97501639697401	0.21200028
1267	122.181120650113	0.22510184
1268	122.387224903252	0.20764282
1269	122.59332915639101	0.24894282
1270	122.79943340953	0.2181503
1271	123.00553766266903	0.24961764
1272	123.21164191580803	0.19784261
1273	123.41774616894702	0.22722362
1274	123.62385042208602	0.21043766
1275	123.82995467522501	0.2595331
1276	124.03605892836401	0.21793334
1277	124.24216318150302	0.21463326
1278	124.448267434642	0.21435186
1279	124.65437168778101	0.21593578
1280	124.86047594092001	0.21369763
1281	125.066580194059	0.24739449
1282	125.272684447198	0.18474998
1283	125.47878870033699	0.21047677
1284	125.684892953476	0.20314558
1285	125.890997206615	0.23510939
1286	126.09710145975399	0.22912167
1287	126.30320571289299	0.21544123
1288	126.50930996603199	0.22744304
1289	126.71541421917098	0.21285246
1290	126.92151847231004	0.22111198
1291	127.12762272544904	0.19789705
1292	127.33372697858803	0.20606469
1293	127.53983123172704	0.22031234
1294	127.74593548486602	0.22433817
1295	127.95203973800503	0.22472404
1296	128.15814399114402	0.23043296
1297	128.36424824428303	0.21745318
1298	128.57035249742202	0.21577252
1299	128.776456750561	0.23837177
1300	128.98256100370003	0.25656018
1301	129.18866525683902	0.23387234
1302	129.394769509978	0.2368777
1303	129.60087376311702	0.23859353
1304	129.806978016256	0.22025777
1305	130.013082269395	0.23206353
1306	130.219186522534	0.24940099
1307	130.425290775673	0.24677122
1308	130.631395028812	0.23161449
1309	130.83749928195098	0.21095453
1310	131.04360353509	0.22451828
1311	131.249707788229	0.24170241
1312	131.45581204136798	0.21678679
1313	131.661916294507	0.2535065
1314	131.86802054764604	0.20487122
1315	132.07412480078503	0.23763748
1316	132.28022905392405	0.22020374
1317	132.48633330706303	0.21657549
1318	132.69243756020202	0.18646744
1319	132.89854181334104	0.24190836
1320	133.10464606648003	0.24281693
1321	133.31075031961902	0.23358035
1322	133.516854572758	0.21265794
1323	133.72295882589702	0.24156015
1324	133.929063079036	0.24698459
1325	134.135167332175	0.17224307
1326	134.34127158531402	0.22143304
1327	134.547375838453	0.24123828
1328	134.753480091592	0.20854859
1329	134.959584344731	0.22630382
1330	135.16568859787	0.20360893
1331	135.371792851009	0.22661877
1332	135.577897104148	0.25503898
1333	135.784001357287	0.22048366
1334	135.99010561042599	0.24560677
1335	136.196209863565	0.24549055
1336	136.402314116704	0.20557639
1337	136.60841836984298	0.22606
1338	136.81452262298205	0.24628124
1339	137.02062687612104	0.20025213
1340	137.22673112926003	0.23908721
1341	137.43283538239902	0.19137026
1342	137.63893963553804	0.20414846
1343	137.84504388867703	0.19319625
1344	138.05114814181601	0.25299227
1345	138.25725239495503	0.26256207
1346	138.46335664809402	0.22117345
1347	138.669460901233	0.21288995
1348	138.87556515437203	0.2519072
1349	139.08166940751101	0.21613738
1350	139.28777366065	0.23287977
1351	139.49387791378902	0.24102679
1352	139.699982166928	0.19581251
1353	139.906086420067	0.19947894
1354	140.11219067320602	0.17511088
1355	140.318294926345	0.25831896
1356	140.524399179484	0.25130892
1357	140.73050343262298	0.22353005
1358	140.936607685762	0.22601432
1359	141.142711938901	0.23727487
1360	141.34881619203998	0.24491687
1361	141.554920445179	0.22832
1362	141.76102469831804	0.21895504
1363	141.96712895145703	0.24045995
1364	142.17323320459604	0.21953359
1365	142.37933745773503	0.20083141
1366	142.58544171087402	0.24841258
1367	142.79154596401304	0.20045343
1368	142.99765021715203	0.22411188
1369	143.20375447029102	0.20950967
1370	143.40985872343003	0.21271744
1371	143.61596297656902	0.22895488
1372	143.822067229708	0.1815689
1373	144.028171482847	0.21414514
1374	144.23427573598602	0.21260108
1375	144.440379989125	0.21455523
1376	144.646484242264	0.25715673
1377	144.852588495403	0.22285512
1378	145.058692748542	0.2756193
1379	145.264797001681	0.24999619
1380	145.47090125482	0.23612379
1381	145.677005507959	0.23860665
1382	145.88310976109798	0.21151134
1383	146.089214014237	0.19859606
1384	146.295318267376	0.24428108
1385	146.50142252051498	0.2431988
1386	146.70752677365405	0.20163228
1387	146.91363102679304	0.21138053
1388	147.11973527993203	0.210354
1389	147.32583953307105	0.25142092
1390	147.53194378621004	0.24700868
1391	147.73804803934902	0.21409337
1392	147.944152292488	0.23628946
1393	148.15025654562703	0.19970813
1394	148.35636079876602	0.22426789
1395	148.562465051905	0.23780544
1396	148.76856930504402	0.2309414
1397	148.974673558183	0.23561136
1398	149.180777811322	0.20265308
1399	149.38688206446102	0.22000845
1400	149.5929863176	0.20159027
1401	149.799090570739	0.23071374
1402	150.005194823878	0.2258972
1403	150.211299077017	0.2479569
1404	150.417403330156	0.20797072
1405	150.623507583295	0.23761714
1406	150.829611836434	0.22359218
1407	151.035716089573	0.22028221
1408	151.24182034271197	0.24809626
1409	151.447924595851	0.22682573
1410	151.65402884899004	0.22413999
1411	151.86013310212903	0.2229909
1412	152.06623735526804	0.2372811
1413	152.27234160840703	0.20424408
1414	152.47844586154602	0.2207364
1415	152.68455011468504	0.23038791
1416	152.89065436782403	0.21804452
1417	153.09675862096302	0.22904932
1418	153.30286287410203	0.21943322
1419	153.50896712724102	0.22631013
1420	153.71507138038	0.21360137
1421	153.92117563351903	0.22489782
1422	154.12727988665802	0.23369639
1423	154.333384139797	0.21677062
1424	154.539488392936	0.23691064
1425	154.745592646075	0.28160125
1426	154.951696899214	0.23872496
1427	155.157801152353	0.22307462
1428	155.363905405492	0.21902445
1429	155.570009658631	0.22822365
1430	155.77611391176998	0.23606786
1431	155.982218164909	0.2218599
1432	156.188322418048	0.22288412
1433	156.39442667118698	0.22666007
1434	156.60053092432605	0.24821037
1435	156.80663517746504	0.23436077
1436	157.01273943060403	0.22789793
1437	157.21884368374305	0.20574203
1438	157.42494793688203	0.20813496
1439	157.63105219002102	0.20653877
1440	157.83715644316004	0.20098576
1441	158.04326069629903	0.25294352
1442	158.24936494943802	0.22549242
1443	158.455469202577	0.24437316
1444	158.66157345571602	0.19483021
1445	158.867677708855	0.22402704
1446	159.073781961994	0.23734716
1447	159.27988621513302	0.220877
1448	159.485990468272	0.22382668
1449	159.692094721411	0.25059035
1450	159.89819897455	0.2343019
1451	160.104303227689	0.21808834
1452	160.310407480828	0.23977825
1453	160.516511733967	0.20380184
1454	160.722615987106	0.2334275
1455	160.92872024024499	0.22554013
1456	161.134824493384	0.20490211
1457	161.340928746523	0.20488076
1458	161.54703299966204	0.21542086
1459	161.75313725280105	0.2579931
1460	161.95924150594004	0.21536495
1461	162.16534575907903	0.21085763
1462	162.37145001221802	0.23881827
1463	162.57755426535704	0.24327193
1464	162.78365851849603	0.23642354
1465	162.98976277163501	0.2260141
1466	163.19586702477403	0.21576244
1467	163.40197127791302	0.22756355
1468	163.608075531052	0.18506849
1469	163.81417978419103	0.2170089
1470	164.02028403733001	0.20445369
1471	164.226388290469	0.23645267
1472	164.43249254360802	0.21316832
1473	164.638596796747	0.21139531
1474	164.844701049886	0.25221685
1475	165.05080530302502	0.25330788
1476	165.256909556164	0.24856278
1477	165.463013809303	0.22354053
1478	165.66911806244198	0.2391963
1479	165.875222315581	0.2358225
1480	166.08132656872	0.23490395
1481	166.28743082185898	0.23098111
1482	166.49353507499805	0.22030662
1483	166.69963932813704	0.2441176
1484	166.90574358127603	0.23289791
1485	167.11184783441504	0.20894773
1486	167.31795208755403	0.24327771
1487	167.52405634069302	0.21058863
1488	167.73016059383204	0.23247185
1489	167.93626484697103	0.25199956
1490	168.14236910011002	0.22988977
1491	168.34847335324903	0.20751806
1492	168.55457760638802	0.22070637
1493	168.760681859527	0.22499064
1494	168.966786112666	0.21315826
1495	169.17289036580502	0.21558672
1496	169.378994618944	0.23029542
1497	169.585098872083	0.20872043
1498	169.791203125222	0.24944918
1499	169.997307378361	0.24105026
