	velocity	Amplitude
0	-112.763072177	0.51608056
1	-112.55696821721499	0.5587172
2	-112.35086425742999	0.5609661
3	-112.14476029764499	0.507894
4	-111.93865633786	0.5562278
5	-111.732552378075	0.5195607
6	-111.52644841828999	0.5367819
7	-111.32034445850499	0.55285114
8	-111.11424049872	0.5268464
9	-110.908136538935	0.5390272
10	-110.70203257914999	0.525214
11	-110.49592861936499	0.54517436
12	-110.28982465958	0.5774743
13	-110.083720699795	0.57318515
14	-109.87761674001	0.54740304
15	-109.67151278022499	0.50258774
16	-109.46540882043999	0.51053417
17	-109.259304860655	0.5206977
18	-109.05320090087	0.51970017
19	-108.847096941085	0.552667
20	-108.64099298129999	0.5547512
21	-108.434889021515	0.55178523
22	-108.22878506173	0.5160255
23	-108.022681101945	0.5297452
24	-107.81657714216	0.5286909
25	-107.61047318237499	0.5367907
26	-107.40436922259	0.5295952
27	-107.198265262805	0.5455337
28	-106.99216130302	0.57409
29	-106.78605734323499	0.5226542
30	-106.57995338344999	0.5153582
31	-106.373849423665	0.5463371
32	-106.16774546388	0.56521344
33	-105.961641504095	0.519286
34	-105.75553754430999	0.5143081
35	-105.54943358452499	0.5331836
36	-105.34332962474	0.5325093
37	-105.137225664955	0.51800907
38	-104.93112170517	0.5097544
39	-104.72501774538499	0.52755463
40	-104.51891378559999	0.5204652
41	-104.312809825815	0.5391041
42	-104.10670586603	0.51774985
43	-103.90060190624499	0.55294055
44	-103.69449794645999	0.52651924
45	-103.488393986675	0.5221191
46	-103.28229002689	0.5218801
47	-103.076186067105	0.5255061
48	-102.87008210731999	0.54091007
49	-102.66397814753499	0.56169444
50	-102.45787418775	0.54553455
51	-102.251770227965	0.5009008
52	-102.04566626818	0.54196894
53	-101.83956230839499	0.51428103
54	-101.63345834861	0.5824559
55	-101.427354388825	0.55057347
56	-101.22125042904	0.5170877
57	-101.01514646925499	0.5174278
58	-100.80904250946999	0.5275252
59	-100.602938549685	0.53176427
60	-100.3968345899	0.5446689
61	-100.190730630115	0.5294007
62	-99.98462667032999	0.52892894
63	-99.77852271054499	0.51440954
64	-99.57241875076	0.5236372
65	-99.366314790975	0.51872444
66	-99.16021083119	0.5446401
67	-98.95410687140499	0.5075181
68	-98.74800291161999	0.49822903
69	-98.541898951835	0.524733
70	-98.33579499205	0.53309405
71	-98.12969103226499	0.5663907
72	-97.92358707247999	0.5046389
73	-97.71748311269499	0.53936064
74	-97.51137915291	0.5271388
75	-97.305275193125	0.5171058
76	-97.09917123333999	0.5523569
77	-96.89306727355499	0.5679987
78	-96.68696331377	0.52321833
79	-96.480859353985	0.5514646
80	-96.2747553942	0.5332399
81	-96.06865143441499	0.5424616
82	-95.86254747463	0.5272157
83	-95.656443514845	0.49019182
84	-95.45033955506	0.50515145
85	-95.24423559527499	0.5458604
86	-95.03813163548999	0.5042634
87	-94.832027675705	0.5527138
88	-94.62592371592	0.51268685
89	-94.419819756135	0.5081702
90	-94.21371579634999	0.5632266
91	-94.00761183656499	0.5260777
92	-93.80150787678	0.5385441
93	-93.595403916995	0.537584
94	-93.38929995721	0.5374589
95	-93.18319599742499	0.5568446
96	-92.97709203763999	0.513405
97	-92.770988077855	0.5722841
98	-92.56488411807	0.5060152
99	-92.35878015828499	0.5298361
100	-92.15267619849999	0.5762355
101	-91.94657223871499	0.53698206
102	-91.74046827893	0.5550357
103	-91.534364319145	0.52190524
104	-91.32826035935999	0.49078405
105	-91.12215639957499	0.56746674
106	-90.91605243978998	0.5581768
107	-90.709948480005	0.5370865
108	-90.50384452022	0.564816
109	-90.29774056043499	0.55016774
110	-90.09163660065	0.52769417
111	-89.885532640865	0.5294736
112	-89.67942868108	0.5533801
113	-89.473324721295	0.5022927
114	-89.26722076150999	0.5578023
115	-89.061116801725	0.5140553
116	-88.85501284194	0.5225436
117	-88.648908882155	0.55409354
118	-88.44280492236999	0.5389882
119	-88.23670096258499	0.5528489
120	-88.03059700280001	0.52583843
121	-87.824493043015	0.53366876
122	-87.61838908323	0.54005754
123	-87.41228512344499	0.5197945
124	-87.20618116365999	0.48121107
125	-87.000077203875	0.57909817
126	-86.79397324409	0.5332616
127	-86.587869284305	0.52635753
128	-86.38176532451999	0.5385612
129	-86.17566136473499	0.512191
130	-85.96955740495	0.5240618
131	-85.763453445165	0.5565263
132	-85.55734948537999	0.55133045
133	-85.35124552559499	0.55778056
134	-85.14514156581	0.5645374
135	-84.939037606025	0.5673056
136	-84.73293364624	0.50996715
137	-84.52682968645499	0.5427157
138	-84.32072572667	0.53519404
139	-84.11462176688498	0.5150639
140	-83.9085178071	0.51408356
141	-83.702413847315	0.5362288
142	-83.49630988752999	0.52883303
143	-83.290205927745	0.55485564
144	-83.08410196796	0.5612434
145	-82.877998008175	0.5088304
146	-82.67189404838999	0.54032695
147	-82.46579008860499	0.52451223
148	-82.25968612882001	0.5447821
149	-82.053582169035	0.5504521
150	-81.84747820925	0.53298783
151	-81.64137424946499	0.54290974
152	-81.43527028967999	0.51063764
153	-81.229166329895	0.5444335
154	-81.02306237011	0.5266183
155	-80.816958410325	0.5647045
156	-80.61085445053999	0.5424562
157	-80.40475049075499	0.5232526
158	-80.19864653097	0.5299258
159	-79.992542571185	0.55074036
160	-79.78643861139999	0.510631
161	-79.580334651615	0.5274038
162	-79.37423069183	0.5271091
163	-79.168126732045	0.5142563
164	-78.96202277226	0.55968565
165	-78.75591881247499	0.5276991
166	-78.54981485269	0.5524563
167	-78.34371089290498	0.53677607
168	-78.13760693312	0.5176791
169	-77.931502973335	0.5296487
170	-77.72539901354999	0.5190559
171	-77.519295053765	0.5328534
172	-77.31319109397998	0.522468
173	-77.107087134195	0.56663144
174	-76.90098317440999	0.53336686
175	-76.69487921462499	0.5302583
176	-76.48877525484001	0.5517021
177	-76.28267129505498	0.5793243
178	-76.07656733527	0.59633726
179	-75.87046337548499	0.5669689
180	-75.66435941569999	0.53165686
181	-75.45825545591501	0.53639984
182	-75.25215149612998	0.5118433
183	-75.046047536345	0.50211126
184	-74.83994357655999	0.54634196
185	-74.63383961677499	0.5598894
186	-74.42773565699	0.51452553
187	-74.221631697205	0.5074537
188	-74.01552773742	0.5434298
189	-73.80942377763499	0.52012867
190	-73.60331981785	0.5502093
191	-73.397215858065	0.52898073
192	-73.19111189828	0.53775626
193	-72.98500793849499	0.5641076
194	-72.77890397871	0.48227578
195	-72.572800018925	0.49745655
196	-72.36669605914	0.5004494
197	-72.160592099355	0.5545937
198	-71.95448813956999	0.5331899
199	-71.748384179785	0.5407491
200	-71.54228021999998	0.55955017
201	-71.336176260215	0.5615272
202	-71.13007230043	0.5745884
203	-70.92396834064499	0.5375965
204	-70.71786438086001	0.5064327
205	-70.51176042107498	0.5096202
206	-70.30565646129	0.5360259
207	-70.09955250150499	0.5080002
208	-69.89344854171999	0.5212567
209	-69.68734458193501	0.5145201
210	-69.48124062214998	0.52742
211	-69.275136662365	0.5506363
212	-69.06903270257999	0.5080313
213	-68.86292874279499	0.57032955
214	-68.65682478301	0.51165855
215	-68.450720823225	0.5492143
216	-68.24461686344	0.5097017
217	-68.03851290365499	0.5306419
218	-67.83240894386999	0.5372614
219	-67.626304984085	0.5477746
220	-67.4202010243	0.52977896
221	-67.21409706451499	0.5660281
222	-67.00799310473	0.51593256
223	-66.801889144945	0.56053525
224	-66.59578518516	0.5106508
225	-66.389681225375	0.51920056
226	-66.18357726558999	0.5599038
227	-65.977473305805	0.558296
228	-65.77136934601998	0.5321356
229	-65.565265386235	0.55811965
230	-65.35916142645	0.55692273
231	-65.15305746666499	0.5014663
232	-64.94695350687999	0.5488028
233	-64.740849547095	0.5467298
234	-64.53474558731	0.53008366
235	-64.32864162752499	0.5233156
236	-64.12253766773999	0.5818606
237	-63.916433707954994	0.5559963
238	-63.71032974816999	0.53613305
239	-63.50422578838499	0.56200236
240	-63.298121828599996	0.5217286
241	-63.092017868815	0.49404
242	-62.885913909029995	0.5033313
243	-62.67980994924499	0.5455521
244	-62.473705989459994	0.5387897
245	-62.26760202967499	0.60212135
246	-62.06149806988999	0.49574202
247	-61.855394110104996	0.5527198
248	-61.64929015032	0.5535961
249	-61.443186190534995	0.5464111
250	-61.23708223074999	0.5036573
251	-61.030978270964994	0.5252325
252	-60.82487431117999	0.55195904
253	-60.618770351395	0.52910566
254	-60.412666391609996	0.50899094
255	-60.206562431825	0.522766
256	-60.000458472039995	0.5733356
257	-59.79435451225499	0.5144828
258	-59.588250552469994	0.5281104
259	-59.38214659268499	0.52299976
260	-59.1760426329	0.58613753
261	-58.969938673114996	0.5385795
262	-58.76383471333	0.5292226
263	-58.557730753544995	0.5116487
264	-58.35162679375999	0.538295
265	-58.145522833974994	0.5546009
266	-57.93941887418999	0.52475053
267	-57.733314914405	0.5096799
268	-57.527210954619996	0.56545585
269	-57.321106994835	0.53075373
270	-57.115003035049995	0.5347129
271	-56.90889907526499	0.5643431
272	-56.702795115479994	0.52535754
273	-56.49669115569499	0.50068027
274	-56.29058719591	0.5386562
275	-56.084483236124996	0.57865787
276	-55.87837927634	0.526773
277	-55.672275316554995	0.54049253
278	-55.46617135676999	0.54481846
279	-55.260067396984994	0.53072524
280	-55.05396343719999	0.5334023
281	-54.847859477415	0.54228157
282	-54.641755517629996	0.52484876
283	-54.43565155784499	0.5190836
284	-54.229547598059995	0.5517121
285	-54.02344363827499	0.5608476
286	-53.817339678489994	0.49656796
287	-53.61123571870499	0.52303565
288	-53.40513175892	0.560344
289	-53.199027799134996	0.58284533
290	-52.99292383934999	0.5533751
291	-52.786819879564995	0.52765375
292	-52.58071591977999	0.5128879
293	-52.37461195999499	0.54795164
294	-52.16850800021	0.5038239
295	-51.962404040425	0.5380738
296	-51.756300080639996	0.55408925
297	-51.55019612085499	0.51662385
298	-51.344092161069995	0.55124426
299	-51.13798820128499	0.5242288
300	-50.93188424149999	0.523023
301	-50.725780281715	0.5260201
302	-50.51967632193	0.55662787
303	-50.313572362144996	0.54342926
304	-50.10746840235999	0.5010192
305	-49.901364442574994	0.5477578
306	-49.69526048278999	0.545621
307	-49.48915652300499	0.5264367
308	-49.28305256322	0.5085376
309	-49.076948603435	0.52804846
310	-48.870844643649995	0.54763633
311	-48.66474068386499	0.50796974
312	-48.458636724079994	0.5569754
313	-48.25253276429499	0.551395
314	-48.04642880450999	0.5627567
315	-47.840324844725	0.57158023
316	-47.63422088494	0.53669083
317	-47.428116925154995	0.5389324
318	-47.22201296537	0.47892606
319	-47.015909005584994	0.5191582
320	-46.80980504579999	0.5292065
321	-46.603701086014986	0.56211317
322	-46.39759712623	0.56012934
323	-46.191493166445	0.528241
324	-45.985389206659995	0.5704686
325	-45.77928524687499	0.51524967
326	-45.57318128708999	0.5412632
327	-45.367077327305	0.56193995
328	-45.16097336751999	0.5295549
329	-44.954869407734996	0.5590681
330	-44.74876544794999	0.58617264
331	-44.54266148816499	0.5468849
332	-44.33655752838	0.5433159
333	-44.130453568594994	0.54335576
334	-43.92434960880999	0.5574005
335	-43.718245649024986	0.59365284
336	-43.51214168924	0.55216324
337	-43.306037729455	0.5141837
338	-43.099933769669995	0.54773194
339	-42.89382980988499	0.55870336
340	-42.68772585009999	0.51779366
341	-42.481621890315	0.5167584
342	-42.27551793053	0.51982605
343	-42.069413970744996	0.52483
344	-41.86331001095999	0.5401623
345	-41.65720605117499	0.5381091
346	-41.45110209139	0.54546136
347	-41.244998131604994	0.55889153
348	-41.03889417181999	0.551119
349	-40.83279021203499	0.5187185
350	-40.62668625225	0.51193017
351	-40.420582292465	0.54763854
352	-40.214478332679995	0.5256554
353	-40.00837437289499	0.5627721
354	-39.80227041310999	0.5805599
355	-39.596166453325	0.5131458
356	-39.39006249354	0.5229075
357	-39.183958533754996	0.53465515
358	-38.97785457396999	0.5136846
359	-38.77175061418499	0.5138805
360	-38.5656466544	0.55849737
361	-38.359542694614994	0.5060695
362	-38.15343873482999	0.5106855
363	-37.94733477504499	0.5588802
364	-37.74123081525999	0.5200951
365	-37.535126855475	0.55383754
366	-37.329022895689995	0.5352041
367	-37.12291893590499	0.5532935
368	-36.91681497611999	0.5184005
369	-36.710711016335	0.54553455
370	-36.50460705655	0.5285864
371	-36.298503096764996	0.5569873
372	-36.09239913697999	0.5217657
373	-35.88629517719499	0.5223348
374	-35.68019121741	0.5249352
375	-35.474087257624994	0.50108147
376	-35.26798329783999	0.54863673
377	-35.06187933805499	0.5616133
378	-34.85577537826999	0.552507
379	-34.649671418485	0.52207035
380	-34.443567458699995	0.52611315
381	-34.23746349891499	0.51605344
382	-34.03135953912999	0.48940054
383	-33.825255579345004	0.5455221
384	-33.61915161956	0.5544225
385	-33.413047659774996	0.5230173
386	-33.20694369998999	0.5009716
387	-33.00083974020499	0.5177948
388	-32.79473578042	0.5226226
389	-32.588631820634994	0.5546462
390	-32.38252786085	0.5415337
391	-32.17642390106499	0.5327549
392	-31.97031994127999	0.51028645
393	-31.764215981495	0.5055574
394	-31.558112021709995	0.52203053
395	-31.352008061924995	0.4803861
396	-31.14590410213999	0.5559779
397	-30.939800142355	0.5724699
398	-30.733696182569997	0.51303524
399	-30.527592222784996	0.53054863
400	-30.321488262999992	0.5788486
401	-30.115384303214988	0.5585938
402	-29.90928034343	0.5466803
403	-29.703176383644998	0.55612385
404	-29.497072423859994	0.52374464
405	-29.29096846407499	0.56984687
406	-29.08486450428999	0.5162838
407	-28.878760544505	0.51569206
408	-28.672656584719995	0.55112386
409	-28.466552624934994	0.54238963
410	-28.26044866514999	0.5522733
411	-28.054344705364986	0.60181874
412	-27.84824074558	0.5298603
413	-27.642136785794996	0.545779
414	-27.436032826009992	0.5391601
415	-27.229928866224988	0.51265275
416	-27.02382490644	0.51969284
417	-26.817720946654998	0.5250639
418	-26.611616986869993	0.5942932
419	-26.405513027084993	0.5337502
420	-26.19940906729999	0.5455903
421	-25.993305107515	0.5303521
422	-25.787201147729995	0.53648555
423	-25.581097187944994	0.51759505
424	-25.37499322815999	0.53729224
425	-25.168889268374986	0.5555501
426	-24.96278530859	0.561992
427	-24.756681348804996	0.52227354
428	-24.550577389019992	0.5529644
429	-24.344473429234988	0.5068022
430	-24.13836946945	0.5341094
431	-23.932265509664997	0.50538707
432	-23.726161549879993	0.5092231
433	-23.520057590094993	0.56204706
434	-23.31395363030999	0.49352124
435	-23.107849670525	0.5595225
436	-22.90174571074	0.5594734
437	-22.695641750954994	0.5456507
438	-22.48953779116999	0.5386801
439	-22.283433831384986	0.55156565
440	-22.0773298716	0.55466825
441	-21.871225911814996	0.56815034
442	-21.665121952029992	0.54338574
443	-21.45901799224499	0.5490581
444	-21.25291403246	0.5587071
445	-21.046810072674997	0.56680465
446	-20.840706112889993	0.5089183
447	-20.634602153104993	0.5882643
448	-20.42849819331999	0.59526324
449	-20.222394233535	0.515784
450	-20.01629027375	0.49911034
451	-19.810186313964994	0.5218642
452	-19.60408235417999	0.5347587
453	-19.397978394394986	0.5072819
454	-19.19187443461	0.52188975
455	-18.985770474824996	0.50050503
456	-18.77966651503999	0.53163856
457	-18.57356255525499	0.5622071
458	-18.36745859547	0.52974766
459	-18.161354635684997	0.52195966
460	-17.955250675899997	0.53727174
461	-17.749146716114993	0.5189232
462	-17.54304275632999	0.5465287
463	-17.336938796545	0.54963726
464	-17.13083483676	0.5315171
465	-16.924730876974994	0.53373575
466	-16.71862691718999	0.5376578
467	-16.51252295740499	0.49892434
468	-16.30641899762	0.5344994
469	-16.100315037834996	0.52898586
470	-15.894211078049993	0.5255159
471	-15.688107118264991	0.51523435
472	-15.482003158479987	0.5086476
473	-15.275899198694999	0.5348808
474	-15.069795238909995	0.5702672
475	-14.863691279124993	0.5292769
476	-14.657587319339989	0.547572
477	-14.451483359555	0.53460705
478	-14.245379399769998	0.55846274
479	-14.039275439984994	0.5040378
480	-13.833171480199992	0.49206954
481	-13.627067520414988	0.53793055
482	-13.42096356063	0.5385524
483	-13.214859600844997	0.5179779
484	-13.008755641059993	0.53060573
485	-12.802651681274991	0.5766371
486	-12.596547721489987	0.5636021
487	-12.390443761704999	0.5497107
488	-12.184339801919997	0.49159575
489	-11.978235842134993	0.5114683
490	-11.77213188234999	0.54311395
491	-11.566027922565	0.5716187
492	-11.359923962779998	0.57164
493	-11.153820002994994	0.6030027
494	-10.947716043209992	0.5343074
495	-10.74161208342499	0.5373775
496	-10.53550812364	0.51252186
497	-10.329404163854997	0.49196783
498	-10.123300204069993	0.48134103
499	-9.917196244284991	0.521084
500	-9.711092284499987	0.5949668
501	-9.504988324714999	0.5078393
502	-9.298884364929997	0.51694846
503	-9.092780405144993	0.5149665
504	-8.88667644535999	0.56443626
505	-8.680572485575002	0.519655
506	-8.474468525789998	0.59278435
507	-8.268364566004996	0.48770955
508	-8.062260606219992	0.5259723
509	-7.856156646434989	0.5170545
510	-7.6500526866500005	0.5421623
511	-7.443948726864997	0.53800446
512	-7.237844767079994	0.50551707
513	-7.031740807294991	0.5220756
514	-6.825636847509988	0.54135287
515	-6.619532887725	0.53551483
516	-6.4134289279399965	0.54784006
517	-6.207324968154993	0.4919853
518	-6.00122100836999	0.52605927
519	-5.795117048584987	0.5199937
520	-5.589013088799999	0.5108253
521	-5.382909129014996	0.5266103
522	-5.176805169229993	0.5859426
523	-4.970701209444989	0.56113434
524	-4.76459724966	0.5697862
525	-4.558493289874997	0.54672647
526	-4.352389330089994	0.5300581
527	-4.146285370304992	0.4903038
528	-3.940181410519988	0.5560956
529	-3.7340774507349996	0.53943646
530	-3.5279734909499965	0.5464742
531	-3.3218695311649937	0.5064073
532	-3.1157655713799906	0.5319514
533	-2.9096616115949874	0.5282034
534	-2.703557651809999	0.5335871
535	-2.4974536920249957	0.50101334
536	-2.2913497322399925	0.48635384
537	-2.0852457724549893	0.5111557
538	-1.879141812670001	0.53783756
539	-1.6730378528849978	0.5077928
540	-1.4669338930999947	0.5100138
541	-1.2608299333149917	0.4600594
542	-1.0547259735299885	0.41595352
543	-0.848622013745	0.43102103
544	-0.642518053959997	0.4177475
545	-0.4364140941749938	0.3736031
546	-0.2303101343899907	0.3913231
547	-0.02420617460498761	0.35398602
548	0.18189778518000094	0.40782434
549	0.38800174496500406	0.46324927
550	0.5941057047500071	0.44199753
551	0.8002096645350102	0.4561802
552	1.0063136243199988	0.48042387
553	1.2124175841050018	0.5064173
554	1.418521543890005	0.5033199
555	1.6246255036750081	0.46930358
556	1.830729463460011	0.52230185
557	2.0368334232449996	0.53557646
558	2.242937383030003	0.5755328
559	2.449041342815006	0.5382209
560	2.655145302600009	0.5159027
561	2.8612492623850123	0.5230429
562	3.067353222170001	0.50677305
563	3.2734571819550036	0.53030056
564	3.4795611417400067	0.5678029
565	3.68566510152501	0.5473323
566	3.891769061310013	0.50875354
567	4.097873021095001	0.5262184
568	4.303976980880004	0.5069561
569	4.5100809406650075	0.5317296
570	4.716184900450011	0.57969326
571	4.922288860235	0.5736107
572	5.128392820020003	0.5115584
573	5.334496779805006	0.5463766
574	5.540600739590008	0.526647
575	5.7467046993750115	0.48106548
576	5.9528086591600005	0.5117918
577	6.158912618945004	0.5323436
578	6.365016578730007	0.55092466
579	6.57112053851501	0.56409526
580	6.777224498300013	0.5186901
581	6.983328458085001	0.5285002
582	7.189432417870004	0.5809548
583	7.395536377655008	0.56939644
584	7.601640337440011	0.54202634
585	7.807744297224999	0.528621
586	8.013848257010002	0.5421407
587	8.219952216795006	0.5409947
588	8.426056176580008	0.60492766
589	8.632160136365012	0.5582549
590	8.83826409615	0.5226085
591	9.044368055935003	0.5612457
592	9.250472015720007	0.49229437
593	9.45657597550501	0.49231836
594	9.662679935290013	0.55717117
595	9.868783895075001	0.54778403
596	10.074887854860004	0.5298023
597	10.280991814645008	0.52327377
598	10.48709577443001	0.5584447
599	10.693199734214998	0.56071144
600	10.899303694000002	0.5558685
601	11.105407653785004	0.51781505
602	11.311511613570008	0.5472627
603	11.51761557335501	0.5057765
604	11.72371953314	0.5296936
605	11.929823492925003	0.5625229
606	12.135927452710005	0.52083254
607	12.34203141249501	0.5009683
608	12.548135372280012	0.53374237
609	12.754239332065001	0.51820123
610	12.960343291850004	0.5338345
611	13.166447251635008	0.5801524
612	13.37255121142001	0.5772409
613	13.578655171204998	0.5350201
614	13.784759130990002	0.54685897
615	13.990863090775004	0.50295544
616	14.196967050560009	0.50992996
617	14.40307101034501	0.55792916
618	14.609174970129999	0.51878333
619	14.815278929915003	0.4851344
620	15.021382889700005	0.5393739
621	15.22748684948501	0.49530602
622	15.433590809270012	0.5011577
623	15.639694769055	0.49063444
624	15.845798728840004	0.44198444
625	16.051902688625006	0.39589617
626	16.25800664841001	0.3569112
627	16.464110608195014	0.30558646
628	16.67021456798	0.2598768
629	16.876318527765005	0.26055908
630	17.08242248755001	0.2714535
631	17.28852644733501	0.26570117
632	17.49463040712	0.28897607
633	17.700734366905003	0.33907443
634	17.906838326690007	0.37328434
635	18.112942286475008	0.40339807
636	18.319046246259997	0.453455
637	18.525150206045016	0.4694095
638	18.731254165830002	0.47957808
639	18.937358125614992	0.5387575
640	19.14346208540001	0.5096226
641	19.349566045184996	0.56142676
642	19.555670004970015	0.52311647
643	19.761773964755005	0.537434
644	19.967877924539994	0.53107274
645	20.17398188432501	0.5448819
646	20.38008584411	0.5407304
647	20.586189803895017	0.51024914
648	20.792293763680004	0.50731415
649	20.998397723464993	0.54304534
650	21.20450168325001	0.54272395
651	21.410605643035	0.52488774
652	21.616709602820016	0.5274768
653	21.822813562605006	0.55052686
654	22.028917522389996	0.5408654
655	22.23502148217501	0.5241037
656	22.44112544196	0.54273957
657	22.64722940174502	0.5163728
658	22.85333336153001	0.55302
659	23.059437321314995	0.5085036
660	23.265541281100013	0.5394742
661	23.471645240885003	0.52435523
662	23.677749200670018	0.5504298
663	23.883853160455008	0.55920935
664	24.089957120239998	0.5154378
665	24.296061080025016	0.52708644
666	24.502165039810002	0.53815687
667	24.70826899959502	0.5469551
668	24.91437295938001	0.54986775
669	25.120476919164997	0.5475799
670	25.326580878950015	0.55146605
671	25.532684838735005	0.55075836
672	25.73878879851999	0.53396475
673	25.94489275830501	0.56464344
674	26.15099671809	0.53670615
675	26.357100677875017	0.5616774
676	26.563204637660004	0.53841704
677	26.769308597444994	0.5228658
678	26.975412557230012	0.509687
679	27.181516517014998	0.5141228
680	27.387620476800016	0.5262684
681	27.593724436585006	0.54679865
682	27.799828396369993	0.5206284
683	28.00593235615501	0.54737395
684	28.21203631594	0.5213432
685	28.41814027572502	0.54331213
686	28.624244235510005	0.52744573
687	28.830348195294995	0.5267964
688	29.036452155080013	0.5557973
689	29.242556114865	0.49771705
690	29.448660074650018	0.5172592
691	29.654764034435008	0.5517615
692	29.860867994219998	0.5500293
693	30.066971954005012	0.5362217
694	30.273075913790002	0.53752565
695	30.47917987357502	0.51146036
696	30.685283833360007	0.49822682
697	30.891387793144997	0.54560727
698	31.097491752930015	0.545294
699	31.303595712715005	0.5571238
700	31.50969967249999	0.5449512
701	31.71580363228501	0.49212056
702	31.92190759207	0.53664863
703	32.12801155185502	0.48067033
704	32.33411551164001	0.5746773
705	32.54021947142499	0.4970042
706	32.74632343121001	0.56414896
707	32.952427390995	0.5683217
708	33.15853135078002	0.53862804
709	33.364635310565006	0.51749676
710	33.570739270349996	0.533143
711	33.776843230135015	0.5082207
712	33.98294718992	0.5557206
713	34.189051149705016	0.51241654
714	34.395155109490005	0.5015736
715	34.601259069274995	0.5587082
716	34.807363029060014	0.5164506
717	35.013466988845	0.54706556
718	35.21957094863002	0.5553306
719	35.425674908415004	0.5153534
720	35.631778868199994	0.50530005
721	35.83788282798501	0.53168255
722	36.04398678777	0.5686893
723	36.25009074755502	0.55085313
724	36.45619470734001	0.5270198
725	36.66229866712499	0.5083941
726	36.86840262691001	0.58756226
727	37.074506586695	0.47973958
728	37.28061054648002	0.50601274
729	37.48671450626501	0.4830698
730	37.69281846605	0.5297196
731	37.89892242583502	0.5572442
732	38.10502638562	0.51478434
733	38.31113034540499	0.5311347
734	38.51723430519001	0.5145691
735	38.723338264975	0.5095656
736	38.92944222476002	0.5415552
737	39.13554618454501	0.50915813
738	39.341650144329996	0.52165043
739	39.54775410411501	0.5188719
740	39.7538580639	0.52308035
741	39.959962023685016	0.5036616
742	40.166065983470006	0.5459526
743	40.372169943254995	0.53787285
744	40.578273903040014	0.55573535
745	40.784377862825	0.51403904
746	40.990481822610015	0.57333195
747	41.196585782395005	0.5480061
748	41.402689742179994	0.50543225
749	41.60879370196501	0.5350791
750	41.81489766175	0.5543103
751	42.02100162153502	0.5379886
752	42.22710558132001	0.5345449
753	42.43320954110499	0.5088584
754	42.63931350089001	0.5099611
755	42.845417460675	0.51204044
756	43.05152142046002	0.53147507
757	43.25762538024501	0.51912254
758	43.46372934003	0.50195515
759	43.66983329981502	0.5619094
760	43.8759372596	0.5638982
761	44.08204121938499	0.5131789
762	44.28814517917001	0.51356316
763	44.494249138955	0.5296892
764	44.70035309874002	0.5371924
765	44.90645705852501	0.5220755
766	45.11256101830999	0.50573206
767	45.31866497809501	0.552527
768	45.52476893788	0.55912894
769	45.730872897665016	0.54076123
770	45.936976857450006	0.53282595
771	46.143080817234996	0.509494
772	46.349184777020014	0.5262556
773	46.555288736805	0.53910583
774	46.761392696590015	0.48692876
775	46.967496656375005	0.5243454
776	47.173600616159995	0.5572362
777	47.37970457594501	0.5449985
778	47.58580853573	0.50825274
779	47.79191249551502	0.52821416
780	47.998016455300004	0.5212113
781	48.204120415084994	0.5367407
782	48.41022437487001	0.49631837
783	48.616328334655	0.5405003
784	48.82243229444002	0.60270125
785	49.02853625422501	0.5009301
786	49.23464021401	0.5286035
787	49.44074417379501	0.5265137
788	49.64684813358	0.53686106
789	49.85295209336502	0.5503944
790	50.05905605315001	0.5548845
791	50.265160012935	0.53178424
792	50.47126397272002	0.56235474
793	50.67736793250501	0.54768175
794	50.88347189228999	0.5270608
795	51.08957585207501	0.5108729
796	51.29567981186	0.5334008
797	51.501783771645016	0.5547718
798	51.707887731430006	0.53178155
799	51.913991691214996	0.559924
800	52.120095651000014	0.5290295
801	52.326199610785	0.55658185
802	52.532303570570015	0.5499967
803	52.738407530355005	0.53087556
804	52.944511490139995	0.5238423
805	53.15061544992501	0.5368888
806	53.35671940971	0.55750483
807	53.56282336949502	0.5536223
808	53.768927329280004	0.5365931
809	53.975031289064994	0.54543084
810	54.18113524885001	0.51794845
811	54.387239208635	0.5489524
812	54.59334316842002	0.5429519
813	54.79944712820501	0.5337011
814	55.00555108798999	0.57114446
815	55.21165504777501	0.54333663
816	55.41775900756	0.5445707
817	55.62386296734502	0.5213132
818	55.82996692713001	0.56510013
819	56.036070886915	0.52561325
820	56.24217484670002	0.56328267
821	56.448278806485	0.55650145
822	56.65438276627002	0.530823
823	56.86048672605501	0.5281957
824	57.06659068584	0.53400195
825	57.272694645625016	0.49260756
826	57.478798605410006	0.5299286
827	57.684902565194996	0.53542066
828	57.89100652498001	0.540683
829	58.097110484765	0.53952897
830	58.303214444550015	0.5648434
831	58.509318404335005	0.5286349
832	58.715422364119995	0.53182775
833	58.92152632390501	0.523827
834	59.12763028369	0.5405399
835	59.333734243475014	0.51908773
836	59.539838203260004	0.5506919
837	59.745942163044994	0.5051349
838	59.95204612283001	0.52189034
839	60.158150082615	0.52551097
840	60.36425404240002	0.5632107
841	60.57035800218501	0.5280006
842	60.77646196196999	0.5163437
843	60.98256592175501	0.5086896
844	61.18866988154	0.55412984
845	61.39477384132502	0.5247407
846	61.60087780111001	0.5716171
847	61.806981760895	0.507764
848	62.01308572068002	0.58567816
849	62.219189680465	0.5189246
850	62.42529364025002	0.5265333
851	62.63139760003501	0.53488076
852	62.83750155982	0.5244148
853	63.043605519605016	0.5478706
854	63.249709479390006	0.53673744
855	63.45581343917499	0.55599445
856	63.66191739896001	0.53602386
857	63.868021358745	0.54352725
858	64.07412531853002	0.51988024
859	64.280229278315	0.5185829
860	64.48633323809999	0.5411202
861	64.69243719788501	0.5439207
862	64.89854115767	0.5479215
863	65.10464511745502	0.5554028
864	65.31074907724	0.54718137
865	65.51685303702499	0.5520962
866	65.72295699681001	0.5467613
867	65.929060956595	0.5091093
868	66.13516491638002	0.5066546
869	66.341268876165	0.52565426
870	66.54737283595	0.5154541
871	66.75347679573501	0.52173156
872	66.95958075552	0.54259396
873	67.16568471530502	0.5142764
874	67.37178867509	0.5837024
875	67.577892634875	0.55450714
876	67.78399659466001	0.53660756
877	67.99010055444501	0.56092584
878	68.19620451423002	0.52372044
879	68.402308474015	0.5380537
880	68.6084124338	0.587812
881	68.81451639358501	0.5803527
882	69.02062035337	0.5346675
883	69.22672431315502	0.5283815
884	69.43282827294001	0.5475769
885	69.638932232725	0.51790416
886	69.84503619251001	0.5485661
887	70.051140152295	0.55930847
888	70.25724411207999	0.54549956
889	70.46334807186501	0.5212017
890	70.66945203165	0.49880737
891	70.87555599143502	0.5237994
892	71.08165995122	0.54194444
893	71.28776391100499	0.54815114
894	71.49386787079001	0.5593399
895	71.699971830575	0.55686796
896	71.90607579036002	0.51884735
897	72.112179750145	0.5163022
898	72.31828370993	0.5280035
899	72.52438766971501	0.5336983
900	72.7304916295	0.54299986
901	72.93659558928502	0.5403413
902	73.14269954907	0.5480615
903	73.348803508855	0.52425873
904	73.55490746864001	0.5074737
905	73.76101142842501	0.51592034
906	73.96711538821002	0.51546663
907	74.173219347995	0.53664523
908	74.37932330778	0.54467314
909	74.58542726756501	0.53440577
910	74.79153122735	0.53873706
911	74.99763518713502	0.5332868
912	75.20373914692001	0.49501702
913	75.409843106705	0.49152547
914	75.61594706649001	0.5077661
915	75.822051026275	0.5284712
916	76.02815498605999	0.58172715
917	76.23425894584501	0.55598557
918	76.44036290563	0.548087
919	76.64646686541502	0.5186649
920	76.8525708252	0.57735115
921	77.05867478498499	0.5333396
922	77.26477874477001	0.4990159
923	77.470882704555	0.55969906
924	77.67698666434002	0.48952368
925	77.883090624125	0.5153793
926	78.08919458391	0.5313002
927	78.29529854369501	0.52694035
928	78.50140250348	0.5383048
929	78.70750646326502	0.52819866
930	78.91361042305	0.53992337
931	79.119714382835	0.52393645
932	79.32581834262001	0.5483597
933	79.53192230240501	0.51449895
934	79.73802626219002	0.55179423
935	79.944130221975	0.5180141
936	80.15023418176	0.53787774
937	80.35633814154501	0.5433539
938	80.56244210133	0.5585057
939	80.76854606111502	0.5169388
940	80.97465002090001	0.5503028
941	81.180753980685	0.56378484
942	81.38685794047001	0.52057046
943	81.592961900255	0.5238158
944	81.79906586004002	0.5490992
945	82.00516981982501	0.53745955
946	82.21127377961	0.5221492
947	82.41737773939502	0.50443935
948	82.62348169918	0.5237336
949	82.82958565896499	0.5241454
950	83.03568961875001	0.5196626
951	83.241793578535	0.5134025
952	83.44789753832002	0.53762984
953	83.654001498105	0.5576034
954	83.86010545788999	0.5565191
955	84.06620941767501	0.5659642
956	84.27231337746	0.51584834
957	84.47841733724502	0.5192566
958	84.68452129703	0.50622493
959	84.890625256815	0.54733956
960	85.09672921660001	0.55168384
961	85.302833176385	0.5679878
962	85.50893713617002	0.52121145
963	85.715041095955	0.52600396
964	85.92114505574	0.5405552
965	86.12724901552501	0.5067841
966	86.33335297531	0.5233841
967	86.53945693509502	0.5003246
968	86.74556089488	0.5610493
969	86.951664854665	0.5475012
970	87.15776881445001	0.5299248
971	87.363872774235	0.563218
972	87.56997673402002	0.50803465
973	87.77608069380501	0.517286
974	87.98218465359	0.558802
975	88.18828861337501	0.51046777
976	88.39439257316	0.527705
977	88.60049653294502	0.5301056
978	88.80660049273001	0.5189571
979	89.012704452515	0.53410155
980	89.21880841230002	0.54702777
981	89.424912372085	0.5657981
982	89.63101633186999	0.5492723
983	89.83712029165501	0.578506
984	90.04322425144	0.53258944
985	90.24932821122502	0.5333639
986	90.45543217101	0.5308326
987	90.661536130795	0.5668534
988	90.86764009058001	0.56112814
989	91.073744050365	0.5298098
990	91.27984801015002	0.51280296
991	91.485951969935	0.5295878
992	91.69205592972	0.51354766
993	91.89815988950501	0.5480347
994	92.10426384929	0.53828406
995	92.31036780907502	0.5234405
996	92.51647176886	0.54716796
997	92.722575728645	0.55609727
998	92.92867968843001	0.5441149
999	93.134783648215	0.525266
