	velocity	Amplitude
0	-142.530503027	0.11684638
1	-142.324396315482	0.111546054
2	-142.118289603964	0.13320296
3	-141.912182892446	0.13464077
4	-141.70607618092802	0.12037934
5	-141.49996946941	0.13064818
6	-141.293862757892	0.113648176
7	-141.087756046374	0.10841343
8	-140.88164933485598	0.14280969
9	-140.675542623338	0.11486219
10	-140.46943591182	0.13515866
11	-140.263329200302	0.13073286
12	-140.057222488784	0.11871272
13	-139.85111577726602	0.12333126
14	-139.64500906574798	0.122394145
15	-139.43890235423	0.13972169
16	-139.232795642712	0.11869002
17	-139.026688931194	0.12560332
18	-138.820582219676	0.12858781
19	-138.614475508158	0.16073653
20	-138.40836879664	0.11767621
21	-138.202262085122	0.1488743
22	-137.996155373604	0.12930693
23	-137.79004866208598	0.12845987
24	-137.583941950568	0.12023078
25	-137.37783523905	0.13393782
26	-137.171728527532	0.1358096
27	-136.965621816014	0.11696188
28	-136.75951510449602	0.114381135
29	-136.55340839297799	0.12788205
30	-136.34730168146	0.14645761
31	-136.141194969942	0.12663819
32	-135.93508825842397	0.13146879
33	-135.728981546906	0.12238646
34	-135.522874835388	0.11129594
35	-135.31676812387	0.14735427
36	-135.110661412352	0.12835476
37	-134.904554700834	0.12956683
38	-134.69844798931598	0.13884042
39	-134.492341277798	0.12193544
40	-134.28623456628	0.116839334
41	-134.080127854762	0.13197772
42	-133.874021143244	0.119589604
43	-133.66791443172602	0.14856593
44	-133.461807720208	0.13644662
45	-133.25570100869	0.12582877
46	-133.049594297172	0.12988949
47	-132.84348758565397	0.12477126
48	-132.637380874136	0.121071726
49	-132.431274162618	0.12110093
50	-132.2251674511	0.10865296
51	-132.019060739582	0.12749644
52	-131.812954028064	0.11889361
53	-131.60684731654598	0.12735881
54	-131.400740605028	0.12320858
55	-131.19463389351	0.11887105
56	-130.988527181992	0.121836
57	-130.782420470474	0.12694079
58	-130.57631375895602	0.14771923
59	-130.37020704743802	0.12872912
60	-130.16410033591998	0.12976703
61	-129.957993624402	0.11975818
62	-129.751886912884	0.1549954
63	-129.545780201366	0.13684778
64	-129.339673489848	0.13478689
65	-129.13356677833	0.124522515
66	-128.927460066812	0.14915067
67	-128.721353355294	0.121929966
68	-128.515246643776	0.1545983
69	-128.309139932258	0.121339455
70	-128.10303322074	0.11335713
71	-127.896926509222	0.14221855
72	-127.690819797704	0.14330702
73	-127.484713086186	0.11774385
74	-127.278606374668	0.12991627
75	-127.07249966315	0.13139541
76	-126.86639295163201	0.13145706
77	-126.660286240114	0.12966037
78	-126.454179528596	0.118230216
79	-126.24807281707801	0.11009362
80	-126.04196610556001	0.1137704
81	-125.83585939404199	0.1323438
82	-125.629752682524	0.15648866
83	-125.423645971006	0.1217778
84	-125.21753925948799	0.115229785
85	-125.01143254797	0.13203469
86	-124.805325836452	0.11315726
87	-124.599219124934	0.1257504
88	-124.393112413416	0.12527142
89	-124.187005701898	0.13585132
90	-123.98089899038	0.13160965
91	-123.77479227886201	0.12228796
92	-123.568685567344	0.1324462
93	-123.362578855826	0.14190982
94	-123.15647214430801	0.1253428
95	-122.95036543279	0.1222371
96	-122.74425872127199	0.12028382
97	-122.538152009754	0.13671367
98	-122.332045298236	0.13138543
99	-122.125938586718	0.13461629
100	-121.9198318752	0.10576404
101	-121.713725163682	0.13380799
102	-121.507618452164	0.14535749
103	-121.301511740646	0.13011956
104	-121.095405029128	0.13404185
105	-120.88929831761	0.13796303
106	-120.68319160609201	0.1659395
107	-120.477084894574	0.12561516
108	-120.270978183056	0.1174874
109	-120.064871471538	0.12413522
110	-119.85876476002	0.14154005
111	-119.65265804850199	0.13831525
112	-119.446551336984	0.14158809
113	-119.240444625466	0.11448766
114	-119.034337913948	0.13081501
115	-118.82823120243	0.12749846
116	-118.622124490912	0.13721764
117	-118.416017779394	0.1178973
118	-118.209911067876	0.14239293
119	-118.003804356358	0.109339416
120	-117.79769764484	0.12201874
121	-117.59159093332201	0.119370475
122	-117.385484221804	0.121030465
123	-117.17937751028599	0.118812665
124	-116.973270798768	0.13360474
125	-116.76716408725	0.10671586
126	-116.56105737573199	0.12547365
127	-116.354950664214	0.12520128
128	-116.148843952696	0.10761044
129	-115.942737241178	0.14609951
130	-115.73663052966	0.14587311
131	-115.530523818142	0.13032645
132	-115.324417106624	0.13674799
133	-115.11831039510601	0.13558602
134	-114.912203683588	0.13355704
135	-114.70609697207	0.11579242
136	-114.49999026055201	0.11651019
137	-114.29388354903399	0.14675558
138	-114.08777683751599	0.1353122
139	-113.881670125998	0.1180866
140	-113.67556341448	0.1247377
141	-113.46945670296199	0.12262663
142	-113.263349991444	0.13973956
143	-113.057243279926	0.123487815
144	-112.851136568408	0.12788194
145	-112.64502985689	0.13697173
146	-112.438923145372	0.1302759
147	-112.232816433854	0.14546639
148	-112.02670972233601	0.12621157
149	-111.820603010818	0.12223363
150	-111.61449629929999	0.124083675
151	-111.408389587782	0.12569751
152	-111.202282876264	0.1307464
153	-110.99617616474599	0.113935955
154	-110.790069453228	0.13708578
155	-110.58396274171	0.118663765
156	-110.37785603019199	0.12124703
157	-110.171749318674	0.13973829
158	-109.965642607156	0.12540469
159	-109.759535895638	0.11710799
160	-109.55342918412	0.12356
161	-109.347322472602	0.12131863
162	-109.141215761084	0.14016262
163	-108.93510904956601	0.11947332
164	-108.72900233804799	0.14628743
165	-108.52289562652999	0.13835229
166	-108.316788915012	0.115356535
167	-108.110682203494	0.1429674
168	-107.90457549197599	0.12712054
169	-107.698468780458	0.12742324
170	-107.49236206894	0.12365291
171	-107.286255357422	0.120349444
172	-107.080148645904	0.14517274
173	-106.874041934386	0.10518118
174	-106.667935222868	0.12723309
175	-106.46182851135	0.14088315
176	-106.255721799832	0.12631851
177	-106.049615088314	0.12278106
178	-105.843508376796	0.13011508
179	-105.63740166527799	0.12938616
180	-105.43129495375999	0.121642925
181	-105.225188242242	0.13469167
182	-105.019081530724	0.13149184
183	-104.81297481920599	0.13497902
184	-104.606868107688	0.13741368
185	-104.40076139617	0.13461706
186	-104.194654684652	0.12708826
187	-103.988547973134	0.13280734
188	-103.782441261616	0.12245795
189	-103.576334550098	0.14866008
190	-103.37022783858	0.13264833
191	-103.164121127062	0.13147885
192	-102.95801441554399	0.1440391
193	-102.751907704026	0.116814524
194	-102.54580099250799	0.12428267
195	-102.33969428098999	0.114222765
196	-102.133587569472	0.1407205
197	-101.927480857954	0.12524256
198	-101.72137414643599	0.13385658
199	-101.515267434918	0.123677164
200	-101.3091607234	0.13792579
201	-101.103054011882	0.11233519
202	-100.896947300364	0.12349553
203	-100.690840588846	0.1337946
204	-100.484733877328	0.103136085
205	-100.27862716581001	0.117661536
206	-100.07252045429199	0.16115211
207	-99.86641374277399	0.1042818
208	-99.660307031256	0.13685672
209	-99.45420031973799	0.14899066
210	-99.24809360821999	0.11579465
211	-99.041986896702	0.1271462
212	-98.835880185184	0.115574524
213	-98.62977347366599	0.11820896
214	-98.423666762148	0.12872311
215	-98.21756005063	0.11563465
216	-98.011453339112	0.12798768
217	-97.805346627594	0.121657945
218	-97.599239916076	0.1397967
219	-97.393133204558	0.12154386
220	-97.18702649304	0.11937681
221	-96.98091978152199	0.12211724
222	-96.77481307000399	0.12174499
223	-96.568706358486	0.11437679
224	-96.362599646968	0.13815995
225	-96.15649293544999	0.14849596
226	-95.950386223932	0.13340026
227	-95.74427951241401	0.113333896
228	-95.53817280089599	0.1332459
229	-95.332066089378	0.12083168
230	-95.12595937786001	0.13409957
231	-94.919852666342	0.1133229
232	-94.713745954824	0.123591974
233	-94.50763924330602	0.12955964
234	-94.30153253178798	0.11827493
235	-94.09542582027	0.13496502
236	-93.889319108752	0.1448707
237	-93.68321239723399	0.12355121
238	-93.477105685716	0.10856137
239	-93.27099897419801	0.13585924
240	-93.06489226267999	0.1402792
241	-92.858785551162	0.11821039
242	-92.65267883964401	0.12125757
243	-92.446572128126	0.11478828
244	-92.240465416608	0.12659262
245	-92.03435870509001	0.12514156
246	-91.828251993572	0.1361977
247	-91.622145282054	0.1308112
248	-91.416038570536	0.11861534
249	-91.20993185901798	0.13156301
250	-91.0038251475	0.12923007
251	-90.797718435982	0.15070719
252	-90.59161172446399	0.11688421
253	-90.385505012946	0.10425893
254	-90.17939830142801	0.11581712
255	-89.97329158990999	0.10214145
256	-89.767184878392	0.12070765
257	-89.56107816687401	0.13466261
258	-89.354971455356	0.11439636
259	-89.148864743838	0.13708252
260	-88.94275803232001	0.11963688
261	-88.736651320802	0.16117518
262	-88.530544609284	0.116034806
263	-88.324437897766	0.12302874
264	-88.11833118624799	0.13256148
265	-87.91222447473	0.13434727
266	-87.706117763212	0.116606526
267	-87.50001105169399	0.11898776
268	-87.293904340176	0.13385965
269	-87.08779762865801	0.12438759
270	-86.88169091713999	0.13630514
271	-86.675584205622	0.12574524
272	-86.46947749410401	0.10858139
273	-86.263370782586	0.1272676
274	-86.057264071068	0.12014947
275	-85.85115735955002	0.13031283
276	-85.64505064803198	0.12362162
277	-85.438943936514	0.13325205
278	-85.232837224996	0.14319082
279	-85.02673051347799	0.13299492
280	-84.82062380196	0.13338792
281	-84.614517090442	0.13788533
282	-84.40841037892399	0.13235767
283	-84.202303667406	0.1036041
284	-83.99619695588801	0.11510363
285	-83.79009024436999	0.1361155
286	-83.583983532852	0.1215694
287	-83.37787682133401	0.114653215
288	-83.17177010981601	0.14083165
289	-82.965663398298	0.1467291
290	-82.75955668678	0.13900328
291	-82.553449975262	0.1259355
292	-82.347343263744	0.106316514
293	-82.141236552226	0.14244966
294	-81.935129840708	0.13310467
295	-81.72902312919	0.13064972
296	-81.52291641767201	0.12209076
297	-81.316809706154	0.12751421
298	-81.110702994636	0.11888329
299	-80.90459628311801	0.12365067
300	-80.6984895716	0.14062577
301	-80.492382860082	0.13907045
302	-80.28627614856401	0.11178455
303	-80.08016943704601	0.12442017
304	-79.87406272552799	0.1297431
305	-79.66795601401	0.11062298
306	-79.461849302492	0.126492
307	-79.255742590974	0.12568188
308	-79.049635879456	0.117467925
309	-78.843529167938	0.13363299
310	-78.63742245642	0.1459558
311	-78.43131574490201	0.1517637
312	-78.225209033384	0.12541302
313	-78.019102321866	0.15176995
314	-77.81299561034801	0.14207815
315	-77.60688889883001	0.14251058
316	-77.400782187312	0.12299409
317	-77.19467547579401	0.12205541
318	-76.988568764276	0.13132402
319	-76.78246205275799	0.12553144
320	-76.57635534124	0.12640506
321	-76.370248629722	0.13696814
322	-76.164141918204	0.13474837
323	-75.958035206686	0.11913178
324	-75.751928495168	0.13649955
325	-75.54582178365	0.1233504
326	-75.33971507213201	0.11481625
327	-75.133608360614	0.1186816
328	-74.927501649096	0.12835148
329	-74.72139493757801	0.11141726
330	-74.51528822606001	0.15223283
331	-74.30918151454199	0.12015693
332	-74.103074803024	0.15942928
333	-73.896968091506	0.13367343
334	-73.690861379988	0.16534865
335	-73.48475466847	0.13308336
336	-73.278647956952	0.12137135
337	-73.072541245434	0.14029454
338	-72.866434533916	0.13882937
339	-72.660327822398	0.11305363
340	-72.45422111088	0.13052125
341	-72.24811439936201	0.12582965
342	-72.042007687844	0.1170498
343	-71.835900976326	0.13935103
344	-71.62979426480801	0.12973557
345	-71.42368755329	0.12418534
346	-71.21758084177199	0.13899739
347	-71.011474130254	0.12276042
348	-70.805367418736	0.12693958
349	-70.599260707218	0.123366155
350	-70.3931539957	0.12916028
351	-70.187047284182	0.11666147
352	-69.980940572664	0.15222853
353	-69.774833861146	0.11095223
354	-69.568727149628	0.110376365
355	-69.36262043811	0.11239754
356	-69.15651372659201	0.120030776
357	-68.950407015074	0.113508314
358	-68.744300303556	0.13685751
359	-68.538193592038	0.12813571
360	-68.33208688052	0.12650168
361	-68.12598016900199	0.134605
362	-67.919873457484	0.12691417
363	-67.713766745966	0.14187007
364	-67.507660034448	0.11721362
365	-67.30155332293	0.1379259
366	-67.095446611412	0.12882972
367	-66.889339899894	0.11928564
368	-66.68323318837601	0.12762286
369	-66.477126476858	0.143011
370	-66.27101976534	0.12741992
371	-66.06491305382201	0.120087214
372	-65.858806342304	0.13899665
373	-65.65269963078599	0.1301328
374	-65.446592919268	0.107557625
375	-65.24048620775	0.13980627
376	-65.03437949623199	0.1267965
377	-64.828272784714	0.113261595
378	-64.622166073196	0.1265949
379	-64.416059361678	0.113580346
380	-64.20995265016	0.12700832
381	-64.003845938642	0.11746177
382	-63.797739227124	0.122205205
383	-63.59163251560601	0.14857072
384	-63.385525804088	0.11616867
385	-63.179419092569994	0.13664778
386	-62.973312381052004	0.1111
387	-62.767205669534	0.12518218
388	-62.561098958016	0.123043634
389	-62.35499224649801	0.115018405
390	-62.148885534979996	0.14965804
391	-61.94277882346199	0.12735339
392	-61.736672111944	0.1114568
393	-61.530565400426	0.12134838
394	-61.324458688907995	0.12559108
395	-61.118351977390006	0.1245639
396	-60.912245265872	0.12678988
397	-60.70613855435399	0.15562111
398	-60.500031842836	0.13019648
399	-60.293925131318	0.12665167
400	-60.087818419799994	0.12675607
401	-59.881711708282005	0.12839377
402	-59.675604996764	0.09462392
403	-59.469498285246	0.118062995
404	-59.263391573728	0.1537053
405	-59.05728486221	0.12684363
406	-58.85117815069199	0.11219479
407	-58.645071439174004	0.13574739
408	-58.438964727656	0.10842336
409	-58.232858016137996	0.09697017
410	-58.02675130462001	0.13761054
411	-57.820644593101996	0.13662942
412	-57.61453788158399	0.12617639
413	-57.408431170066	0.11721097
414	-57.202324458548	0.11414545
415	-56.996217747029995	0.09999845
416	-56.790111035512005	0.13263357
417	-56.584004323994	0.12851213
418	-56.37789761247599	0.12129825
419	-56.171790900958	0.12649205
420	-55.96568418944	0.14903992
421	-55.759577477921994	0.11627625
422	-55.553470766404004	0.12116392
423	-55.347364054886	0.12529366
424	-55.141257343368	0.120452106
425	-54.93515063185	0.15096259
426	-54.729043920331996	0.13809821
427	-54.52293720881399	0.13243122
428	-54.316830497296	0.12316692
429	-54.110723785778	0.121505946
430	-53.904617074259995	0.13371536
431	-53.698510362742006	0.11015852
432	-53.492403651223995	0.117344685
433	-53.28629693970599	0.13550209
434	-53.080190228188	0.12473222
435	-52.87408351667	0.1454762
436	-52.667976805151994	0.13136517
437	-52.461870093634005	0.12386556
438	-52.255763382116	0.12857004
439	-52.04965667059799	0.09985787
440	-51.84354995908	0.12754574
441	-51.637443247562	0.14024839
442	-51.43133653604399	0.13096042
443	-51.225229824526004	0.14980866
444	-51.019123113008	0.12445228
445	-50.813016401489996	0.12346206
446	-50.606909689972	0.12210177
447	-50.400802978453996	0.13352862
448	-50.19469626693599	0.1342014
449	-49.988589555418	0.16355588
450	-49.7824828439	0.126643
451	-49.57637613238201	0.11952601
452	-49.370269420864005	0.11223227
453	-49.164162709345995	0.10575373
454	-48.958055997828005	0.14254735
455	-48.75194928631	0.13815749
456	-48.545842574792	0.11966876
457	-48.33973586327401	0.13647565
458	-48.133629151756004	0.12277022
459	-47.927522440238	0.15049918
460	-47.721415728720004	0.13451082
461	-47.515309017202	0.10926643
462	-47.309202305683996	0.11756315
463	-47.10309559416601	0.12135533
464	-46.896988882648	0.122053884
465	-46.69088217113	0.107361935
466	-46.48477545961201	0.10887776
467	-46.278668748094	0.13078023
468	-46.072562036575995	0.12589605
469	-45.866455325058006	0.14841008
470	-45.66034861354	0.13893634
471	-45.454241902022	0.14116246
472	-45.24813519050401	0.11577773
473	-45.042028478986005	0.12480012
474	-44.835921767467994	0.12327897
475	-44.629815055950004	0.13669074
476	-44.423708344432	0.13876359
477	-44.217601632914	0.11850576
478	-44.01149492139601	0.13379136
479	-43.805388209878004	0.14687794
480	-43.59928149836	0.12007318
481	-43.393174786842	0.1078202
482	-43.187068075324	0.112204745
483	-42.980961363805996	0.12133413
484	-42.774854652288006	0.12403483
485	-42.56874794077	0.12275396
486	-42.362641229252	0.13506694
487	-42.15653451773401	0.12452443
488	-41.950427806216	0.13452259
489	-41.744321094697995	0.12295147
490	-41.538214383180005	0.11282191
491	-41.332107671662	0.12036522
492	-41.126000960144	0.13509205
493	-40.91989424862601	0.1285478
494	-40.713787537108004	0.12538756
495	-40.50768082558999	0.14508665
496	-40.301574114072004	0.12580803
497	-40.095467402554	0.13336232
498	-39.889360691035996	0.12729561
499	-39.68325397951801	0.13919434
500	-39.477147268	0.12012264
501	-39.27104055648199	0.14048672
502	-39.064933844964	0.14342397
503	-38.858827133446	0.12118427
504	-38.652720421927995	0.13793479
505	-38.446613710410006	0.1319544
506	-38.240506998892	0.12389403
507	-38.034400287374	0.13395524
508	-37.82829357585601	0.112284325
509	-37.622186864338	0.1286944
510	-37.416080152819994	0.1355974
511	-37.209973441302004	0.11997009
512	-37.003866729784	0.11369499
513	-36.797760018266	0.13318789
514	-36.59165330674801	0.12593812
515	-36.38554659523	0.12733357
516	-36.17943988371199	0.13162234
517	-35.973333172194	0.14901963
518	-35.767226460676	0.1338438
519	-35.561119749157996	0.101905875
520	-35.355013037640006	0.12044123
521	-35.148906326122	0.13324897
522	-34.94279961460399	0.1281508
523	-34.736692903086	0.12456359
524	-34.530586191568	0.12148143
525	-34.324479480049995	0.12282872
526	-34.118372768532005	0.13324836
527	-33.912266057014	0.11225474
528	-33.706159345496	0.12328601
529	-33.500052633978	0.13205509
530	-33.29394592246	0.11491202
531	-33.08783921094199	0.13535683
532	-32.881732499424004	0.12167351
533	-32.675625787906	0.1465973
534	-32.469519076387996	0.12566942
535	-32.26341236487001	0.14726146
536	-32.057305653351996	0.11697011
537	-31.851198941833996	0.13654664
538	-31.645092230316003	0.12525699
539	-31.438985518798	0.11979204
540	-31.232878807279995	0.14091916
541	-31.026772095762006	0.12634064
542	-30.820665384244	0.13141562
543	-30.614558672725995	0.12901752
544	-30.408451961208005	0.1383929
545	-30.202345249689998	0.13285428
546	-29.996238538171994	0.116786934
547	-29.790131826654004	0.13866003
548	-29.584025115135997	0.15211096
549	-29.377918403617993	0.13408282
550	-29.171811692100004	0.14035416
551	-28.965704980582	0.13405505
552	-28.759598269063993	0.114740856
553	-28.553491557546003	0.13981973
554	-28.347384846028	0.11792064
555	-28.141278134509992	0.12577635
556	-27.935171422992003	0.110125445
557	-27.729064711474	0.11551584
558	-27.522957999955995	0.1029745
559	-27.316851288438002	0.11514835
560	-27.11074457692	0.12910633
561	-26.904637865401995	0.14136775
562	-26.698531153884	0.13293487
563	-26.492424442365998	0.10806848
564	-26.286317730847994	0.12225625
565	-26.080211019330005	0.13377129
566	-25.874104307811997	0.1418332
567	-25.667997596293993	0.11911898
568	-25.461890884776004	0.11823696
569	-25.255784173257997	0.13521025
570	-25.049677461739993	0.13672529
571	-24.843570750222003	0.12103248
572	-24.637464038704	0.11206775
573	-24.431357327185992	0.13136405
574	-24.225250615668003	0.14151663
575	-24.01914390415	0.12890546
576	-23.813037192632006	0.12603855
577	-23.606930481114002	0.140428
578	-23.400823769596	0.13591062
579	-23.19471705807801	0.1325966
580	-22.98861034656	0.13896742
581	-22.782503635041998	0.13114586
582	-22.57639692352401	0.113231376
583	-22.370290212006	0.13210443
584	-22.164183500487997	0.13098976
585	-21.958076788970008	0.11599309
586	-21.751970077452004	0.11637756
587	-21.545863365933997	0.13454887
588	-21.339756654416007	0.10870833
589	-21.133649942898003	0.11030167
590	-20.927543231379996	0.12280067
591	-20.721436519862007	0.118484855
592	-20.515329808344003	0.136246
593	-20.309223096826	0.12245124
594	-20.103116385308006	0.1420858
595	-19.897009673790002	0.12661974
596	-19.690902962272	0.11970386
597	-19.484796250754005	0.12585509
598	-19.278689539236	0.11899681
599	-19.072582827717998	0.11931813
600	-18.86647611620001	0.11396825
601	-18.660369404682	0.1107479
602	-18.454262693163997	0.10689645
603	-18.248155981646008	0.119193934
604	-18.042049270128	0.14955926
605	-17.835942558609997	0.12942697
606	-17.629835847092007	0.11787818
607	-17.423729135574003	0.11938251
608	-17.217622424055996	0.1419946
609	-17.011515712538007	0.11880321
610	-16.805409001020003	0.12609702
611	-16.599302289501995	0.10737188
612	-16.393195577984006	0.14191474
613	-16.187088866466002	0.12179661
614	-15.980982154947997	0.10946941
615	-15.774875443430007	0.12695034
616	-15.568768731912002	0.12559788
617	-15.362662020393996	0.10392921
618	-15.156555308876007	0.11313153
619	-14.950448597358001	0.14072053
620	-14.744341885839997	0.11835029
621	-14.538235174322006	0.1438875
622	-14.332128462804	0.14211428
623	-14.126021751285997	0.13609293
624	-13.919915039768005	0.118358284
625	-13.713808328250002	0.13344447
626	-13.507701616731996	0.11956416
627	-13.301594905214007	0.116871804
628	-13.095488193696001	0.13325
629	-12.889381482177996	0.13856132
630	-12.683274770660006	0.1103305
631	-12.477168059142	0.12688574
632	-12.271061347623997	0.12223329
633	-12.064954636106005	0.12898904
634	-11.858847924588002	0.15378122
635	-11.652741213069996	0.123840466
636	-11.446634501552005	0.1256121
637	-11.240527790033987	0.13504355
638	-11.034421078515996	0.1211776
639	-10.828314366998006	0.1548034
640	-10.622207655480015	0.14388067
641	-10.416100943961995	0.14144212
642	-10.209994232444005	0.12666178
643	-10.003887520926016	0.12114599
644	-9.797780809407996	0.13066985
645	-9.591674097890005	0.1119268
646	-9.385567386372015	0.13391867
647	-9.179460674853996	0.14881824
648	-8.973353963336006	0.12349688
649	-8.767247251818015	0.107859895
650	-8.561140540299995	0.1096217
651	-8.355033828782005	0.12659657
652	-8.148927117264014	0.13750586
653	-7.942820405745995	0.11396566
654	-7.736713694228005	0.16490602
655	-7.530606982710014	0.17234884
656	-7.3245002711919955	0.101279296
657	-7.118393559674005	0.16056843
658	-6.912286848156015	0.12464849
659	-6.706180136637995	0.13267244
660	-6.5000734251200045	0.11283809
661	-6.293966713602014	0.15376835
662	-6.087860002083995	0.08917171
663	-5.881753290566005	0.12802699
664	-5.675646579048014	0.12512119
665	-5.469539867529995	0.13826196
666	-5.263433156012004	0.10727774
667	-5.057326444494014	0.11354329
668	-4.851219732975995	0.12275459
669	-4.6451130214580045	0.10670716
670	-4.439006309940014	0.10847545
671	-4.232899598421994	0.13395326
672	-4.026792886904004	0.101037845
673	-3.820686175386014	0.1273747
674	-3.6145794638679947	0.11614885
675	-3.4084727523500042	0.11145975
676	-3.202366040832014	0.11463471
677	-2.9962593293139945	0.1418272
678	-2.790152617796004	0.13285711
679	-2.5840459062780137	0.12995964
680	-2.3779391947599944	0.114954524
681	-2.171832483242004	0.11228387
682	-1.9657257717240135	0.11118425
683	-1.7596190602059942	0.13559298
684	-1.5535123486880038	0.13418187
685	-1.3474056371700136	0.1307601
686	-1.141298925651994	0.114509374
687	-0.9351922141340038	0.13517366
688	-0.7290855026160133	0.111526005
689	-0.522978791097994	0.09999621
690	-0.31687207958000363	0.1143012
691	-0.1107653680620133	0.11774295
692	0.09534134345600614	0.107807666
693	0.30144805497399646	0.12832083
694	0.5075547664919868	0.1355662
695	0.7136614780100062	0.13355063
696	0.9197681895279965	0.1331384
697	1.125874901045987	0.11359678
698	1.3319816125640063	0.12739174
699	1.5380883240819967	0.10988637
700	1.7441950355999871	0.13593334
701	1.9503017471180064	0.12517107
702	2.1564084586359966	0.13042049
703	2.362515170153987	0.13842647
704	2.568621881672007	0.097296976
705	2.7747285931899968	0.113650806
706	2.980835304707987	0.14042938
707	3.1869420162260065	0.11096958
708	3.393048727743997	0.11678604
709	3.5991554392619873	0.12795165
710	3.8052621507800066	0.12266547
711	4.0113688622979975	0.118644774
712	4.217475573815987	0.12125247
713	4.423582285334007	0.100688405
714	4.629688996851997	0.11249153
715	4.835795708369988	0.1113515
716	5.041902419888007	0.1498812
717	5.248009131405997	0.14281987
718	5.454115842923987	0.12321328
719	5.660222554442007	0.14334956
720	5.8663292659599975	0.11393219
721	6.072435977477988	0.102735005
722	6.278542688996007	0.122991
723	6.484649400513997	0.093427256
724	6.690756112031988	0.13284847
725	6.896862823550007	0.12092957
726	7.102969535067998	0.11065266
727	7.309076246585988	0.10995987
728	7.515182958104007	0.15027443
729	7.7212896696219975	0.11719288
730	7.927396381139988	0.11481021
731	8.133503092658007	0.1271972
732	8.339609804175998	0.12284812
733	8.545716515693988	0.12666872
734	8.751823227212007	0.09629684
735	8.957929938729999	0.10705783
736	9.164036650247988	0.124343485
737	9.370143361766008	0.14071088
738	9.576250073283997	0.12680724
739	9.782356784801989	0.11953934
740	9.988463496320009	0.13362744
741	10.194570207837998	0.1134956
742	10.40067691935599	0.13164616
743	10.606783630874007	0.11114414
744	10.812890342391999	0.14763811
745	11.018997053909988	0.10584599
746	11.225103765428008	0.11219859
747	11.431210476946	0.13297038
748	11.637317188463989	0.1212924
749	11.843423899982009	0.11894332
750	12.049530611499998	0.10292942
751	12.25563732301799	0.1299731
752	12.461744034536009	0.14377299
753	12.667850746053999	0.104244195
754	12.873957457571988	0.11500332
755	13.080064169090008	0.11129624
756	13.286170880608	0.11268342
757	13.492277592125989	0.10655747
758	13.698384303644008	0.13958248
759	13.904491015161998	0.10785485
760	14.11059772667999	0.115616456
761	14.316704438198009	0.11595574
762	14.522811149715999	0.14980222
763	14.72891786123399	0.12014129
764	14.935024572752008	0.11123669
765	15.14113128427	0.12992138
766	15.347237995787989	0.09911836
767	15.553344707306008	0.12906857
768	15.759451418824	0.1355144
769	15.96555813034199	0.12290641
770	16.171664841860007	0.11024416
771	16.377771553378	0.10728592
772	16.58387826489599	0.11471574
773	16.789984976414008	0.1564034
774	16.996091687932	0.11932474
775	17.20219839944999	0.126653
776	17.40830511096801	0.114492126
777	17.614411822485998	0.13526767
778	17.82051853400399	0.13321218
779	18.02662524552201	0.09207487
780	18.23273195704	0.12510645
781	18.438838668557988	0.15184042
782	18.64494538007601	0.14063248
783	18.851052091594	0.12110762
784	19.05715880311199	0.123711154
785	19.26326551463001	0.1239327
786	19.469372226148	0.12199334
787	19.67547893766599	0.116231404
788	19.88158564918401	0.12639654
789	20.087692360702	0.11659435
790	20.29379907221999	0.116994664
791	20.499905783738008	0.12342755
792	20.706012495256	0.14861873
793	20.91211920677399	0.120122954
794	21.11822591829201	0.13536197
795	21.32433262981	0.14313357
796	21.53043934132799	0.12055041
797	21.73654605284601	0.14534606
798	21.942652764364	0.11599148
799	22.14875947588199	0.14709836
800	22.35486618740001	0.12922736
801	22.560972898918	0.11762223
802	22.767079610435992	0.1421382
803	22.97318632195401	0.14098696
804	23.179293033472	0.12718463
805	23.38539974498999	0.13277383
806	23.59150645650801	0.1404042
807	23.797613168026	0.14078486
808	24.00371987954399	0.14078405
809	24.20982659106201	0.12446586
810	24.41593330258	0.13434696
811	24.62204001409799	0.114443704
812	24.828146725616012	0.116985634
813	25.034253437134	0.14922467
814	25.24036014865199	0.12330665
815	25.44646686017001	0.116958335
816	25.652573571688002	0.12975916
817	25.85868028320599	0.12737574
818	26.06478699472401	0.11001459
819	26.270893706242	0.099700116
820	26.477000417759992	0.114350535
821	26.68310712927801	0.1295926
822	26.889213840796	0.12273342
823	27.095320552313993	0.10432726
824	27.30142726383201	0.11515525
825	27.50753397535	0.116421975
826	27.71364068686799	0.11062352
827	27.91974739838601	0.1162043
828	28.125854109904	0.11423127
829	28.33196082142199	0.13823283
830	28.538067532940012	0.14370036
831	28.744174244458	0.10617574
832	28.95028095597599	0.1064382
833	29.156387667494013	0.13794646
834	29.362494379012002	0.111878
835	29.56860109052999	0.111426115
836	29.77470780204801	0.1119198
837	29.980814513566003	0.10969738
838	30.186921225083992	0.11551546
839	30.39302793660201	0.1266577
840	30.599134648120003	0.12234565
841	30.805241359637993	0.13101687
842	31.01134807115601	0.135442
843	31.217454782674	0.11710019
844	31.423561494191993	0.116708435
845	31.62966820571001	0.15589267
846	31.835774917228	0.13947345
847	32.04188162874599	0.1057524
848	32.24798834026401	0.12849686
849	32.454095051782005	0.116071604
850	32.660201763299995	0.13399556
851	32.86630847481801	0.12388486
852	33.072415186336	0.12007764
853	33.27852189785399	0.116057016
854	33.48462860937201	0.11624081
855	33.69073532089	0.15776983
856	33.896842032407996	0.13978362
857	34.102948743926014	0.13389485
858	34.309055455444	0.11691211
859	34.51516216696199	0.13294439
860	34.72126887848001	0.13002023
861	34.927375589998	0.14104226
862	35.13348230151599	0.12811315
863	35.339589013034015	0.14369875
864	35.545695724552004	0.12026633
865	35.751802436069994	0.15036286
866	35.95790914758801	0.114095904
867	36.164015859106	0.11524711
868	36.37012257062399	0.13712606
869	36.57622928214201	0.13773474
870	36.782335993660006	0.13880365
871	36.988442705177995	0.12523536
872	37.19454941669601	0.12346102
873	37.400656128214	0.10651853
874	37.60676283973199	0.13616288
875	37.81286955125001	0.12997192
876	38.018976262768	0.12859574
877	38.225082974285996	0.14366259
878	38.431189685804014	0.12423022
879	38.637296397322004	0.13265574
880	38.84340310883999	0.14052208
881	39.04950982035801	0.11638804
882	39.255616531876	0.11819952
883	39.46172324339399	0.1140877
884	39.667829954912015	0.10850978
885	39.873936666430005	0.11815962
886	40.080043377947995	0.1237799
887	40.28615008946601	0.13866535
888	40.492256800984	0.13313697
889	40.69836351250199	0.13234764
890	40.90447022402002	0.13391414
891	41.110576935538006	0.13444519
892	41.316683647055996	0.11366391
893	41.522790358574014	0.14161326
894	41.728897070092	0.14372015
895	41.93500378160999	0.111263335
896	42.14111049312801	0.11021322
897	42.347217204646	0.1478802
898	42.553323916164	0.12289083
899	42.759430627681986	0.15161674
900	42.965537339200004	0.119974546
901	43.171644050717994	0.13824299
902	43.37775076223598	0.13155423
903	43.583857473754	0.134637
904	43.78996418527199	0.12659936
905	43.99607089678999	0.14644203
906	44.202177608308006	0.11304203
907	44.408284319825995	0.13398066
908	44.614391031343985	0.10700633
909	44.820497742862	0.11379908
910	45.02660445437999	0.13796912
911	45.23271116589798	0.10760785
912	45.43881787741601	0.10663893
913	45.644924588933996	0.13823518
914	45.851031300451986	0.11446059
915	46.057138011970004	0.14584383
916	46.26324472348799	0.12404571
917	46.46935143500598	0.14174663
918	46.67545814652401	0.13924418
919	46.881564858042	0.13099895
920	47.08767156955999	0.11253764
921	47.293778281078005	0.12740342
922	47.499884992595995	0.119018674
923	47.705991704113984	0.12856114
924	47.912098415632	0.11167823
925	48.11820512714999	0.13837013
926	48.32431183866799	0.12187492
927	48.530418550186006	0.1299005
928	48.736525261703996	0.12920503
929	48.942631973221985	0.120891854
930	49.14873868474	0.12451541
931	49.35484539625799	0.13168578
932	49.56095210777598	0.14018393
933	49.76705881929401	0.12076188
934	49.973165530812	0.11610694
935	50.179272242329986	0.12984695
936	50.385378953848004	0.1260909
937	50.591485665365994	0.13913426
938	50.79759237688398	0.15097989
939	51.00369908840201	0.14573753
940	51.20980579992	0.11405982
941	51.41591251143799	0.12636626
942	51.622019222956006	0.1241227
943	51.828125934473995	0.123866536
944	52.034232645991985	0.1257706
945	52.24033935751	0.118431225
946	52.446446069028	0.14539391
947	52.65255278054599	0.11090684
948	52.85865949206401	0.12581724
949	53.064766203581996	0.13315499
950	53.270872915099986	0.13129696
951	53.476979626618004	0.13759346
952	53.68308633813599	0.12847167
953	53.88919304965398	0.123460546
954	54.09529976117201	0.14081469
955	54.30140647269	0.10811893
956	54.50751318420799	0.123457715
957	54.713619895726005	0.12968719
958	54.919726607243994	0.12867615
959	55.125833318761984	0.13287719
960	55.33194003028001	0.12162308
961	55.538046741798	0.12676358
962	55.74415345331599	0.14655665
963	55.950260164834006	0.13297959
964	56.156366876351996	0.1364924
965	56.362473587869985	0.15233585
966	56.568580299388	0.14384167
967	56.774687010906	0.13508485
968	56.98079372242399	0.12323745
969	57.18690043394201	0.13150871
970	57.39300714546	0.12807639
971	57.599113856977986	0.12058857
972	57.805220568496004	0.13026902
973	58.011327280013994	0.124783784
974	58.21743399153199	0.14907824
975	58.42354070305001	0.13216223
976	58.629647414568	0.14121313
977	58.83575412608599	0.112403706
978	59.041860837604005	0.13388345
979	59.247967549121995	0.114714324
980	59.454074260639985	0.14335543
981	59.66018097215801	0.1438369
982	59.866287683676	0.12709278
983	60.07239439519399	0.12433599
984	60.27850110671201	0.12554221
985	60.484607818229996	0.11390966
986	60.690714529747986	0.107050814
987	60.896821241266004	0.1108637
988	61.102927952784	0.11562608
989	61.30903466430199	0.12811542
990	61.51514137582001	0.122364484
991	61.721248087338	0.11310743
992	61.92735479885599	0.13756084
993	62.133461510374005	0.1436986
994	62.339568221891994	0.13413326
995	62.54567493340999	0.115670644
996	62.75178164492801	0.12207793
997	62.957888356446	0.121915326
998	63.16399506796399	0.14482446
999	63.370101779482006	0.10539243
1000	63.576208490999996	0.1195743
1001	63.782315202517985	0.12194468
1002	63.98842191403601	0.12204407
1003	64.194528625554	0.13510989
1004	64.40063533707199	0.118897386
1005	64.60674204859001	0.14068846
1006	64.812848760108	0.12470397
1007	65.01895547162599	0.12911567
1008	65.225062183144	0.11271042
1009	65.431168894662	0.123899445
1010	65.63727560617998	0.13782263
1011	65.843382317698	0.126189
1012	66.049489029216	0.12579034
1013	66.255595740734	0.12935741
1014	66.46170245225201	0.13852008
1015	66.66780916377	0.14522079
1016	66.87391587528799	0.12374684
1017	67.08002258680601	0.12753317
1018	67.286129298324	0.1133655
1019	67.49223600984199	0.15380895
1020	67.69834272136	0.1306678
1021	67.904449432878	0.13865176
1022	68.11055614439599	0.1354043
1023	68.316662855914	0.12999816
1024	68.522769567432	0.12794934
1025	68.72887627894998	0.13842203
1026	68.93498299046801	0.14664198
1027	69.141089701986	0.11485666
1028	69.347196413504	0.12421628
1029	69.55330312502201	0.15486087
1030	69.75940983654	0.13435689
1031	69.96551654805799	0.14182425
1032	70.17162325957601	0.124733545
1033	70.377729971094	0.15445936
1034	70.58383668261199	0.11155006
1035	70.78994339413	0.13562663
1036	70.996050105648	0.12589362
1037	71.20215681716599	0.14359392
1038	71.408263528684	0.14342518
1039	71.61437024020199	0.1369717
1040	71.82047695172	0.12429641
1041	72.02658366323801	0.11473768
1042	72.232690374756	0.123839825
1043	72.438797086274	0.120539814
1044	72.64490379779201	0.12232734
1045	72.85101050931	0.13013814
1046	73.05711722082799	0.12434706
1047	73.26322393234601	0.1252524
1048	73.469330643864	0.12642543
1049	73.67543735538199	0.14336823
1050	73.8815440669	0.14419764
1051	74.087650778418	0.13736421
1052	74.29375748993598	0.147587
1053	74.499864201454	0.11794816
1054	74.705970912972	0.12913546
1055	74.91207762449	0.11487316
1056	75.11818433600801	0.117784485
1057	75.324291047526	0.11562535
1058	75.53039775904399	0.12031893
1059	75.73650447056201	0.11861814
1060	75.94261118208	0.12363192
1061	76.14871789359799	0.12981653
1062	76.35482460511601	0.16365732
1063	76.560931316634	0.113614626
1064	76.76703802815199	0.13686253
1065	76.97314473967	0.14224696
1066	77.179251451188	0.13097987
1067	77.38535816270598	0.11930959
1068	77.59146487422402	0.15327013
1069	77.797571585742	0.11318865
1070	78.00367829726	0.09967672
1071	78.20978500877801	0.13708618
1072	78.415891720296	0.10977043
1073	78.62199843181399	0.120075226
1074	78.82810514333201	0.13190116
1075	79.03421185485	0.134731
1076	79.24031856636799	0.13629657
1077	79.44642527788601	0.1301003
1078	79.652531989404	0.12687577
1079	79.85863870092199	0.12627974
1080	80.06474541244	0.13605213
1081	80.270852123958	0.11570486
1082	80.476958835476	0.12296562
1083	80.68306554699402	0.122450955
1084	80.889172258512	0.11902005
1085	81.09527897003	0.13692334
1086	81.30138568154801	0.14522888
1087	81.507492393066	0.11330348
1088	81.71359910458399	0.12854525
1089	81.91970581610201	0.12774695
1090	82.12581252762	0.1424301
1091	82.33191923913799	0.12861355
1092	82.538025950656	0.11820409
1093	82.744132662174	0.14983124
1094	82.95023937369199	0.1193137
1095	83.15634608521	0.12656933
1096	83.36245279672801	0.12639287
1097	83.568559508246	0.14352474
1098	83.77466621976401	0.11414945
1099	83.980772931282	0.10778945
1100	84.1868796428	0.13832125
1101	84.39298635431801	0.122602366
1102	84.599093065836	0.13264512
1103	84.80519977735399	0.109816104
1104	85.01130648887201	0.14262663
1105	85.21741320039	0.13349292
1106	85.42351991190799	0.11983317
1107	85.629626623426	0.12211685
1108	85.835733334944	0.116029665
1109	86.04184004646199	0.121369414
1110	86.24794675798002	0.14061916
1111	86.454053469498	0.134189
1112	86.660160181016	0.12807985
1113	86.86626689253401	0.12145033
1114	87.072373604052	0.11230987
1115	87.27848031557	0.10568204
1116	87.48458702708801	0.13462362
1117	87.690693738606	0.14111975
1118	87.89680045012399	0.109292075
1119	88.10290716164201	0.12521453
1120	88.30901387316	0.115754455
1121	88.51512058467799	0.12498605
1122	88.721227296196	0.13647829
1123	88.927334007714	0.1306168
1124	89.133440719232	0.13814735
1125	89.33954743075002	0.15414086
1126	89.545654142268	0.13883111
1127	89.751760853786	0.13753933
1128	89.95786756530401	0.1263124
1129	90.163974276822	0.13295786
1130	90.37008098833999	0.13946696
1131	90.57618769985801	0.13030979
1132	90.782294411376	0.11762818
1133	90.98840112289399	0.10609382
1134	91.19450783441201	0.15207595
1135	91.40061454593	0.13242069
1136	91.60672125744799	0.12891415
1137	91.81282796896602	0.13364509
1138	92.01893468048401	0.13455166
1139	92.225041392002	0.13267985
1140	92.43114810352002	0.11513725
1141	92.637254815038	0.1300725
1142	92.843361526556	0.1492312
1143	93.04946823807401	0.117636636
1144	93.255574949592	0.11029381
1145	93.46168166110999	0.13582006
1146	93.66778837262801	0.13327794
1147	93.873895084146	0.12128435
1148	94.08000179566399	0.122284964
1149	94.286108507182	0.12551421
1150	94.4922152187	0.12906265
1151	94.69832193021799	0.12184863
1152	94.90442864173599	0.11832963
1153	95.11053535325401	0.12707497
1154	95.316642064772	0.1241532
1155	95.52274877628999	0.122682706
1156	95.728855487808	0.11275837
1157	95.934962199326	0.11679351
1158	96.14106891084398	0.11505061
1159	96.347175622362	0.13330081
1160	96.55328233387999	0.13243026
1161	96.75938904539798	0.13007358
1162	96.965495756916	0.15235882
1163	97.17160246843399	0.12362468
1164	97.37770917995198	0.10320844
1165	97.58381589147001	0.15163961
1166	97.789922602988	0.13864797
1167	97.99602931450599	0.12504439
1168	98.20213602602401	0.1268244
1169	98.408242737542	0.14037403
1170	98.61434944905999	0.11517681
1171	98.820456160578	0.15344484
1172	99.026562872096	0.13323952
1173	99.23266958361398	0.13860784
1174	99.438776295132	0.12777446
1175	99.64488300664999	0.14411151
1176	99.85098971816798	0.1213441
1177	100.057096429686	0.11390851
1178	100.26320314120399	0.11851209
1179	100.46930985272198	0.12137925
1180	100.67541656424001	0.11134843
1181	100.881523275758	0.11437456
1182	101.08762998727599	0.12392663
1183	101.293736698794	0.121383235
1184	101.499843410312	0.12814552
1185	101.70595012182999	0.12543416
1186	101.912056833348	0.11640318
1187	102.118163544866	0.12212808
1188	102.32427025638398	0.14357899
1189	102.530376967902	0.12768613
1190	102.73648367941999	0.12542939
1191	102.94259039093798	0.12017357
1192	103.148697102456	0.13793638
1193	103.354803813974	0.13143688
1194	103.56091052549199	0.13400844
1195	103.76701723701001	0.12448627
1196	103.973123948528	0.12958814
1197	104.17923066004599	0.11805574
1198	104.385337371564	0.12879637
1199	104.591444083082	0.14432053
1200	104.79755079459999	0.12109411
1201	105.003657506118	0.10072815
1202	105.20976421763599	0.1551319
1203	105.41587092915398	0.118930146
1204	105.621977640672	0.13954586
1205	105.82808435218999	0.15165082
1206	106.03419106370798	0.14788745
1207	106.24029777522601	0.14792717
1208	106.446404486744	0.13938868
1209	106.65251119826199	0.13682683
1210	106.85861790978001	0.10637957
1211	107.064724621298	0.14694893
1212	107.27083133281599	0.12930784
1213	107.476938044334	0.13712193
1214	107.683044755852	0.13647316
1215	107.88915146736998	0.112719774
1216	108.095258178888	0.12571768
1217	108.30136489040599	0.13248721
1218	108.50747160192398	0.12784359
1219	108.713578313442	0.123056605
1220	108.91968502495999	0.124275774
1221	109.12579173647799	0.14717585
1222	109.33189844799601	0.1404273
1223	109.538005159514	0.13289697
1224	109.74411187103199	0.11878691
1225	109.95021858255001	0.12411256
1226	110.156325294068	0.13093668
1227	110.36243200558599	0.13709433
1228	110.568538717104	0.122992195
1229	110.774645428622	0.13704324
1230	110.98075214013998	0.14069377
1231	111.186858851658	0.12722978
1232	111.39296556317599	0.11832495
1233	111.59907227469398	0.11298314
1234	111.805178986212	0.14611585
1235	112.01128569773	0.124068454
1236	112.21739240924799	0.14640212
1237	112.42349912076601	0.1329556
1238	112.629605832284	0.12921385
1239	112.83571254380199	0.12214051
1240	113.04181925532001	0.13617177
1241	113.247925966838	0.121431105
1242	113.45403267835599	0.12213842
1243	113.660139389874	0.11567935
1244	113.866246101392	0.11723342
1245	114.07235281290998	0.14251937
1246	114.278459524428	0.12359284
1247	114.48456623594599	0.1254608
1248	114.69067294746398	0.13898268
1249	114.89677965898201	0.118583314
1250	115.1028863705	0.14364938
1251	115.30899308201799	0.14444955
1252	115.51509979353601	0.11860012
1253	115.721206505054	0.15216865
1254	115.92731321657199	0.13152826
1255	116.13341992809	0.12049373
1256	116.339526639608	0.12891528
1257	116.54563335112599	0.12866654
1258	116.751740062644	0.117407225
1259	116.957846774162	0.14231528
1260	117.16395348567998	0.12252002
1261	117.370060197198	0.13470027
1262	117.57616690871599	0.13018337
1263	117.782273620234	0.13033669
1264	117.98838033175201	0.11610207
1265	118.19448704327	0.13548021
1266	118.40059375478799	0.1453504
1267	118.60670046630601	0.13750388
1268	118.812807177824	0.1250752
1269	119.01891388934199	0.11392617
1270	119.22502060086	0.14491987
1271	119.431127312378	0.13278018
1272	119.63723402389599	0.1145859
1273	119.843340735414	0.121677965
1274	120.04944744693202	0.11535518
1275	120.25555415844998	0.13143097
1276	120.46166086996801	0.13399374
1277	120.66776758148603	0.14494325
1278	120.873874293004	0.121677786
1279	121.07998100452201	0.10445397
1280	121.28608771603997	0.11140142
1281	121.49219442755799	0.15267582
1282	121.69830113907601	0.13803156
1283	121.90440785059397	0.14749272
1284	122.11051456211199	0.13083123
1285	122.31662127363	0.14731225
1286	122.52272798514797	0.1207711
1287	122.72883469666598	0.13359839
1288	122.934941408184	0.110680714
1289	123.14104811970196	0.1213623
1290	123.34715483121998	0.12255903
1291	123.55326154273801	0.1056781
1292	123.75936825425597	0.11421428
1293	123.96547496577399	0.12619548
1294	124.17158167729201	0.115529194
1295	124.37768838880997	0.124453925
1296	124.58379510032799	0.11661764
1297	124.78990181184601	0.13629985
1298	124.99600852336397	0.14907697
1299	125.20211523488199	0.14008904
1300	125.4082219464	0.13381061
1301	125.61432865791797	0.12352558
1302	125.82043536943598	0.1336465
1303	126.026542080954	0.13996284
1304	126.23264879247196	0.13919944
1305	126.43875550399	0.12297427
1306	126.64486221550801	0.14030145
1307	126.85096892702597	0.11251524
1308	127.05707563854399	0.123693176
1309	127.26318235006201	0.12920667
1310	127.46928906157997	0.14637515
1311	127.67539577309799	0.13916966
1312	127.88150248461601	0.13739932
1313	128.08760919613397	0.09938681
1314	128.293715907652	0.1280824
1315	128.49982261917	0.12901002
1316	128.70592933068798	0.12595248
1317	128.91203604220598	0.11371749
1318	129.11814275372402	0.10473616
1319	129.32424946524196	0.15039076
1320	129.53035617676	0.15718603
1321	129.736462888278	0.13329229
1322	129.94256959979597	0.13405313
1323	130.14867631131398	0.1325357
1324	130.354783022832	0.12578784
1325	130.56088973434996	0.15634906
1326	130.766996445868	0.11438269
1327	130.97310315738602	0.13928382
1328	131.17920986890397	0.12410636
1329	131.385316580422	0.13817348
1330	131.59142329194	0.115322456
1331	131.79753000345798	0.13036229
1332	132.00363671497598	0.13062789
1333	132.20974342649401	0.14310268
1334	132.41585013801196	0.11763179
1335	132.62195684953	0.123782106
1336	132.828063561048	0.12959142
1337	133.03417027256597	0.13118769
1338	133.24027698408398	0.10744175
1339	133.446383695602	0.1503167
1340	133.65249040711998	0.15474135
1341	133.858597118638	0.11490698
1342	134.06470383015602	0.132961
1343	134.27081054167397	0.1311166
1344	134.476917253192	0.13266765
1345	134.68302396471	0.103501394
1346	134.88913067622798	0.1449352
1347	135.09523738774598	0.124724954
1348	135.301344099264	0.122548304
1349	135.50745081078196	0.1397309
1350	135.7135575223	0.118683375
1351	135.919664233818	0.121643715
1352	136.12577094533597	0.14053768
1353	136.331877656854	0.12917817
1354	136.537984368372	0.105496585
1355	136.74409107988998	0.13396786
1356	136.950197791408	0.10985252
1357	137.15630450292602	0.120678864
1358	137.36241121444397	0.120136164
1359	137.568517925962	0.13929608
1360	137.77462463748	0.11829584
1361	137.98073134899798	0.13522132
1362	138.18683806051598	0.12531027
1363	138.392944772034	0.15257943
1364	138.59905148355196	0.11487557
1365	138.80515819507	0.1254585
1366	139.011264906588	0.12308036
1367	139.21737161810597	0.12096717
1368	139.423478329624	0.12294439
1369	139.629585041142	0.13836181
1370	139.83569175265998	0.1466592
1371	140.041798464178	0.11270708
1372	140.24790517569602	0.12957358
1373	140.45401188721397	0.12923741
1374	140.660118598732	0.11278498
1375	140.86622531025	0.11840316
1376	141.07233202176798	0.14443517
1377	141.27843873328598	0.13090366
1378	141.484545444804	0.11888818
1379	141.69065215632196	0.11947129
1380	141.89675886784	0.11397287
1381	142.10286557935802	0.12301533
1382	142.30897229087597	0.11460762
1383	142.515079002394	0.12658238
1384	142.721185713912	0.14845598
1385	142.92729242542998	0.124658264
1386	143.133399136948	0.11895277
1387	143.33950584846602	0.14065172
1388	143.54561255998397	0.13153587
1389	143.751719271502	0.1176263
1390	143.95782598302	0.14272498
1391	144.16393269453798	0.12390336
1392	144.37003940605598	0.11976283
1393	144.576146117574	0.11031116
1394	144.78225282909196	0.12338663
1395	144.98835954061	0.12936752
1396	145.19446625212802	0.11343031
1397	145.40057296364597	0.13137224
1398	145.606679675164	0.14733566
1399	145.812786386682	0.117841855
1400	146.01889309819998	0.13282295
1401	146.22499980971799	0.1300427
1402	146.43110652123602	0.12950444
1403	146.63721323275396	0.12643689
1404	146.843319944272	0.1378281
1405	147.04942665579	0.1177196
1406	147.25553336730798	0.13242252
1407	147.46164007882598	0.14045922
1408	147.667746790344	0.14460242
1409	147.873853501862	0.12377438
1410	148.07996021338	0.121483505
1411	148.28606692489802	0.1208912
1412	148.49217363641597	0.13734996
1413	148.698280347934	0.10319188
1414	148.904387059452	0.14240856
1415	149.11049377096998	0.11526334
1416	149.31660048248798	0.15627944
1417	149.52270719400602	0.12521034
1418	149.72881390552396	0.13611177
1419	149.934920617042	0.12917507
1420	150.14102732856	0.1379865
1421	150.34713404007798	0.11464782
1422	150.55324075159598	0.12902045
1423	150.759347463114	0.13068816
1424	150.965454174632	0.13307267
1425	151.17156088615	0.13523246
1426	151.37766759766802	0.14393908
1427	151.58377430918597	0.13883439
1428	151.789881020704	0.11789656
1429	151.995987732222	0.109142095
1430	152.20209444373998	0.15469457
1431	152.40820115525798	0.12679458
1432	152.61430786677602	0.1281098
1433	152.82041457829396	0.11366509
1434	153.026521289812	0.13087313
1435	153.23262800133	0.13142104
1436	153.43873471284797	0.12328565
1437	153.644841424366	0.12159624
1438	153.850948135884	0.11715868
1439	154.057054847402	0.12061298
1440	154.26316155892	0.1202747
1441	154.46926827043802	0.11901057
1442	154.67537498195597	0.11568906
1443	154.881481693474	0.116460785
1444	155.087588404992	0.13819842
1445	155.29369511650998	0.11386624
1446	155.49980182802798	0.12021484
1447	155.70590853954602	0.13144326
1448	155.91201525106396	0.11068924
1449	156.118121962582	0.12826471
1450	156.32422867410003	0.12056882
1451	156.53033538561797	0.119793154
1452	156.736442097136	0.13230348
1453	156.942548808654	0.12781297
1454	157.14865552017199	0.11530051
1455	157.35476223169	0.1515004
1456	157.56086894320802	0.12230735
1457	157.76697565472597	0.1284681
1458	157.973082366244	0.12356766
1459	158.179189077762	0.13024504
1460	158.38529578927998	0.13679817
1461	158.59140250079798	0.11612435
1462	158.79750921231602	0.14952165
1463	159.00361592383396	0.13804576
1464	159.209722635352	0.14802493
1465	159.41582934687003	0.1441854
1466	159.62193605838797	0.12301803
1467	159.828042769906	0.11519009
1468	160.034149481424	0.12790231
1469	160.24025619294198	0.12042299
1470	160.44636290446	0.11667562
1471	160.65246961597802	0.11584266
1472	160.85857632749597	0.12510368
1473	161.064683039014	0.13828829
1474	161.270789750532	0.09868104
1475	161.47689646204998	0.11887699
1476	161.68300317356798	0.13382004
1477	161.88910988508601	0.1311915
1478	162.09521659660396	0.1296168
1479	162.301323308122	0.106794074
1480	162.50743001964003	0.13530385
1481	162.71353673115797	0.12669827
1482	162.919643442676	0.119599305
1483	163.125750154194	0.13973871
1484	163.33185686571198	0.11558222
1485	163.53796357723	0.13234659
1486	163.74407028874802	0.12210636
1487	163.95017700026597	0.12884407
1488	164.156283711784	0.12623471
1489	164.362390423302	0.12439707
1490	164.56849713481998	0.13918838
1491	164.77460384633798	0.12124168
1492	164.980710557856	0.12254383
1493	165.186817269374	0.12627943
1494	165.392923980892	0.14015904
1495	165.59903069241003	0.123539716
1496	165.80513740392797	0.13024618
1497	166.011244115446	0.12687117
1498	166.217350826964	0.13745889
1499	166.42345753848198	0.13504435
