	velocity	Amplitude
0	-140.66372168799998	0.13381608
1	-140.45761625927997	0.16356662
2	-140.25151083056	0.16170114
3	-140.04540540184	0.12488329
4	-139.83929997311998	0.13465711
5	-139.6331945444	0.1436952
6	-139.42708911568	0.12159711
7	-139.22098368695998	0.16348562
8	-139.01487825824	0.12715684
9	-138.80877282952	0.121859334
10	-138.6026674008	0.13037813
11	-138.39656197208	0.12923318
12	-138.19045654336	0.12049574
13	-137.98435111464	0.14055061
14	-137.77824568592	0.13512017
15	-137.5721402572	0.11949286
16	-137.36603482848	0.12850562
17	-137.15992939976002	0.14782652
18	-136.95382397103998	0.14085597
19	-136.74771854231997	0.1227461
20	-136.5416131136	0.14161985
21	-136.33550768487999	0.14632392
22	-136.12940225615998	0.1747758
23	-135.92329682744	0.18044429
24	-135.71719139872	0.14684224
25	-135.51108596999998	0.13567561
26	-135.30498054128	0.12769055
27	-135.09887511256	0.13047577
28	-134.89276968384	0.15875097
29	-134.68666425511998	0.115783155
30	-134.4805588264	0.13397396
31	-134.27445339768	0.14648226
32	-134.06834796895998	0.12046561
33	-133.86224254024	0.12555414
34	-133.65613711152	0.142218
35	-133.4500316828	0.13694781
36	-133.24392625408	0.13500383
37	-133.03782082536	0.13334884
38	-132.83171539663996	0.13404666
39	-132.62560996791998	0.113848805
40	-132.41950453919998	0.124312796
41	-132.21339911047997	0.13616261
42	-132.00729368176	0.12108918
43	-131.80118825303998	0.16873077
44	-131.59508282431997	0.13224564
45	-131.3889773956	0.1230391
46	-131.18287196688	0.12672965
47	-130.97676653816	0.13238643
48	-130.77066110944	0.1327876
49	-130.56455568072	0.13344522
50	-130.35845025199998	0.11690128
51	-130.15234482327998	0.1208708
52	-129.94623939456	0.12716945
53	-129.74013396584	0.14055151
54	-129.53402853711998	0.12531929
55	-129.3279231084	0.12761006
56	-129.12181767968	0.1323385
57	-128.91571225095998	0.107225955
58	-128.70960682224	0.1393967
59	-128.50350139352	0.111880735
60	-128.2973959648	0.1473918
61	-128.09129053607998	0.15048233
62	-127.88518510736	0.16766125
63	-127.67907967864	0.14380783
64	-127.47297424991999	0.13629545
65	-127.26686882119998	0.12609676
66	-127.06076339247998	0.14306691
67	-126.85465796375999	0.1765928
68	-126.64855253503998	0.109329544
69	-126.44244710631999	0.13122308
70	-126.2363416776	0.14138918
71	-126.03023624887999	0.12899518
72	-125.82413082016	0.13173595
73	-125.61802539144	0.14801177
74	-125.41191996271999	0.11639961
75	-125.20581453399998	0.13230966
76	-124.99970910527999	0.13729192
77	-124.79360367655998	0.11501111
78	-124.58749824783999	0.15736625
79	-124.38139281912	0.1257336
80	-124.17528739039999	0.13576412
81	-123.96918196168	0.10995411
82	-123.76307653296	0.124559715
83	-123.55697110423999	0.13979909
84	-123.35086567552	0.106165364
85	-123.14476024679999	0.16681641
86	-122.93865481807998	0.16064264
87	-122.73254938935999	0.13795798
88	-122.52644396064	0.14003117
89	-122.32033853191999	0.1298412
90	-122.1142331032	0.11092291
91	-121.90812767448	0.14083005
92	-121.70202224575999	0.14589337
93	-121.49591681704	0.14623776
94	-121.28981138832	0.15014297
95	-121.0837059596	0.120963156
96	-120.87760053087999	0.14119375
97	-120.67149510216	0.12356056
98	-120.46538967343999	0.11203006
99	-120.25928424471999	0.15967968
100	-120.053178816	0.1106274
101	-119.84707338727999	0.12335998
102	-119.64096795856	0.14493552
103	-119.43486252984	0.15285273
104	-119.22875710112	0.18158294
105	-119.0226516724	0.14533657
106	-118.81654624367998	0.13073261
107	-118.61044081495999	0.14757673
108	-118.40433538623999	0.11216667
109	-118.19822995751998	0.113404356
110	-117.99212452879999	0.157006
111	-117.78601910008	0.13262892
112	-117.57991367135999	0.14970115
113	-117.37380824264	0.13348022
114	-117.16770281391999	0.13256344
115	-116.9615973852	0.16728736
116	-116.75549195647999	0.14141935
117	-116.54938652775998	0.117356494
118	-116.34328109903998	0.12739345
119	-116.13717567031999	0.15242338
120	-115.93107024159998	0.113278046
121	-115.72496481287999	0.12277183
122	-115.51885938416	0.13072425
123	-115.31275395543999	0.13977626
124	-115.10664852672	0.1232788
125	-114.900543098	0.15793516
126	-114.69443766927999	0.14906429
127	-114.48833224055998	0.14062041
128	-114.28222681183999	0.15226638
129	-114.07612138311998	0.17513956
130	-113.87001595439999	0.124063015
131	-113.66391052568	0.13996156
132	-113.45780509695999	0.13382986
133	-113.25169966824	0.15292422
134	-113.04559423952	0.12981097
135	-112.83948881079999	0.11763145
136	-112.63338338208	0.120942734
137	-112.42727795335999	0.1597194
138	-112.22117252463998	0.13088077
139	-112.01506709591999	0.12209648
140	-111.8089616672	0.10452112
141	-111.60285623847999	0.12766853
142	-111.39675080976	0.14850172
143	-111.19064538104	0.14152043
144	-110.98453995231999	0.13489062
145	-110.7784345236	0.13838473
146	-110.57232909488	0.14076336
147	-110.36622366615998	0.14155549
148	-110.16011823743999	0.13372824
149	-109.95401280872	0.14174566
150	-109.74790737999999	0.14733486
151	-109.54180195128	0.16380899
152	-109.33569652256	0.123524584
153	-109.12959109383999	0.13112827
154	-108.92348566512	0.15503767
155	-108.7173802364	0.14384305
156	-108.51127480768	0.13527949
157	-108.30516937896	0.15013345
158	-108.09906395024	0.16778882
159	-107.89295852151999	0.11798203
160	-107.68685309279998	0.13105695
161	-107.48074766408	0.12761423
162	-107.27464223535999	0.12342182
163	-107.06853680663998	0.13738513
164	-106.86243137792	0.11065202
165	-106.6563259492	0.13624266
166	-106.45022052047999	0.10880666
167	-106.24411509176001	0.12565319
168	-106.03800966303999	0.101607576
169	-105.83190423431998	0.15304556
170	-105.62579880559998	0.12165015
171	-105.41969337687999	0.11243978
172	-105.21358794815998	0.120865025
173	-105.00748251943999	0.1312824
174	-104.80137709072	0.15764621
175	-104.59527166199999	0.13300079
176	-104.38916623328	0.13745509
177	-104.18306080456	0.15148573
178	-103.97695537583999	0.13834254
179	-103.77084994711998	0.1109266
180	-103.56474451839999	0.17580445
181	-103.35863908967998	0.12532708
182	-103.15253366095999	0.1588415
183	-102.94642823224	0.14451438
184	-102.74032280351999	0.14173649
185	-102.5342173748	0.1609951
186	-102.32811194608	0.1376555
187	-102.12200651735999	0.12416969
188	-101.91590108864	0.1419327
189	-101.70979565991999	0.14317533
190	-101.50369023119998	0.15109843
191	-101.29758480247999	0.15325838
192	-101.09147937376	0.13966116
193	-100.88537394503999	0.11087679
194	-100.67926851632	0.12681064
195	-100.4731630876	0.14341128
196	-100.26705765887999	0.1425049
197	-100.06095223016	0.12580182
198	-99.85484680144	0.12584004
199	-99.64874137271998	0.17662837
200	-99.44263594399999	0.17350708
201	-99.23653051528	0.15833423
202	-99.03042508655999	0.13390473
203	-98.82431965784	0.14972584
204	-98.61821422912	0.13785255
205	-98.41210880039999	0.15939122
206	-98.20600337168	0.13475148
207	-97.99989794296	0.12754406
208	-97.79379251424	0.16429543
209	-97.58768708551999	0.12639365
210	-97.3815816568	0.124373995
211	-97.17547622807999	0.14115055
212	-96.96937079935998	0.11819373
213	-96.76326537064	0.11899868
214	-96.55715994191999	0.13083087
215	-96.35105451319998	0.12344124
216	-96.14494908448	0.1766783
217	-95.93884365576	0.1382947
218	-95.73273822703999	0.14754769
219	-95.52663279832001	0.10669486
220	-95.32052736959999	0.1462218
221	-95.11442194087998	0.13880354
222	-94.90831651216	0.15820335
223	-94.70221108343999	0.13484424
224	-94.49610565471998	0.13774315
225	-94.29000022599999	0.15335049
226	-94.08389479728	0.13411444
227	-93.87778936855999	0.15744314
228	-93.67168393984	0.12167501
229	-93.46557851112	0.15994886
230	-93.25947308239998	0.16546156
231	-93.05336765367998	0.1449395
232	-92.84726222495999	0.13300245
233	-92.64115679623998	0.1405763
234	-92.43505136751999	0.11645605
235	-92.2289459388	0.1439796
236	-92.02284051007999	0.1506934
237	-91.81673508136	0.14063504
238	-91.61062965264	0.13291857
239	-91.40452422391999	0.15342419
240	-91.1984187952	0.1396406
241	-90.99231336647999	0.14201635
242	-90.78620793775998	0.14433052
243	-90.58010250903999	0.123272404
244	-90.37399708032	0.12475792
245	-90.16789165159999	0.13522963
246	-89.96178622288	0.13163792
247	-89.75568079416	0.14851451
248	-89.54957536543999	0.12455139
249	-89.34346993672	0.14255081
250	-89.137364508	0.107735336
251	-88.93125907927998	0.10128302
252	-88.72515365055999	0.12329582
253	-88.51904822184	0.10458789
254	-88.31294279311999	0.13569626
255	-88.1068373644	0.11677022
256	-87.90073193568	0.13692683
257	-87.69462650695999	0.1646587
258	-87.48852107824	0.13914216
259	-87.28241564952	0.13777973
260	-87.0763102208	0.18690416
261	-86.87020479208	0.104068115
262	-86.66409936336	0.13999042
263	-86.45799393463999	0.17472132
264	-86.25188850591998	0.13080253
265	-86.0457830772	0.121317595
266	-85.83967764847999	0.14005251
267	-85.63357221975998	0.12523349
268	-85.42746679104	0.11712487
269	-85.22136136232	0.11038779
270	-85.01525593359999	0.15402605
271	-84.80915050488001	0.14098513
272	-84.60304507615999	0.12639928
273	-84.39693964743998	0.13426435
274	-84.19083421872	0.13579659
275	-83.98472878999999	0.13939638
276	-83.77862336127998	0.10858995
277	-83.57251793255999	0.12868333
278	-83.36641250384	0.1786702
279	-83.16030707511999	0.11478469
280	-82.9542016464	0.09885832
281	-82.74809621768	0.13532957
282	-82.54199078895998	0.13426378
283	-82.33588536023998	0.14167094
284	-82.12977993151999	0.13308844
285	-81.92367450279998	0.13399029
286	-81.71756907407999	0.1286369
287	-81.51146364536	0.10101605
288	-81.30535821663999	0.111209184
289	-81.09925278792	0.15371384
290	-80.8931473592	0.12678541
291	-80.68704193047999	0.1345631
292	-80.48093650176	0.14358129
293	-80.27483107303999	0.12780358
294	-80.06872564431998	0.12257118
295	-79.86262021559999	0.13793598
296	-79.65651478688	0.12766947
297	-79.45040935815999	0.13433912
298	-79.24430392944	0.1569859
299	-79.03819850072	0.13178366
300	-78.83209307199999	0.13878877
301	-78.62598764328	0.13425101
302	-78.41988221456	0.1657412
303	-78.21377678583998	0.14054495
304	-78.00767135711999	0.12214041
305	-77.8015659284	0.16561824
306	-77.59546049967999	0.12271476
307	-77.38935507096	0.14368287
308	-77.18324964224	0.1350881
309	-76.97714421351999	0.13690813
310	-76.7710387848	0.14608213
311	-76.56493335608	0.13874272
312	-76.35882792736	0.14555989
313	-76.15272249864	0.16622546
314	-75.94661706992	0.13051598
315	-75.74051164119999	0.14651716
316	-75.53440621248	0.16919234
317	-75.32830078376	0.13229762
318	-75.12219535503999	0.12525037
319	-74.91608992632	0.15155509
320	-74.70998449759999	0.10897423
321	-74.50387906888	0.13360164
322	-74.29777364016	0.12232938
323	-74.09166821144	0.15184383
324	-73.88556278271999	0.112749994
325	-73.679457354	0.15023097
326	-73.47335192527999	0.11828382
327	-73.26724649655999	0.1554799
328	-73.06114106784	0.11510134
329	-72.85503563911999	0.13807818
330	-72.6489302104	0.11968118
331	-72.44282478168	0.14976938
332	-72.23671935296	0.133735
333	-72.03061392424	0.11753633
334	-71.82450849552	0.12783417
335	-71.61840306679998	0.1386167
336	-71.41229763807999	0.11185816
337	-71.20619220935998	0.13272536
338	-71.00008678063999	0.14043231
339	-70.79398135192	0.11586378
340	-70.58787592319999	0.112805694
341	-70.38177049448	0.13576022
342	-70.17566506576	0.13504767
343	-69.96955963703999	0.13819893
344	-69.76345420832	0.12313199
345	-69.55734877959999	0.11983208
346	-69.35124335087998	0.15404639
347	-69.14513792215999	0.11994912
348	-68.93903249344	0.123452306
349	-68.73292706471999	0.14852446
350	-68.526821636	0.1337271
351	-68.32071620728	0.13718398
352	-68.11461077855999	0.10706769
353	-67.90850534984	0.16839859
354	-67.70239992112	0.14266458
355	-67.49629449239998	0.13087457
356	-67.29018906367999	0.12359341
357	-67.08408363496	0.13899809
358	-66.87797820623999	0.123610504
359	-66.67187277752	0.14484294
360	-66.4657673488	0.14226726
361	-66.25966192007999	0.14416237
362	-66.05355649136	0.117860384
363	-65.84745106264	0.14520244
364	-65.64134563392	0.1131042
365	-65.4352402052	0.15802956
366	-65.22913477647998	0.116272286
367	-65.02302934775999	0.16885072
368	-64.81692391904	0.1298364
369	-64.61081849031999	0.09075388
370	-64.40471306159999	0.13795686
371	-64.19860763288	0.1420635
372	-63.99250220415999	0.13837461
373	-63.78639677543999	0.11318298
374	-63.580291346719996	0.13612938
375	-63.37418591799999	0.10393281
376	-63.168080489279994	0.19051725
377	-62.96197506056	0.12157726
378	-62.755869631839985	0.15000747
379	-62.54976420311999	0.1635108
380	-62.3436587744	0.14989126
381	-62.13755334567999	0.1069012
382	-61.931447916959996	0.12901868
383	-61.72534248824	0.18221757
384	-61.51923705951999	0.17256768
385	-61.313131630799994	0.12270306
386	-61.10702620208	0.14323133
387	-60.90092077335999	0.14443457
388	-60.69481534464	0.1445125
389	-60.48870991592	0.13515116
390	-60.28260448719999	0.1332222
391	-60.076499058479996	0.15452343
392	-59.87039362975999	0.1385474
393	-59.664288201039994	0.118183926
394	-59.458182772319994	0.14163375
395	-59.252077343599986	0.12126232
396	-59.04597191487999	0.10460815
397	-58.83986648616	0.14374983
398	-58.63376105743999	0.12944315
399	-58.42765562871999	0.11126198
400	-58.221550199999996	0.12187679
401	-58.01544477127999	0.14629325
402	-57.809339342559994	0.12386642
403	-57.60323391384	0.14208248
404	-57.397128485119985	0.14133725
405	-57.19102305639999	0.1391615
406	-56.98491762768	0.13604018
407	-56.77881219895999	0.09918244
408	-56.572706770239996	0.14348547
409	-56.36660134152	0.12297507
410	-56.16049591279999	0.13576013
411	-55.954390484079994	0.13743493
412	-55.74828505536	0.12169105
413	-55.54217962663999	0.13452524
414	-55.33607419792	0.13534646
415	-55.1299687692	0.14101034
416	-54.92386334047999	0.12411207
417	-54.717757911759996	0.15424408
418	-54.51165248303999	0.12709329
419	-54.305547054319995	0.12952957
420	-54.099441625599994	0.10972893
421	-53.893336196879986	0.15310277
422	-53.68723076815999	0.12759003
423	-53.48112533944	0.14155981
424	-53.27501991071999	0.14845628
425	-53.06891448199999	0.14882176
426	-52.862809053279996	0.13438317
427	-52.65670362455999	0.11144669
428	-52.450598195839994	0.11192024
429	-52.24449276712	0.16184749
430	-52.038387338399986	0.11255817
431	-51.83228190967999	0.12431745
432	-51.62617648096	0.12254374
433	-51.42007105223999	0.1334176
434	-51.21396562352	0.14377807
435	-51.0078601948	0.12966178
436	-50.80175476607999	0.115817815
437	-50.595649337359994	0.1285299
438	-50.38954390864	0.1553731
439	-50.18343847991999	0.14000577
440	-49.9773330512	0.13794202
441	-49.77122762248	0.13349855
442	-49.56512219375999	0.12616953
443	-49.359016765039996	0.14600593
444	-49.15291133632	0.14072657
445	-48.946805907599995	0.15310103
446	-48.740700478879994	0.19289288
447	-48.534595050159986	0.12895264
448	-48.32848962143999	0.1273624
449	-48.12238419272	0.14415252
450	-47.91627876399999	0.15650639
451	-47.71017333527999	0.10543695
452	-47.504067906559996	0.13668789
453	-47.29796247783999	0.15327433
454	-47.091857049119994	0.14768614
455	-46.8857516204	0.095796786
456	-46.679646191679986	0.14649269
457	-46.47354076295999	0.14596558
458	-46.26743533424	0.14895599
459	-46.06132990551999	0.11710641
460	-45.8552244768	0.14667404
461	-45.64911904808	0.16234392
462	-45.44301361935999	0.13935179
463	-45.236908190639994	0.13443542
464	-45.03080276192	0.12269733
465	-44.82469733319999	0.1365945
466	-44.61859190448	0.1613574
467	-44.41248647576	0.11105957
468	-44.20638104703999	0.11693928
469	-44.000275618319996	0.14766127
470	-43.7941701896	0.108893484
471	-43.588064760879995	0.10768072
472	-43.381959332159994	0.11561281
473	-43.175853903439986	0.13804372
474	-42.96974847471999	0.12653603
475	-42.763643046	0.14842851
476	-42.55753761727999	0.12557489
477	-42.35143218855999	0.16462786
478	-42.145326759839996	0.16174826
479	-41.93922133111999	0.15474601
480	-41.733115902399994	0.1266385
481	-41.52701047368	0.14495169
482	-41.320905044959986	0.16675615
483	-41.11479961623999	0.1147804
484	-40.90869418752	0.119918816
485	-40.70258875879999	0.118833624
486	-40.49648333008	0.10128365
487	-40.29037790136	0.14491802
488	-40.08427247263999	0.1306169
489	-39.878167043919994	0.117774986
490	-39.6720616152	0.13832606
491	-39.46595618647999	0.13754374
492	-39.25985075776	0.11478804
493	-39.05374532904	0.11524144
494	-38.84763990031999	0.13269459
495	-38.641534471599996	0.13523212
496	-38.43542904288	0.12555262
497	-38.229323614159995	0.12808655
498	-38.023218185439994	0.13016222
499	-37.817112756719986	0.12602049
500	-37.61100732799999	0.13749789
501	-37.40490189928	0.15399629
502	-37.19879647055999	0.14215831
503	-36.99269104183999	0.1493834
504	-36.786585613119996	0.1273887
505	-36.58048018439999	0.16983658
506	-36.374374755679995	0.15717146
507	-36.16826932696	0.12846085
508	-35.962163898239986	0.13973182
509	-35.75605846951999	0.1334506
510	-35.5499530408	0.13740006
511	-35.34384761207999	0.14211667
512	-35.13774218336	0.14795056
513	-34.93163675464	0.1526584
514	-34.72553132591999	0.15194245
515	-34.519425897199994	0.11333987
516	-34.31332046848	0.11813943
517	-34.10721503975999	0.11354798
518	-33.90110961104	0.12566663
519	-33.69500418232	0.13801092
520	-33.48889875359999	0.12987119
521	-33.28279332488	0.116284005
522	-33.07668789616	0.122045554
523	-32.870582467439995	0.14456645
524	-32.664477038719994	0.13495488
525	-32.45837161	0.1414954
526	-32.25226618127999	0.14893371
527	-32.04616075256	0.13908508
528	-31.840055323839987	0.12716398
529	-31.633949895119994	0.115735576
530	-31.427844466399996	0.119103774
531	-31.22173903767999	0.14183141
532	-31.015633608959995	0.13133468
533	-30.809528180239997	0.14470287
534	-30.60342275151999	0.16152911
535	-30.397317322799996	0.12956986
536	-30.19121189408	0.13094687
537	-29.98510646535999	0.1380414
538	-29.779001036639993	0.14393146
539	-29.57289560792	0.1669137
540	-29.36679017919999	0.13118933
541	-29.160684750479994	0.14618376
542	-28.95457932176	0.13710439
543	-28.74847389303999	0.12734288
544	-28.542368464319996	0.13562268
545	-28.336263035600002	0.20261313
546	-28.13015760687999	0.11993588
547	-27.924052178159997	0.17224112
548	-27.717946749440003	0.11014494
549	-27.51184132071999	0.12340134
550	-27.305735891999998	0.15147312
551	-27.09963046328	0.12207033
552	-26.893525034559993	0.14315918
553	-26.68741960584	0.14281788
554	-26.481314177119987	0.15420015
555	-26.275208748399994	0.13777125
556	-26.069103319679996	0.121656224
557	-25.86299789095999	0.14374931
558	-25.656892462239995	0.11361548
559	-25.450787033519997	0.15227608
560	-25.24468160479999	0.12689976
561	-25.038576176079996	0.13434929
562	-24.83247074736	0.15343556
563	-24.62636531863999	0.12682173
564	-24.420259889919993	0.15359277
565	-24.2141544612	0.10914701
566	-24.008049032479992	0.1296063
567	-23.801943603759995	0.10426591
568	-23.59583817504	0.13584004
569	-23.38973274631999	0.13774547
570	-23.183627317599996	0.1033104
571	-22.977521888880002	0.13847259
572	-22.77141646015999	0.14802408
573	-22.565311031439997	0.1282856
574	-22.359205602720003	0.15261188
575	-22.15310017399999	0.11756106
576	-21.946994745279998	0.16889414
577	-21.74088931656	0.15786584
578	-21.534783887839993	0.10388093
579	-21.32867845912	0.14492816
580	-21.122573030399987	0.10370274
581	-20.916467601679994	0.11735759
582	-20.710362172959996	0.12226023
583	-20.50425674423999	0.13025233
584	-20.298151315519995	0.14734584
585	-20.092045886799998	0.14377794
586	-19.88594045807999	0.12026367
587	-19.679835029359996	0.12686601
588	-19.47372960064	0.1523057
589	-19.26762417191999	0.13636357
590	-19.061518743199994	0.11908176
591	-18.85541331448	0.14135319
592	-18.649307885759992	0.14687322
593	-18.443202457039995	0.110284224
594	-18.23709702832	0.15659969
595	-18.03099159959999	0.13799426
596	-17.824886170879996	0.10657952
597	-17.618780742160002	0.1427326
598	-17.41267531343999	0.12778233
599	-17.206569884719997	0.14390093
600	-17.000464456000003	0.12611413
601	-16.79435902727999	0.14117724
602	-16.588253598559998	0.12342369
603	-16.38214816984	0.14461643
604	-16.176042741119993	0.15135226
605	-15.969937312399997	0.14089571
606	-15.763831883680002	0.16193995
607	-15.557726454959994	0.13571112
608	-15.351621026239998	0.087849274
609	-15.145515597519989	0.1563744
610	-14.939410168799993	0.14038022
611	-14.73330474008	0.13254462
612	-14.52719931135999	0.13165769
613	-14.321093882639994	0.12536715
614	-14.114988453919999	0.13590172
615	-13.908883025199989	0.14111713
616	-13.702777596479995	0.118986614
617	-13.49667216776	0.09653754
618	-13.29056673903999	0.1291018
619	-13.084461310319995	0.14628054
620	-12.878355881600001	0.1442726
621	-12.672250452879991	0.10581801
622	-12.466145024159996	0.12530121
623	-12.26003959544	0.122946635
624	-12.05393416671999	0.13393137
625	-11.847828737999997	0.13438824
626	-11.641723309280001	0.09267905
627	-11.435617880559992	0.12969273
628	-11.229512451839996	0.1448077
629	-11.023407023120003	0.12807557
630	-10.817301594399993	0.14826141
631	-10.611196165679997	0.079385445
632	-10.405090736960002	0.18676239
633	-10.198985308239994	0.10625145
634	-9.992879879519998	0.12246547
635	-9.786774450799989	0.10141343
636	-9.580669022079993	0.15943405
637	-9.374563593359984	0.122508116
638	-9.168458164640004	0.11650679
639	-8.962352735919994	0.1492017
640	-8.756247307199985	0.14475672
641	-8.550141878480005	0.12334129
642	-8.344036449759995	0.106939375
643	-8.137931021039986	0.1517219
644	-7.9318255923200045	0.1360168
645	-7.725720163599996	0.12977606
646	-7.519614734879986	0.1340422
647	-7.313509306160006	0.13137332
648	-7.107403877439996	0.11791818
649	-6.901298448719986	0.128264
650	-6.695193020000006	0.10270019
651	-6.489087591279996	0.12157005
652	-6.282982162559987	0.15600586
653	-6.076876733840007	0.13313334
654	-5.870771305119997	0.12045138
655	-5.6646658763999875	0.12666261
656	-5.458560447680007	0.15089858
657	-5.2524550189599974	0.13504207
658	-5.046349590239988	0.11041612
659	-4.840244161520007	0.13602485
660	-4.6341387327999986	0.13237475
661	-4.428033304079989	0.16114855
662	-4.2219278753600085	0.14664397
663	-4.015822446639999	0.16875148
664	-3.8097170179199895	0.14268288
665	-3.6036115892000087	0.15895692
666	-3.3975061604799994	0.16728136
667	-3.1914007317599897	0.14588255
668	-2.9852953030400093	0.13911311
669	-2.77918987432	0.12685789
670	-2.5730844455999904	0.10056821
671	-2.36697901688001	0.13060607
672	-2.1608735881600003	0.16602659
673	-1.954768159439991	0.091076896
674	-1.7486627307199816	0.09026919
675	-1.542557302000001	0.12718122
676	-1.3364518732799915	0.15220149
677	-1.130346444559982	0.13094829
678	-0.9242410158400016	0.14023761
679	-0.7181355871199921	0.1706594
680	-0.5120301583999826	0.12697373
681	-0.3059247296800022	0.110733606
682	-0.09981930095999268	0.11714713
683	0.10628612776001682	0.16531406
684	0.3123915564799972	0.1495265
685	0.5184969852000068	0.1069277
686	0.7246024139200162	0.12804382
687	0.9307078426399966	0.1429817
688	1.136813271360006	0.12310582
689	1.3429187000800158	0.10128054
690	1.5490241287999962	0.11006622
691	1.7551295575200057	0.12082687
692	1.9612349862400151	0.13254897
693	2.1673404149599955	0.11173185
694	2.373445843680005	0.10000357
695	2.5795512724000145	0.14563948
696	2.785656701119995	0.106643796
697	2.9917621298400046	0.14588681
698	3.197867558560014	0.12393164
699	3.403972987279994	0.1345543
700	3.610078416000004	0.13839109
701	3.8161838447200136	0.15349534
702	4.022289273439994	0.09630125
703	4.228394702160004	0.12744701
704	4.4345001308800125	0.14537331
705	4.640605559599993	0.1250588
706	4.846710988320003	0.120829575
707	5.052816417040012	0.14349642
708	5.258921845759993	0.11658798
709	5.465027274480002	0.13839078
710	5.671132703200012	0.13098443
711	5.8772381319199924	0.11909794
712	6.083343560640001	0.12708363
713	6.289448989360011	0.105167955
714	6.495554418079991	0.132854
715	6.701659846800001	0.14839685
716	6.907765275520011	0.15338734
717	7.113870704239991	0.15696369
718	7.319976132960001	0.11194642
719	7.52608156168001	0.12174422
720	7.73218699039999	0.10337103
721	7.93829241912	0.12086007
722	8.14439784784001	0.12220657
723	8.35050327655999	0.15172999
724	8.556608705279999	0.119115606
725	8.762714134000008	0.15246165
726	8.96881956271999	0.13967556
727	9.17492499144	0.13736767
728	9.381030420160009	0.12233555
729	9.587135848880019	0.11942469
730	9.793241277599998	0.12672414
731	9.999346706320008	0.1612215
732	10.205452135040018	0.13546094
733	10.411557563759997	0.11962095
734	10.617662992480007	0.14174873
735	10.823768421200016	0.12805331
736	11.029873849919998	0.124454655
737	11.235979278640007	0.13810726
738	11.442084707360015	0.095692955
739	11.648190136079997	0.14747562
740	11.854295564800006	0.12233361
741	12.060400993520016	0.12778442
742	12.266506422239996	0.15775782
743	12.472611850960005	0.14116645
744	12.678717279680015	0.13853915
745	12.884822708399996	0.16041276
746	13.090928137120004	0.123038866
747	13.297033565840014	0.11012976
748	13.503138994559995	0.13235049
749	13.709244423280005	0.15940496
750	13.915349852000015	0.11959357
751	14.121455280719994	0.13155314
752	14.327560709440004	0.142406
753	14.533666138160013	0.17605743
754	14.739771566879993	0.119905226
755	14.945876995600003	0.12735099
756	15.151982424320012	0.14121647
757	15.358087853039994	0.16354486
758	15.564193281760003	0.12920417
759	15.770298710480013	0.13164334
760	15.976404139199992	0.15610725
761	16.18250956792	0.13639739
762	16.388614996640012	0.12817378
763	16.59472042535999	0.14262904
764	16.800825854080003	0.09495507
765	17.00693128280001	0.1106705
766	17.21303671151999	0.12146595
767	17.41914214024	0.12635048
768	17.62524756896001	0.13260426
769	17.831352997679993	0.13949905
770	18.0374584264	0.18300615
771	18.24356385512001	0.1349744
772	18.44966928383999	0.14038114
773	18.65577471256	0.111394435
774	18.86188014128001	0.10977656
775	19.06798556999999	0.113748804
776	19.27409099872	0.108057156
777	19.48019642744001	0.117586136
778	19.68630185615999	0.14884135
779	19.892407284879997	0.12640135
780	20.09851271360001	0.14764975
781	20.30461814231999	0.0999325
782	20.51072357104	0.1431287
783	20.716828999760008	0.14842372
784	20.922934428480016	0.14240573
785	21.1290398572	0.13339728
786	21.335145285920007	0.13242498
787	21.541250714640018	0.14720492
788	21.747356143359998	0.12023798
789	21.953461572080005	0.13163823
790	22.159567000800017	0.10083653
791	22.365672429519996	0.12939212
792	22.571777858240004	0.15106404
793	22.777883286960016	0.14853291
794	22.983988715679995	0.13837476
795	23.190094144400007	0.086322844
796	23.396199573120015	0.11741434
797	23.602305001839994	0.14488146
798	23.808410430560006	0.12043205
799	24.014515859280014	0.1379518
800	24.220621287999993	0.11755411
801	24.426726716720005	0.13618185
802	24.632832145440013	0.14865151
803	24.838937574159996	0.11116722
804	25.045043002880004	0.15197025
805	25.251148431600015	0.13392563
806	25.457253860319994	0.15083253
807	25.663359289040002	0.1030048
808	25.869464717760014	0.12428625
809	26.075570146479993	0.12735479
810	26.2816755752	0.10731619
811	26.487781003920013	0.12853067
812	26.693886432639992	0.1659005
813	26.899991861360004	0.13937414
814	27.10609729008001	0.13784155
815	27.31220271879999	0.1287326
816	27.518308147520003	0.1293447
817	27.72441357624001	0.11271587
818	27.93051900495999	0.13182458
819	28.13662443368	0.14303857
820	28.34272986240001	0.17411481
821	28.548835291119993	0.1575736
822	28.75494071984	0.13039531
823	28.96104614856001	0.13577224
824	29.16715157727999	0.13280246
825	29.373257006	0.13797264
826	29.57936243472001	0.1440979
827	29.78546786343999	0.10291223
828	29.99157329216	0.13016786
829	30.19767872088001	0.145288
830	30.40378414959999	0.14602143
831	30.609889578319997	0.13250405
832	30.81599500704001	0.14660324
833	31.022100435759988	0.16591531
834	31.22820586448	0.12467629
835	31.434311293200007	0.1349806
836	31.640416721920015	0.13126376
837	31.84652215064	0.11813665
838	32.052627579360006	0.12967072
839	32.258733008080014	0.14870945
840	32.464838436799994	0.14650252
841	32.67094386552001	0.12419196
842	32.87704929424002	0.1415761
843	33.083154722959996	0.10882745
844	33.289260151680004	0.13238055
845	33.49536558040001	0.12075983
846	33.70147100912	0.13788922
847	33.90757643784001	0.15949419
848	34.113681866560015	0.1126201
849	34.319787295279994	0.123292536
850	34.525892724	0.16305444
851	34.73199815272002	0.1400203
852	34.93810358144	0.1351517
853	35.144209010160004	0.12802765
854	35.35031443888001	0.13913578
855	35.55641986759999	0.13032259
856	35.76252529632001	0.14854856
857	35.968630725040015	0.14174299
858	36.174736153759994	0.15948322
859	36.38084158248	0.14153707
860	36.58694701120001	0.11572773
861	36.79305243991999	0.15401024
862	36.999157868640005	0.10832529
863	37.20526329736001	0.12882686
864	37.41136872607999	0.113757625
865	37.6174741548	0.13041143
866	37.823579583520015	0.13772535
867	38.029685012239995	0.14898042
868	38.23579044096	0.13933156
869	38.44189586968001	0.114413515
870	38.64800129839999	0.14097872
871	38.85410672712	0.13643578
872	39.06021215584001	0.13337743
873	39.26631758455999	0.14390197
874	39.47242301328	0.17746976
875	39.67852844200001	0.14818628
876	39.88463387071999	0.11585419
877	40.09073929944	0.12667996
878	40.29684472816001	0.13379636
879	40.50295015687999	0.11311793
880	40.7090555856	0.108171456
881	40.915161014320006	0.12619714
882	41.12126644303999	0.114928186
883	41.32737187176	0.14333704
884	41.53347730048001	0.15141726
885	41.73958272919999	0.12056042
886	41.945688157919996	0.12068696
887	42.15179358664001	0.13766614
888	42.35789901535999	0.1116977
889	42.56400444408	0.12482151
890	42.770109872800006	0.16721219
891	42.976215301520014	0.1085764
892	43.182320730239994	0.11450388
893	43.38842615896001	0.15330859
894	43.59453158768002	0.15568787
895	43.800637016399996	0.12610069
896	44.006742445120004	0.12378992
897	44.21284787384001	0.1255565
898	44.41895330256	0.14419799
899	44.625058731280006	0.15774007
900	44.831164160000014	0.1358923
901	45.037269588719994	0.12004197
902	45.24337501744	0.15463556
903	45.44948044616002	0.17553438
904	45.655585874879996	0.14684983
905	45.861691303600004	0.14004424
906	46.06779673232001	0.17074323
907	46.27390216103999	0.16874707
908	46.48000758976001	0.11499618
909	46.686113018480015	0.16557866
910	46.892218447199994	0.14405876
911	47.09832387592	0.13286889
912	47.30442930464001	0.13811393
913	47.51053473335999	0.16493179
914	47.716640162080004	0.14767995
915	47.92274559080001	0.10938347
916	48.12885101951999	0.12413048
917	48.33495644824	0.15484072
918	48.541061876960015	0.15232724
919	48.747167305679994	0.12651835
920	48.9532727344	0.10723849
921	49.15937816312001	0.16044444
922	49.36548359183999	0.13385545
923	49.57158902056	0.13560568
924	49.77769444928001	0.12880147
925	49.98379987799999	0.18785729
926	50.18990530672	0.1437675
927	50.39601073544001	0.11745709
928	50.60211616415999	0.16319253
929	50.80822159288	0.12834918
930	51.01432702160001	0.14524454
931	51.22043245031999	0.14302209
932	51.42653787904	0.12875384
933	51.632643307760006	0.12161526
934	51.83874873647999	0.1125971
935	52.0448541652	0.12128358
936	52.25095959392001	0.1323507
937	52.45706502263999	0.14196986
938	52.663170451359996	0.124693334
939	52.86927588008001	0.12881608
940	53.07538130879999	0.12731838
941	53.28148673752	0.119234644
942	53.487592166240006	0.10972609
943	53.693697594959986	0.13398473
944	53.89980302367999	0.1814007
945	54.10590845240001	0.13147248
946	54.312013881120016	0.121147886
947	54.518119309839996	0.14426999
948	54.724224738560004	0.1558533
949	54.93033016728002	0.11796463
950	55.136435596	0.14025307
951	55.342541024720006	0.11894178
952	55.548646453440014	0.1501889
953	55.754751882159994	0.13551252
954	55.96085731088	0.14546482
955	56.16696273960002	0.13678223
956	56.373068168319996	0.11315148
957	56.579173597040004	0.1371521
958	56.78527902576001	0.13199636
959	56.99138445447999	0.15908784
960	57.19748988320001	0.13127564
961	57.403595311920014	0.14405611
962	57.609700740639994	0.13254379
963	57.81580616936	0.15590335
964	58.02191159808001	0.16198803
965	58.228017026799996	0.12539893
966	58.434122455520004	0.13372734
967	58.64022788424001	0.1590461
968	58.84633331295999	0.123698734
969	59.05243874168	0.14779831
970	59.258544170400015	0.14564802
971	59.464649599119994	0.13055001
972	59.67075502784	0.125356
973	59.87686045656001	0.15462555
974	60.08296588527999	0.120594665
975	60.289071314	0.15605521
976	60.49517674272001	0.121068716
977	60.70128217143999	0.13249718
978	60.90738760016	0.15065467
979	61.11349302888001	0.11731604
980	61.31959845759999	0.13715944
981	61.52570388632	0.12498833
982	61.73180931504001	0.13696766
983	61.93791474375999	0.13146076
984	62.14402017248	0.12252653
985	62.350125601200006	0.15219045
986	62.55623102991999	0.16513303
987	62.76233645864	0.14490253
988	62.96844188736001	0.13021864
989	63.17454731607999	0.13997555
990	63.380652744799995	0.1377196
991	63.58675817352001	0.12529217
992	63.79286360223999	0.13776308
993	63.99896903096	0.13301302
994	64.20507445968	0.14225776
995	64.41117988839999	0.12675162
996	64.61728531712	0.11986765
997	64.82339074584	0.13876371
998	65.02949617456001	0.13721448
999	65.23560160328	0.13696507
1000	65.44170703200001	0.13917848
1001	65.64781246072002	0.15714182
1002	65.85391788944	0.15733092
1003	66.06002331816	0.12786043
1004	66.26612874688001	0.123022854
1005	66.4722341756	0.122016065
1006	66.67833960432	0.11949377
1007	66.88444503304001	0.12175897
1008	67.09055046175999	0.13028002
1009	67.29665589048001	0.16315614
1010	67.50276131920002	0.13979974
1011	67.70886674792	0.119850144
1012	67.91497217664	0.13298227
1013	68.12107760536001	0.14365911
1014	68.32718303408	0.114736035
1015	68.5332884628	0.13743296
1016	68.73939389152001	0.13312276
1017	68.94549932023999	0.1639605
1018	69.15160474896	0.12801346
1019	69.35771017768	0.15043034
1020	69.5638156064	0.15675922
1021	69.76992103512	0.16639693
1022	69.97602646384001	0.14436045
1023	70.18213189256	0.14350268
1024	70.38823732128	0.13859218
1025	70.59434275000001	0.122671545
1026	70.80044817871999	0.10207623
1027	71.00655360744	0.14113387
1028	71.21265903616	0.116666496
1029	71.41876446487998	0.14318268
1030	71.6248698936	0.14196932
1031	71.83097532232001	0.14948225
1032	72.03708075104	0.16131175
1033	72.24318617976	0.11704107
1034	72.44929160848001	0.14798091
1035	72.65539703719999	0.11698853
1036	72.86150246592	0.15179291
1037	73.06760789464	0.11740598
1038	73.27371332335998	0.14140025
1039	73.47981875207999	0.13723636
1040	73.68592418080001	0.14934658
1041	73.89202960952	0.1326637
1042	74.09813503824	0.091856025
1043	74.30424046696001	0.14072832
1044	74.51034589567999	0.13366197
1045	74.7164513244	0.13525757
1046	74.92255675312	0.13699016
1047	75.12866218183999	0.13164046
1048	75.33476761056	0.13546959
1049	75.54087303928	0.11722835
1050	75.74697846799998	0.17860363
1051	75.95308389672	0.15368888
1052	76.15918932544001	0.13801558
1053	76.36529475416002	0.13438836
1054	76.57140018288	0.1492336
1055	76.7775056116	0.15872857
1056	76.98361104032001	0.15309519
1057	77.18971646904	0.10892661
1058	77.39582189776	0.13639106
1059	77.60192732648001	0.13489647
1060	77.80803275519999	0.14047182
1061	78.01413818392001	0.135791
1062	78.22024361264002	0.12836705
1063	78.42634904136	0.1239996
1064	78.63245447008	0.134546
1065	78.83855989880001	0.12961154
1066	79.04466532752	0.15257579
1067	79.25077075624	0.10760854
1068	79.45687618496001	0.14147896
1069	79.66298161367999	0.13665119
1070	79.8690870424	0.15383765
1071	80.07519247112	0.11105199
1072	80.28129789984	0.16745825
1073	80.48740332856	0.13796695
1074	80.69350875728001	0.108822376
1075	80.899614186	0.16191807
1076	81.10571961472	0.14455062
1077	81.31182504344001	0.10972109
1078	81.51793047215999	0.1441398
1079	81.72403590088	0.13877967
1080	81.9301413296	0.1284313
1081	82.13624675831998	0.12258911
1082	82.34235218704	0.14580107
1083	82.54845761576001	0.108972535
1084	82.75456304448	0.14779711
1085	82.9606684732	0.12594315
1086	83.16677390192001	0.13166149
1087	83.37287933063999	0.13508238
1088	83.57898475936	0.11637601
1089	83.78509018808	0.11442162
1090	83.99119561679998	0.122930214
1091	84.19730104551999	0.16390312
1092	84.40340647424001	0.13236424
1093	84.60951190296	0.1268316
1094	84.81561733168	0.14582868
1095	85.02172276040001	0.13879317
1096	85.22782818911999	0.15172483
1097	85.43393361784	0.1282585
1098	85.64003904656	0.12958577
1099	85.84614447527998	0.13294378
1100	86.05224990399999	0.13480796
1101	86.25835533272	0.13068552
1102	86.46446076143998	0.13656235
1103	86.67056619016	0.1608962
1104	86.87667161888001	0.12183628
1105	87.08277704760002	0.11945495
1106	87.28888247632	0.16019991
1107	87.49498790504	0.11971242
1108	87.70109333376001	0.13812068
1109	87.90719876248	0.13285819
1110	88.1133041912	0.10939467
1111	88.31940961992001	0.15178949
1112	88.52551504863999	0.11366816
1113	88.73162047736001	0.14360225
1114	88.93772590608002	0.14680043
1115	89.1438313348	0.137161
1116	89.34993676352	0.1598582
1117	89.55604219224001	0.1147424
1118	89.76214762096	0.14324288
1119	89.96825304968	0.11020559
1120	90.17435847840001	0.093712434
1121	90.38046390711999	0.1583319
1122	90.58656933584	0.12758507
1123	90.79267476456002	0.17111993
1124	90.99878019328	0.11172227
1125	91.204885622	0.12687974
1126	91.41099105072001	0.134547
1127	91.61709647944	0.15521851
1128	91.82320190816	0.1168216
1129	92.02930733688001	0.1851785
1130	92.23541276559999	0.14586402
1131	92.44151819432	0.122017786
1132	92.64762362304	0.13365996
1133	92.85372905175998	0.131164
1134	93.05983448048	0.15589447
1135	93.26593990920001	0.13668185
1136	93.47204533792	0.16237123
1137	93.67815076664	0.13238311
1138	93.88425619536001	0.13791496
1139	94.09036162407999	0.13969591
1140	94.2964670528	0.11666721
1141	94.50257248152	0.120382436
1142	94.70867791023998	0.11455633
1143	94.91478333895999	0.10361111
1144	95.12088876768001	0.14845115
1145	95.3269941964	0.12577966
1146	95.53309962512	0.1437026
1147	95.73920505384001	0.1338096
1148	95.94531048255999	0.14845122
1149	96.15141591128	0.13654928
1150	96.35752134	0.13156973
1151	96.56362676871998	0.15988183
1152	96.76973219743999	0.12853482
1153	96.97583762616	0.16731109
1154	97.18194305487998	0.15226649
1155	97.3880484836	0.14309165
1156	97.59415391232001	0.16823424
1157	97.80025934103999	0.11226018
1158	98.00636476976	0.13374643
1159	98.21247019848	0.1182199
1160	98.41857562720001	0.12192559
1161	98.62468105592	0.13122083
1162	98.83078648464	0.1505915
1163	99.03689191336001	0.15241046
1164	99.24299734207999	0.14723976
1165	99.44910277080001	0.11142634
1166	99.65520819952002	0.11114872
1167	99.86131362824	0.124319255
1168	100.06741905696	0.12790616
1169	100.27352448568001	0.14824137
1170	100.4796299144	0.15197617
1171	100.68573534312	0.14784272
1172	100.89184077184001	0.13839278
1173	101.09794620055999	0.110485464
1174	101.30405162928	0.12936388
1175	101.51015705800002	0.14571059
1176	101.71626248672	0.1493221
1177	101.92236791544	0.15860423
1178	102.12847334416001	0.121272996
1179	102.33457877288	0.14669046
1180	102.5406842016	0.17595248
1181	102.74678963032001	0.12635612
1182	102.95289505903999	0.17753589
1183	103.15900048776	0.1334815
1184	103.36510591648	0.1365625
1185	103.57121134519998	0.124073476
1186	103.77731677392	0.117565
1187	103.98342220264001	0.13762978
1188	104.18952763136	0.15197232
1189	104.39563306008	0.12225138
1190	104.60173848880001	0.118883245
1191	104.80784391751999	0.19823308
1192	105.01394934624	0.12713653
1193	105.22005477496	0.15437986
1194	105.42616020367998	0.1473282
1195	105.63226563239999	0.09455554
1196	105.83837106112001	0.15312694
1197	106.04447648984	0.14446276
1198	106.25058191856	0.11752935
1199	106.45668734728001	0.14175957
1200	106.66279277599999	0.12485404
1201	106.86889820472	0.12917453
1202	107.07500363344	0.12027351
1203	107.28110906215998	0.1329697
1204	107.48721449087999	0.120033145
1205	107.6933199196	0.13606629
1206	107.89942534831998	0.13202639
1207	108.10553077704	0.15001155
1208	108.31163620576001	0.13732016
1209	108.51774163447999	0.12921822
1210	108.7238470632	0.17568438
1211	108.92995249192	0.1421762
1212	109.13605792063998	0.12607092
1213	109.34216334935999	0.12864153
1214	109.54826877808	0.107569925
1215	109.75437420680001	0.16363578
1216	109.96047963551999	0.13780035
1217	110.16658506424001	0.1066091
1218	110.37269049296002	0.14290169
1219	110.57879592168	0.11133742
1220	110.7849013504	0.1345618
1221	110.99100677912001	0.1283143
1222	111.19711220784	0.12274865
1223	111.40321763656	0.10287323
1224	111.60932306528001	0.13912244
1225	111.81542849399999	0.15227196
1226	112.02153392272	0.13390167
1227	112.22763935144002	0.13931723
1228	112.43374478016	0.12298114
1229	112.63985020888	0.16065171
1230	112.84595563760001	0.13835563
1231	113.05206106632	0.15832587
1232	113.25816649504	0.14414485
1233	113.46427192376001	0.106316335
1234	113.67037735247999	0.12114087
1235	113.8764827812	0.13539699
1236	114.08258820992	0.13457166
1237	114.28869363863998	0.123016186
1238	114.49479906736	0.15356843
1239	114.70090449608001	0.14611688
1240	114.9070099248	0.14551468
1241	115.11311535352	0.14601311
1242	115.31922078224001	0.15417998
1243	115.52532621095999	0.14856902
1244	115.73143163968	0.1418738
1245	115.9375370684	0.13830481
1246	116.14364249711998	0.11478629
1247	116.34974792583999	0.12319346
1248	116.55585335456001	0.12909226
1249	116.76195878328	0.16022953
1250	116.968064212	0.13652824
1251	117.17416964072001	0.12641561
1252	117.38027506943999	0.13412544
1253	117.58638049816	0.14098291
1254	117.79248592688	0.13137649
1255	117.99859135559998	0.12688358
1256	118.20469678431999	0.13662815
1257	118.41080221304	0.15027949
1258	118.61690764175998	0.13971287
1259	118.82301307048	0.12530181
1260	119.02911849920001	0.16436526
1261	119.23522392791999	0.10000767
1262	119.44132935664	0.117911965
1263	119.64743478536	0.14537306
1264	119.85354021407998	0.13049912
1265	120.05964564279999	0.1638447
1266	120.26575107152	0.119710766
1267	120.47185650024001	0.16913973
1268	120.67796192895999	0.124539874
1269	120.88406735768001	0.119317085
1270	121.09017278640002	0.13540044
1271	121.29627821512	0.10666743
1272	121.50238364384	0.12573138
1273	121.70848907256001	0.1536264
1274	121.91459450128002	0.13977154
1275	122.12069992999997	0.1322147
1276	122.32680535871998	0.12368408
1277	122.53291078743999	0.108619526
1278	122.73901621616	0.09977549
1279	122.94512164488002	0.12484264
1280	123.15122707360003	0.13089763
1281	123.35733250231998	0.10701669
1282	123.56343793103999	0.12730569
1283	123.76954335976	0.12905505
1284	123.97564878848	0.17594618
1285	124.18175421720001	0.1293313
1286	124.38785964592002	0.14582519
1287	124.59396507463997	0.13414358
1288	124.80007050335998	0.13696666
1289	125.00617593207998	0.17411058
1290	125.2122813608	0.13203418
1291	125.41838678952001	0.11054177
1292	125.62449221824002	0.13602683
1293	125.83059764695997	0.12938692
1294	126.03670307567998	0.16279212
1295	126.24280850439999	0.1125477
1296	126.44891393312	0.10140867
1297	126.65501936184	0.12826273
1298	126.86112479056001	0.12439565
1299	127.06723021928002	0.14176649
1300	127.27333564799997	0.14292112
1301	127.47944107672	0.13681996
1302	127.68554650544	0.15715134
1303	127.89165193416001	0.1261603
1304	128.09775736288	0.114778206
1305	128.30386279160004	0.11855048
1306	128.50996822032	0.15206109
1307	128.71607364904	0.12544519
1308	128.92217907776	0.12847918
1309	129.12828450648001	0.13606021
1310	129.33438993520002	0.13888153
1311	129.54049536392003	0.13432129
1312	129.74660079263998	0.14684382
1313	129.95270622136	0.13724005
1314	130.15881165008	0.11355228
1315	130.3649170788	0.14284852
1316	130.57102250752	0.12435518
1317	130.77712793624002	0.18097903
1318	130.98323336495997	0.11883983
1319	131.18933879367998	0.14751086
1320	131.3954442224	0.1449744
1321	131.60154965112	0.14663482
1322	131.80765507984	0.14153482
1323	132.01376050856	0.13428089
1324	132.21986593727996	0.111156374
1325	132.42597136599997	0.104961336
1326	132.63207679472	0.16603173
1327	132.83818222344001	0.15006676
1328	133.04428765216002	0.1275054
1329	133.25039308088003	0.12417043
1330	133.45649850959998	0.13413745
1331	133.66260393832	0.1365304
1332	133.86870936704	0.10718499
1333	134.07481479576	0.1408884
1334	134.28092022448	0.14762425
1335	134.48702565320002	0.119027086
1336	134.69313108191997	0.1534658
1337	134.89923651063998	0.12838215
1338	135.10534193936	0.1264518
1339	135.31144736808	0.15556249
1340	135.5175527968	0.11841777
1341	135.72365822552	0.16195485
1342	135.92976365423996	0.14122066
1343	136.13586908295997	0.14759752
1344	136.34197451167998	0.12967102
1345	136.5480799404	0.12145653
1346	136.75418536912	0.16088003
1347	136.96029079784003	0.13215344
1348	137.16639622656004	0.14709559
1349	137.37250165528	0.13441333
1350	137.578607084	0.13167834
1351	137.78471251272	0.15581346
1352	137.99081794144	0.12832674
1353	138.19692337016002	0.13669048
1354	138.40302879888003	0.15036157
1355	138.60913422759998	0.13655233
1356	138.81523965632	0.13425234
1357	139.02134508504	0.111359864
1358	139.22745051376	0.14698575
1359	139.43355594248	0.14014077
1360	139.63966137120002	0.108573586
1361	139.84576679991997	0.102432474
1362	140.05187222863998	0.1262302
1363	140.25797765736	0.13561608
1364	140.46408308608	0.14723569
1365	140.6701885148	0.123238094
1366	140.87629394352	0.13132945
1367	141.08239937223996	0.12760645
1368	141.28850480096	0.09453303
1369	141.49461022968	0.16640536
1370	141.70071565840001	0.15680292
1371	141.90682108712002	0.12089249
1372	142.11292651584003	0.13527152
1373	142.31903194455998	0.11062235
1374	142.52513737328	0.111516364
1375	142.731242802	0.09952542
1376	142.93734823072	0.1513154
1377	143.14345365944	0.112536415
1378	143.34955908816002	0.13407776
1379	143.55566451687997	0.121959075
1380	143.76176994559998	0.124036424
1381	143.96787537432	0.13429503
1382	144.17398080304	0.16711873
1383	144.38008623176	0.121368594
1384	144.58619166048	0.13567318
1385	144.79229708919996	0.1478211
1386	144.99840251791997	0.12873064
1387	145.20450794663998	0.14631176
1388	145.41061337536001	0.12587899
1389	145.61671880408002	0.12357692
1390	145.82282423280003	0.13378145
1391	146.02892966151998	0.13063294
1392	146.23503509024	0.14332744
1393	146.44114051896	0.14688984
1394	146.64724594768	0.11881354
1395	146.8533513764	0.136636
1396	147.05945680512002	0.12805694
1397	147.26556223383997	0.12223494
1398	147.47166766255998	0.12904724
1399	147.67777309128	0.14819914
1400	147.88387852	0.1545952
1401	148.08998394872	0.13578378
1402	148.29608937744	0.14412208
1403	148.50219480616002	0.11744654
1404	148.70830023487997	0.1355916
1405	148.91440566359998	0.13398732
1406	149.12051109232	0.14346777
1407	149.32661652104	0.1378163
1408	149.53272194976	0.11718998
1409	149.73882737848004	0.14099294
1410	149.9449328072	0.107259765
1411	150.15103823592	0.13095966
1412	150.35714366464	0.10963799
1413	150.56324909336	0.13615032
1414	150.76935452208002	0.15051834
1415	150.97545995080003	0.18615326
1416	151.18156537951998	0.14600834
1417	151.38767080824	0.13574377
1418	151.59377623696	0.14385112
1419	151.79988166568	0.10247126
1420	152.0059870944	0.14029987
1421	152.21209252312002	0.13504127
1422	152.41819795183997	0.11365351
1423	152.62430338055998	0.1441991
1424	152.83040880928	0.11608026
1425	153.036514238	0.13341096
1426	153.24261966672	0.16775104
1427	153.44872509544	0.12511912
1428	153.65483052415996	0.11078111
1429	153.86093595287997	0.13820276
1430	154.0670413816	0.10728213
1431	154.27314681032001	0.1468896
1432	154.47925223904002	0.14588216
1433	154.68535766776003	0.1528758
1434	154.89146309647998	0.17971697
1435	155.0975685252	0.1330812
1436	155.30367395392	0.11819228
1437	155.50977938264	0.113657534
1438	155.71588481136	0.14541227
1439	155.92199024008002	0.14033236
1440	156.12809566879997	0.120422
1441	156.33420109751998	0.14750622
1442	156.54030652624	0.12438155
1443	156.74641195496	0.12658192
1444	156.95251738368	0.11415826
1445	157.1586228124	0.12847127
1446	157.36472824111996	0.15126948
1447	157.57083366983997	0.1423389
1448	157.77693909855998	0.1345957
1449	157.98304452728	0.15596056
1450	158.189149956	0.13399468
1451	158.39525538472003	0.114306785
1452	158.60136081343998	0.107939504
1453	158.80746624216	0.1078611
1454	159.01357167088	0.13750307
1455	159.2196770996	0.13600647
1456	159.42578252832	0.14914653
1457	159.63188795704002	0.120280005
1458	159.83799338576003	0.15282285
1459	160.04409881447998	0.13820717
1460	160.2502042432	0.11970466
1461	160.45630967192	0.13952607
1462	160.66241510064	0.15926886
1463	160.86852052936	0.12760153
1464	161.07462595808002	0.13594595
1465	161.28073138679997	0.16123907
1466	161.48683681551998	0.12777083
1467	161.69294224424	0.12235166
1468	161.89904767296	0.13614814
1469	162.10515310168	0.13477273
1470	162.3112585304	0.13668808
1471	162.51736395911996	0.119935095
1472	162.72346938784	0.11274463
1473	162.92957481656	0.16233236
1474	163.13568024528	0.12694398
1475	163.34178567400002	0.108749084
1476	163.54789110272003	0.20572099
1477	163.75399653143998	0.14407454
1478	163.96010196016	0.14063193
1479	164.16620738888	0.14246583
1480	164.3723128176	0.14014655
1481	164.57841824632	0.1409134
1482	164.78452367504002	0.12421359
1483	164.99062910375997	0.13376716
1484	165.19673453247998	0.118703604
1485	165.4028399612	0.12664229
1486	165.60894538992	0.13000175
1487	165.81505081864	0.14768307
1488	166.02115624736	0.10670086
1489	166.22726167607996	0.114836305
1490	166.43336710479997	0.1428761
1491	166.63947253351998	0.122354634
1492	166.84557796224001	0.118434764
1493	167.05168339096002	0.15251027
1494	167.25778881968003	0.1454736
1495	167.46389424839998	0.14316696
1496	167.66999967712	0.10372023
1497	167.87610510584	0.14460087
1498	168.08221053456	0.10639774
1499	168.28831596328	0.13851663
