	velocity	Amplitude
0	-141.731690232	0.03798779
1	-141.525584069403	0.05632133
2	-141.319477906806	0.053470746
3	-141.113371744209	0.05898244
4	-140.90726558161197	0.05629324
5	-140.701159419015	0.035845794
6	-140.495053256418	0.058463994
7	-140.28894709382098	0.059935726
8	-140.08284093122398	0.043509442
9	-139.87673476862702	0.054767266
10	-139.67062860603	0.058689363
11	-139.464522443433	0.06591982
12	-139.25841628083597	0.049963906
13	-139.052310118239	0.040625844
14	-138.846203955642	0.06563553
15	-138.640097793045	0.046710487
16	-138.433991630448	0.07153193
17	-138.22788546785097	0.04805202
18	-138.021779305254	0.059824735
19	-137.815673142657	0.04088563
20	-137.60956698005998	0.05081851
21	-137.40346081746299	0.04759681
22	-137.197354654866	0.050405674
23	-136.991248492269	0.054079417
24	-136.785142329672	0.043549377
25	-136.57903616707497	0.028884403
26	-136.372930004478	0.038172126
27	-136.166823841881	0.04409867
28	-135.960717679284	0.03757894
29	-135.754611516687	0.04731869
30	-135.54850535408997	0.052208483
31	-135.342399191493	0.049897853
32	-135.136293028896	0.06476572
33	-134.93018686629898	0.05164364
34	-134.724080703702	0.05307769
35	-134.517974541105	0.051293228
36	-134.311868378508	0.04732493
37	-134.105762215911	0.050871585
38	-133.89965605331398	0.055269588
39	-133.693549890717	0.044099562
40	-133.48744372812	0.04467988
41	-133.281337565523	0.058032267
42	-133.075231402926	0.060449485
43	-132.86912524032897	0.07847401
44	-132.663019077732	0.05300749
45	-132.456912915135	0.0419697
46	-132.25080675253798	0.047325186
47	-132.044700589941	0.067354515
48	-131.838594427344	0.071757674
49	-131.632488264747	0.0640105
50	-131.42638210215	0.054623615
51	-131.22027593955298	0.047819316
52	-131.014169776956	0.060979903
53	-130.80806361435899	0.06479294
54	-130.601957451762	0.04377909
55	-130.395851289165	0.05511891
56	-130.189745126568	0.04422783
57	-129.983638963971	0.05493244
58	-129.77753280137398	0.07113525
59	-129.57142663877698	0.046635043
60	-129.36532047618	0.06886803
61	-129.159214313583	0.040180035
62	-128.953108150986	0.05619711
63	-128.747001988389	0.065525755
64	-128.54089582579198	0.06178403
65	-128.334789663195	0.067730054
66	-128.128683500598	0.063143045
67	-127.92257733800099	0.049056593
68	-127.716471175404	0.038633984
69	-127.51036501280699	0.046864048
70	-127.30425885020999	0.068784714
71	-127.098152687613	0.053156994
72	-126.89204652501599	0.059435524
73	-126.68594036241899	0.058895618
74	-126.479834199822	0.064389184
75	-126.273728037225	0.05262412
76	-126.06762187462799	0.051899172
77	-125.861515712031	0.059997838
78	-125.655409549434	0.0598258
79	-125.449303386837	0.055962555
80	-125.24319722423999	0.06639157
81	-125.037091061643	0.051588982
82	-124.83098489904599	0.054832146
83	-124.62487873644899	0.068849
84	-124.418772573852	0.05584914
85	-124.21266641125499	0.044883307
86	-124.00656024865799	0.055910442
87	-123.80045408606098	0.07014966
88	-123.594347923464	0.06324526
89	-123.38824176086699	0.060586873
90	-123.18213559827	0.053153433
91	-122.976029435673	0.05166078
92	-122.769923273076	0.05685255
93	-122.563817110479	0.05216342
94	-122.357710947882	0.044833593
95	-122.15160478528499	0.04602869
96	-121.94549862268799	0.04077606
97	-121.739392460091	0.06380915
98	-121.53328629749399	0.055124387
99	-121.32718013489699	0.057708055
100	-121.12107397229998	0.050286617
101	-120.914967809703	0.052884806
102	-120.70886164710599	0.04970184
103	-120.502755484509	0.06952709
104	-120.29664932191199	0.059460144
105	-120.09054315931499	0.05480583
106	-119.884436996718	0.04578148
107	-119.678330834121	0.049862687
108	-119.47222467152399	0.056718215
109	-119.266118508927	0.053495817
110	-119.06001234633	0.063946515
111	-118.85390618373299	0.04133387
112	-118.64780002113599	0.05030854
113	-118.44169385853898	0.05480872
114	-118.235587695942	0.057286322
115	-118.02948153334499	0.05022435
116	-117.823375370748	0.046161264
117	-117.61726920815099	0.05337695
118	-117.41116304555399	0.057280034
119	-117.205056882957	0.056291778
120	-116.99895072036	0.037169654
121	-116.79284455776299	0.05782399
122	-116.586738395166	0.071434505
123	-116.380632232569	0.051135346
124	-116.17452606997199	0.06265988
125	-115.968419907375	0.049424417
126	-115.76231374477798	0.050725564
127	-115.556207582181	0.051587384
128	-115.35010141958399	0.051215764
129	-115.143995256987	0.062842086
130	-114.93788909438999	0.055978738
131	-114.73178293179299	0.07144087
132	-114.525676769196	0.06486535
133	-114.319570606599	0.052442368
134	-114.11346444400199	0.067099035
135	-113.90735828140498	0.053936772
136	-113.70125211880799	0.060462035
137	-113.49514595621099	0.06323798
138	-113.289039793614	0.041912623
139	-113.08293363101699	0.051821895
140	-112.87682746842	0.0619907
141	-112.670721305823	0.054052178
142	-112.464615143226	0.051643707
143	-112.25850898062899	0.049601905
144	-112.052402818032	0.07409839
145	-111.846296655435	0.053064726
146	-111.640190492838	0.057163
147	-111.43408433024099	0.0551545
148	-111.22797816764398	0.06934583
149	-111.02187200504699	0.06062032
150	-110.81576584244999	0.059951495
151	-110.609659679853	0.055777706
152	-110.40355351725599	0.068860784
153	-110.19744735465899	0.060998887
154	-109.99134119206198	0.054339677
155	-109.785235029465	0.06524623
156	-109.57912886686799	0.06945019
157	-109.373022704271	0.047501564
158	-109.166916541674	0.048843827
159	-108.96081037907699	0.03817478
160	-108.75470421648	0.061594386
161	-108.54859805388298	0.05674657
162	-108.34249189128599	0.042980537
163	-108.13638572868899	0.0622103
164	-107.930279566092	0.065612294
165	-107.72417340349499	0.055958483
166	-107.518067240898	0.042536415
167	-107.31196107830098	0.062548645
168	-107.105854915704	0.07319023
169	-106.89974875310699	0.058461554
170	-106.69364259051	0.07023652
171	-106.487536427913	0.043734655
172	-106.28143026531599	0.059583355
173	-106.075324102719	0.06852465
174	-105.86921794012198	0.0527082
175	-105.66311177752499	0.0661638
176	-105.457005614928	0.04268127
177	-105.250899452331	0.054062903
178	-105.04479328973399	0.046618436
179	-104.83868712713699	0.05967281
180	-104.63258096453998	0.07690185
181	-104.426474801943	0.051898852
182	-104.22036863934599	0.06918985
183	-104.014262476749	0.0473664
184	-103.808156314152	0.056832083
185	-103.60205015155499	0.057031073
186	-103.395943988958	0.05034975
187	-103.18983782636099	0.072890244
188	-102.98373166376399	0.043431528
189	-102.777625501167	0.0528852
190	-102.57151933856998	0.063164026
191	-102.36541317597299	0.07783806
192	-102.159307013376	0.053104356
193	-101.95320085077898	0.06612371
194	-101.747094688182	0.0645892
195	-101.54098852558499	0.041494846
196	-101.334882362988	0.058806214
197	-101.12877620039099	0.050807454
198	-100.92267003779399	0.06596792
199	-100.716563875197	0.052574962
200	-100.51045771259999	0.052241668
201	-100.30435155000299	0.062760785
202	-100.098245387406	0.04428544
203	-99.89213922480899	0.041029043
204	-99.68603306221199	0.059775643
205	-99.479926899615	0.059464924
206	-99.27382073701799	0.06335664
207	-99.067714574421	0.046321344
208	-98.86160841182398	0.048308194
209	-98.655502249227	0.04848521
210	-98.44939608662999	0.046384778
211	-98.243289924033	0.062008537
212	-98.037183761436	0.050153486
213	-97.83107759883899	0.059863687
214	-97.62497143624199	0.05671865
215	-97.418865273645	0.06376349
216	-97.21275911104799	0.05712993
217	-97.00665294845099	0.048105676
218	-96.800546785854	0.056356102
219	-96.59444062325699	0.051419128
220	-96.38833446066	0.07025693
221	-96.18222829806298	0.065637805
222	-95.976122135466	0.036331713
223	-95.77001597286899	0.03219389
224	-95.563909810272	0.065775625
225	-95.357803647675	0.03812491
226	-95.15169748507799	0.049934696
227	-94.945591322481	0.06291666
228	-94.73948515988398	0.053362455
229	-94.53337899728699	0.05645617
230	-94.32727283468999	0.043843128
231	-94.121166672093	0.050011948
232	-93.91506050949599	0.052044015
233	-93.708954346899	0.05350872
234	-93.50284818430198	0.07445714
235	-93.296742021705	0.050418317
236	-93.09063585910799	0.053291738
237	-92.884529696511	0.067750044
238	-92.678423533914	0.0577706
239	-92.47231737131698	0.0461389
240	-92.26621120872	0.046873905
241	-92.06010504612298	0.06071363
242	-91.85399888352599	0.052611474
243	-91.647892720929	0.058183156
244	-91.441786558332	0.042463243
245	-91.23568039573499	0.056571953
246	-91.029574233138	0.050273605
247	-90.82346807054098	0.06738422
248	-90.617361907944	0.059156347
249	-90.41125574534699	0.043364834
250	-90.20514958275	0.058411937
251	-89.999043420153	0.043958742
252	-89.79293725755598	0.060513318
253	-89.586831094959	0.07578088
254	-89.38072493236199	0.05663032
255	-89.17461876976499	0.0506211
256	-88.968512607168	0.07237382
257	-88.76240644457098	0.05640226
258	-88.55630028197399	0.03885633
259	-88.350194119377	0.039770037
260	-88.14408795677998	0.05197165
261	-87.937981794183	0.063142866
262	-87.73187563158599	0.04413177
263	-87.525769468989	0.06691049
264	-87.319663306392	0.047553178
265	-87.11355714379498	0.05230126
266	-86.907450981198	0.046266694
267	-86.70134481860099	0.052344922
268	-86.49523865600399	0.06192518
269	-86.289132493407	0.05333823
270	-86.08302633080999	0.05402197
271	-85.87692016821299	0.06680706
272	-85.670814005616	0.061009675
273	-85.46470784301899	0.040393293
274	-85.258601680422	0.042910494
275	-85.052495517825	0.052694358
276	-84.846389355228	0.04543925
277	-84.64028319263099	0.05783282
278	-84.43417703003398	0.056840047
279	-84.228070867437	0.059610415
280	-84.02196470483999	0.06645344
281	-83.81585854224299	0.06456561
282	-83.609752379646	0.05039849
283	-83.40364621704899	0.046621215
284	-83.19754005445199	0.044261504
285	-82.991433891855	0.058148704
286	-82.78532772925799	0.04783591
287	-82.579221566661	0.05810991
288	-82.37311540406398	0.05116325
289	-82.167009241467	0.055478092
290	-81.96090307886999	0.055794597
291	-81.75479691627298	0.060624026
292	-81.548690753676	0.055711158
293	-81.34258459107899	0.04984973
294	-81.136478428482	0.055445753
295	-80.930372265885	0.051612727
296	-80.72426610328799	0.07733535
297	-80.51815994069099	0.06441806
298	-80.312053778094	0.065679215
299	-80.10594761549699	0.061148465
300	-79.8998414529	0.04297439
301	-79.69373529030298	0.044833466
302	-79.487629127706	0.057338413
303	-79.28152296510899	0.042859733
304	-79.07541680251198	0.046975955
305	-78.869310639915	0.056199387
306	-78.66320447731798	0.04773006
307	-78.457098314721	0.06889159
308	-78.25099215212398	0.08283297
309	-78.04488598952699	0.046021193
310	-77.83877982693	0.06561868
311	-77.632673664333	0.065834045
312	-77.42656750173599	0.046278697
313	-77.220461339139	0.07061378
314	-77.01435517654198	0.059218805
315	-76.808249013945	0.0562976
316	-76.60214285134799	0.05748609
317	-76.39603668875098	0.062027283
318	-76.18993052615399	0.07572548
319	-75.98382436355699	0.054666325
320	-75.77771820096	0.07081343
321	-75.57161203836299	0.05971599
322	-75.36550587576599	0.057159163
323	-75.159399713169	0.054961238
324	-74.953293550572	0.05693996
325	-74.74718738797499	0.054372717
326	-74.541081225378	0.055627257
327	-74.33497506278098	0.0519996
328	-74.128868900184	0.06754039
329	-73.922762737587	0.060187377
330	-73.71665657498998	0.06566179
331	-73.51055041239299	0.055303242
332	-73.30444424979599	0.05311254
333	-73.098338087199	0.04423557
334	-72.89223192460199	0.063979775
335	-72.68612576200499	0.053038225
336	-72.48001959940798	0.0561862
337	-72.273913436811	0.035996605
338	-72.06780727421399	0.042127196
339	-71.861701111617	0.058366466
340	-71.65559494901999	0.061131973
341	-71.449488786423	0.049396593
342	-71.243382623826	0.062483184
343	-71.03727646122898	0.04454182
344	-70.83117029863199	0.05464414
345	-70.62506413603498	0.04635969
346	-70.418957973438	0.044865012
347	-70.21285181084099	0.047591507
348	-70.00674564824399	0.047006685
349	-69.80063948564698	0.04420769
350	-69.59453332305	0.039889533
351	-69.38842716045299	0.043097753
352	-69.182320997856	0.050736666
353	-68.97621483525899	0.054063246
354	-68.770108672662	0.04666836
355	-68.564002510065	0.052818947
356	-68.35789634746799	0.061201055
357	-68.15179018487099	0.05358313
358	-67.94568402227398	0.046466585
359	-67.739577859677	0.05376638
360	-67.53347169707999	0.056514263
361	-67.327365534483	0.055322964
362	-67.12125937188598	0.04905894
363	-66.915153209289	0.033016294
364	-66.70904704669199	0.061015856
365	-66.502940884095	0.060449906
366	-66.29683472149799	0.062125493
367	-66.09072855890098	0.0596129
368	-65.884622396304	0.043376006
369	-65.67851623370699	0.049304795
370	-65.47241007110999	0.046558965
371	-65.26630390851298	0.0547085
372	-65.060197745916	0.056617487
373	-64.85409158331899	0.056716636
374	-64.647985420722	0.059026323
375	-64.44187925812498	0.056997202
376	-64.23577309552799	0.044146314
377	-64.029666932931	0.053912833
378	-63.82356077033399	0.050529286
379	-63.61745460773699	0.06713141
380	-63.411348445139986	0.059019253
381	-63.205242282543	0.046212215
382	-62.999136119945994	0.050937712
383	-62.79302995734899	0.045976028
384	-62.58692379475199	0.059807032
385	-62.38081763215499	0.051596623
386	-62.174711469558	0.054765895
387	-61.96860530696099	0.055667836
388	-61.762499144363986	0.058891412
389	-61.55639298176698	0.040254183
390	-61.350286819169995	0.075634
391	-61.14418065657299	0.06660873
392	-60.93807449397599	0.07495932
393	-60.73196833137899	0.057460394
394	-60.525862168781984	0.05658115
395	-60.319756006184996	0.045344308
396	-60.11364984358799	0.059376974
397	-59.90754368099099	0.05131657
398	-59.70143751839399	0.054328136
399	-59.495331355797	0.057089053
400	-59.28922519319999	0.06403825
401	-59.08311903060299	0.046741642
402	-58.877012868005984	0.047204137
403	-58.670906705408996	0.042356465
404	-58.46480054281199	0.059892923
405	-58.25869438021499	0.07064601
406	-58.05258821761799	0.05981308
407	-57.846482055020985	0.046061788
408	-57.640375892424	0.05001489
409	-57.434269729826994	0.03671818
410	-57.22816356722999	0.057456907
411	-57.02205740463299	0.046613313
412	-56.815951242036	0.05471382
413	-56.60984507943899	0.06605589
414	-56.40373891684199	0.056829795
415	-56.197632754244985	0.043103762
416	-55.99152659164798	0.056297604
417	-55.785420429050994	0.067418665
418	-55.57931426645399	0.06910951
419	-55.37320810385699	0.052350946
420	-55.167101941259986	0.048590075
421	-54.960995778663	0.061261322
422	-54.754889616065995	0.05541462
423	-54.54878345346899	0.05176442
424	-54.34267729087199	0.050760996
425	-54.13657112827498	0.051805362
426	-53.93046496567799	0.0647207
427	-53.72435880308099	0.05736649
428	-53.518252640483986	0.046543557
429	-53.312146477886984	0.03594535
430	-53.106040315289995	0.04654079
431	-52.89993415269299	0.03872419
432	-52.69382799009599	0.059014477
433	-52.48772182749899	0.051906735
434	-52.281615664901985	0.060636368
435	-52.075509502304996	0.04533024
436	-51.86940333970799	0.05474934
437	-51.66329717711099	0.049751844
438	-51.45719101451398	0.06531978
439	-51.25108485191699	0.05627302
440	-51.04497868931999	0.05662395
441	-50.83887252672299	0.05248287
442	-50.632766364125985	0.03581601
443	-50.426660201528996	0.046007134
444	-50.22055403893199	0.064182416
445	-50.01444787633499	0.04849551
446	-49.80834171373799	0.061755475
447	-49.602235551140986	0.06383231
448	-49.396129388544	0.04916666
449	-49.190023225946995	0.0414549
450	-48.98391706334999	0.05318774
451	-48.77781090075298	0.040496968
452	-48.571704738155994	0.04910878
453	-48.36559857555899	0.047154035
454	-48.15949241296199	0.05476201
455	-47.953386250364986	0.049284533
456	-47.74728008776798	0.060211316
457	-47.541173925170995	0.045900784
458	-47.33506776257399	0.0640139
459	-47.12896159997699	0.058983706
460	-46.92285543737999	0.043345064
461	-46.716749274783	0.06690019
462	-46.510643112185996	0.058592785
463	-46.30453694958899	0.05874277
464	-46.09843078699198	0.05216601
465	-45.89232462439498	0.060007937
466	-45.68621846179799	0.058905173
467	-45.48011229920099	0.057082005
468	-45.27400613660399	0.05693813
469	-45.067899974006984	0.07564668
470	-44.861793811409996	0.04630874
471	-44.65568764881299	0.046957828
472	-44.44958148621599	0.06436248
473	-44.24347532361899	0.06767352
474	-44.037369161021985	0.03990202
475	-43.831262998425	0.06171912
476	-43.625156835827994	0.05473405
477	-43.419050673230984	0.056866027
478	-43.21294451063398	0.06615547
479	-43.00683834803699	0.058626346
480	-42.80073218543999	0.066638954
481	-42.59462602284299	0.05474721
482	-42.388519860245985	0.05741654
483	-42.18241369764898	0.053671785
484	-41.976307535051994	0.05066786
485	-41.77020137245499	0.046818297
486	-41.56409520985799	0.04804823
487	-41.357989047260986	0.05614293
488	-41.151882884664	0.050061908
489	-40.945776722066995	0.05529414
490	-40.739670559469985	0.06150622
491	-40.53356439687298	0.0628728
492	-40.327458234275994	0.059827194
493	-40.12135207167899	0.05231897
494	-39.91524590908199	0.06030914
495	-39.709139746484986	0.043527503
496	-39.503033583887984	0.071309105
497	-39.296927421290995	0.06268842
498	-39.09082125869399	0.061977316
499	-38.88471509609699	0.04389499
500	-38.67860893349999	0.054771148
501	-38.472502770903	0.058842197
502	-38.266396608305996	0.06563097
503	-38.060290445708986	0.064580224
504	-37.854184283111984	0.04731789
505	-37.64807812051498	0.056170236
506	-37.44197195791799	0.05882356
507	-37.23586579532099	0.045637395
508	-37.02975963272399	0.05887182
509	-36.823653470126985	0.047644086
510	-36.617547307529996	0.06025723
511	-36.41144114493299	0.057303905
512	-36.20533498233599	0.048643652
513	-35.99922881973899	0.052882075
514	-35.793122657141986	0.04894855
515	-35.587016494545	0.05666498
516	-35.38091033194799	0.05739644
517	-35.174804169350985	0.049949635
518	-34.96869800675398	0.054779015
519	-34.762591844156994	0.06035223
520	-34.55648568155999	0.05500053
521	-34.35037951896299	0.04204634
522	-34.144273356365986	0.07167926
523	-33.93816719376898	0.05343627
524	-33.732061031171995	0.053070314
525	-33.52595486857499	0.050093412
526	-33.31984870597799	0.06716673
527	-33.11374254338099	0.051108792
528	-32.907636380784	0.055479713
529	-32.70153021818699	0.06276193
530	-32.495424055589986	0.07069278
531	-32.28931789299298	0.057277165
532	-32.08321173039598	0.04484876
533	-31.877105567798992	0.084852144
534	-31.67099940520199	0.041457426
535	-31.464893242604987	0.068075836
536	-31.258787080007984	0.067330204
537	-31.052680917410996	0.04558514
538	-30.846574754813993	0.040566
539	-30.640468592216987	0.051797688
540	-30.434362429619984	0.0665168
541	-30.228256267022996	0.05911167
542	-30.022150104425993	0.054776236
543	-29.81604394182899	0.05871378
544	-29.609937779231988	0.043848097
545	-29.40383161663498	0.0493058
546	-29.197725454037993	0.045295272
547	-28.99161929144099	0.048622247
548	-28.785513128843988	0.062272176
549	-28.579406966246985	0.051112752
550	-28.373300803649997	0.0530879
551	-28.167194641052994	0.042452652
552	-27.961088478455988	0.07215313
553	-27.754982315858985	0.06328327
554	-27.548876153261983	0.06308185
555	-27.342769990664994	0.046182144
556	-27.13666382806799	0.054104194
557	-26.93055766547099	0.0651993
558	-26.724451502873983	0.054269776
559	-26.518345340276994	0.061867923
560	-26.31223917767999	0.048002265
561	-26.10613301508299	0.06245673
562	-25.900026852485986	0.057896644
563	-25.693920689888984	0.048369747
564	-25.487814527291995	0.04977844
565	-25.28170836469499	0.06435331
566	-25.075602202097986	0.0603567
567	-24.869496039500984	0.061834894
568	-24.663389876903995	0.06894094
569	-24.457283714306993	0.063844904
570	-24.25117755170999	0.06473776
571	-24.045071389112984	0.042960167
572	-23.83896522651598	0.047535274
573	-23.632859063918993	0.06485431
574	-23.42675290132199	0.06283672
575	-23.220646738724987	0.06069642
576	-23.014540576127985	0.067512766
577	-22.808434413530996	0.05998945
578	-22.60232825093399	0.053899344
579	-22.396222088336987	0.053579837
580	-22.190115925739985	0.065392375
581	-21.984009763142982	0.052220903
582	-21.777903600545994	0.04362652
583	-21.57179743794899	0.05351422
584	-21.365691275351985	0.039103873
585	-21.159585112754982	0.073314376
586	-20.953478950157994	0.047590964
587	-20.74737278756099	0.043418024
588	-20.54126662496399	0.042989984
589	-20.335160462366986	0.058885
590	-20.129054299769997	0.052189905
591	-19.92294813717299	0.054416835
592	-19.71684197457599	0.07293635
593	-19.510735811978986	0.04391568
594	-19.304629649381983	0.06899846
595	-19.098523486784995	0.056141127
596	-18.892417324187992	0.04551163
597	-18.686311161590986	0.044354815
598	-18.480204998993983	0.05297669
599	-18.274098836396995	0.050914004
600	-18.067992673799992	0.055090167
601	-17.86188651120299	0.03947117
602	-17.655780348605987	0.05473839
603	-17.449674186008984	0.05911927
604	-17.243568023411992	0.05209224
605	-17.03746186081499	0.056823142
606	-16.831355698217987	0.07093698
607	-16.625249535620984	0.054459285
608	-16.419143373023996	0.055519987
609	-16.213037210426993	0.049102
610	-16.006931047829987	0.058220174
611	-15.800824885232986	0.06475172
612	-15.594718722635982	0.054266877
613	-15.388612560038993	0.048651565
614	-15.18250639744199	0.053819958
615	-14.976400234844986	0.046329062
616	-14.770294072247983	0.055053294
617	-14.564187909650995	0.065484144
618	-14.35808174705399	0.05837766
619	-14.151975584456988	0.064323425
620	-13.945869421859985	0.032284882
621	-13.73976325926298	0.053554077
622	-13.533657096665992	0.056014698
623	-13.32755093406899	0.063841455
624	-13.121444771471987	0.038621627
625	-12.915338608874983	0.049781702
626	-12.709232446277994	0.056931168
627	-12.503126283680992	0.050979983
628	-12.297020121083987	0.062008724
629	-12.090913958486984	0.04670472
630	-11.884807795889996	0.061374407
631	-11.678701633292992	0.055870038
632	-11.472595470695989	0.05559392
633	-11.266489308098986	0.06426817
634	-11.060383145501982	0.047076367
635	-10.854276982904993	0.052097153
636	-10.648170820307977	0.046296265
637	-10.442064657710988	0.046247408
638	-10.235958495113998	0.047446087
639	-10.029852332516981	0.05471453
640	-9.823746169919993	0.055035762
641	-9.617640007322974	0.028478945
642	-9.411533844725986	0.052071758
643	-9.205427682128997	0.056867834
644	-8.999321519531978	0.040850952
645	-8.79321535693499	0.04585444
646	-8.587109194338002	0.034900863
647	-8.381003031740983	0.05403453
648	-8.174896869143994	0.056746062
649	-7.968790706546977	0.049435228
650	-7.762684543949988	0.034456044
651	-7.556578381353	0.043802522
652	-7.350472218755982	0.03502925
653	-7.144366056158993	0.02908831
654	-6.938259893561975	0.049755923
655	-6.732153730964987	0.040098578
656	-6.526047568367998	0.045416404
657	-6.31994140577098	0.04222774
658	-6.113835243173991	0.04347176
659	-5.907729080577003	0.047087498
660	-5.701622917979985	0.029634405
661	-5.495516755382996	0.06806847
662	-5.289410592785978	0.034106046
663	-5.083304430188989	0.018244568
664	-4.877198267592001	0.04979162
665	-4.671092104994983	0.031224962
666	-4.464985942397994	0.011096843
667	-4.258879779800976	0.02610675
668	-4.052773617203988	0.061478097
669	-3.8466674546069988	0.03951042
670	-3.640561292009981	0.043203007
671	-3.4344551294129926	0.03131926
672	-3.2283489668159744	0.040365152
673	-3.022242804218986	0.04234922
674	-2.816136641621997	0.020232925
675	-2.6100304790249793	0.049209803
676	-2.4039243164279904	0.041793216
677	-2.197818153831002	0.04844013
678	-1.991711991233984	0.053062283
679	-1.7856058286369954	0.04233562
680	-1.5794996660399774	0.04897307
681	-1.3733935034429887	0.044878844
682	-1.167287340846	0.06999849
683	-0.9611811782489822	0.047201455
684	-0.7550750156519934	0.06506905
685	-0.5489688530549757	0.06153309
686	-0.3428626904579869	0.035377614
687	-0.13675652786099818	0.053718902
688	0.06934963473601966	0.08198504
689	0.2754557973330084	0.060280338
690	0.4815619599300262	0.03954485
691	0.6876681225270149	0.06476257
692	0.8937742851240037	0.06642507
693	1.0998804477210216	0.048166092
694	1.3059866103180102	0.06445615
695	1.5120927729149989	0.073115215
696	1.7181989355120169	0.053320337
697	1.9243050981090055	0.06345147
698	2.1304112607060235	0.029984254
699	2.336517423303012	0.043291286
700	2.542623585900001	0.052650154
701	2.7487297484970186	0.05039266
702	2.9548359110940075	0.07070049
703	3.160942073691025	0.057453953
704	3.367048236288014	0.060546376
705	3.5731543988850025	0.040053826
706	3.7792605614820203	0.05770313
707	3.985366724079009	0.0419145
708	4.191472886675998	0.044554777
709	4.397579049273015	0.04090113
710	4.603685211870005	0.036267087
711	4.809791374467022	0.05500234
712	5.015897537064011	0.057995528
713	5.222003699660999	0.037659742
714	5.428109862258018	0.042294003
715	5.634216024855006	0.038863324
716	5.840322187452024	0.040576443
717	6.046428350049013	0.05079285
718	6.252534512646002	0.037645746
719	6.45864067524302	0.03843399
720	6.664746837840008	0.03016752
721	6.870853000437026	0.03767323
722	7.076959163034014	0.030579269
723	7.283065325631004	0.052163217
724	7.489171488228021	0.04787893
725	7.69527765082501	0.055113096
726	7.901383813421998	0.046099916
727	8.107489976019016	0.044986486
728	8.313596138616004	0.040851388
729	8.519702301213023	0.04584852
730	8.725808463810012	0.03254206
731	8.931914626407	0.06024344
732	9.138020789004019	0.03209886
733	9.344126951601007	0.05271807
734	9.550233114198026	0.056827247
735	9.756339276795014	0.05689305
736	9.962445439392003	0.03651721
737	10.16855160198902	0.053932257
738	10.37465776458601	0.07763253
739	10.580763927183026	0.040155225
740	10.786870089780015	0.06457732
741	10.992976252377003	0.05283124
742	11.199082414974022	0.07074447
743	11.40518857757101	0.053667955
744	11.611294740167999	0.04123284
745	11.817400902765018	0.03812149
746	12.023507065362006	0.049218602
747	12.229613227959025	0.050475545
748	12.435719390556013	0.066285715
749	12.641825553153001	0.07702445
750	12.847931715750018	0.058893
751	13.054037878347009	0.057480384
752	13.260144040944025	0.06088659
753	13.466250203541014	0.03765598
754	13.672356366138002	0.06521021
755	13.878462528735021	0.064847656
756	14.08456869133201	0.054179262
757	14.290674853928998	0.061221004
758	14.496781016526016	0.05052021
759	14.702887179123005	0.080387704
760	14.908993341720024	0.055631917
761	15.115099504317012	0.06609014
762	15.321205666914	0.08119346
763	15.527311829511017	0.060162496
764	15.733417992108008	0.061414473
765	15.939524154705024	0.05648753
766	16.145630317302015	0.035908353
767	16.351736479899003	0.04806132
768	16.55784264249602	0.06327996
769	16.76394880509301	0.055066176
770	16.970054967690025	0.05207063
771	17.176161130287014	0.055149652
772	17.382267292884002	0.0423719
773	17.588373455481022	0.06970307
774	17.79447961807801	0.061679572
775	18.000585780675	0.06463307
776	18.206691943272016	0.03902171
777	18.412798105869005	0.061137997
778	18.618904268466025	0.0493117
779	18.825010431063014	0.05087342
780	19.031116593660002	0.050248306
781	19.23722275625702	0.058823343
782	19.443328918854007	0.042345412
783	19.649435081451024	0.060417246
784	19.855541244048013	0.046387486
785	20.061647406645	0.053420134
786	20.26775356924202	0.0371929
787	20.47385973183901	0.05016138
788	20.679965894436027	0.04995971
789	20.886072057033015	0.053185374
790	21.092178219630004	0.047733344
791	21.298284382227024	0.0737653
792	21.504390544824012	0.041330047
793	21.710496707421	0.06277774
794	21.916602870018018	0.04706307
795	22.122709032615006	0.068135545
796	22.328815195212023	0.0579071
797	22.53492135780901	0.046868935
798	22.741027520406	0.056200188
799	22.94713368300302	0.06142482
800	23.15323984560001	0.076709576
801	23.359346008197026	0.050271466
802	23.565452170794014	0.041939013
803	23.771558333391003	0.058029138
804	23.977664495988023	0.051481664
805	24.18377065858501	0.06825296
806	24.389876821182	0.057114393
807	24.595982983779017	0.056057584
808	24.802089146376005	0.043232553
809	25.008195308973022	0.042553786
810	25.21430147157001	0.077591226
811	25.420407634167	0.046457678
812	25.62651379676402	0.0623151
813	25.832619959361008	0.065544546
814	26.038726121958025	0.066703804
815	26.244832284555013	0.03994546
816	26.450938447152	0.047300942
817	26.657044609749022	0.041517597
818	26.86315077234601	0.054238528
819	27.069256934943027	0.04992397
820	27.275363097540016	0.06827145
821	27.481469260137004	0.037300497
822	27.68757542273402	0.04041472
823	27.89368158533101	0.058787003
824	28.099787747927998	0.04111761
825	28.30589391052502	0.04492629
826	28.512000073122007	0.045169953
827	28.718106235719024	0.06019674
828	28.924212398316012	0.06943821
829	29.130318560913	0.051816653
830	29.33642472351002	0.0630035
831	29.54253088610701	0.06712456
832	29.748637048704026	0.03883451
833	29.954743211301015	0.059565
834	30.160849373898003	0.03857628
835	30.36695553649502	0.03886599
836	30.57306169909201	0.053630814
837	30.77916786168903	0.049826637
838	30.985274024286017	0.06401273
839	31.191380186883006	0.041372146
840	31.397486349480022	0.049209062
841	31.60359251207701	0.052904863
842	31.809698674674	0.064070575
843	32.01580483727102	0.0562627
844	32.22191099986801	0.052885767
845	32.428017162465025	0.056844298
846	32.63412332506201	0.05153297
847	32.840229487659	0.045100987
848	33.04633565025602	0.053819414
849	33.25244181285301	0.04642147
850	33.458547975450024	0.06652464
851	33.66465413804701	0.05545778
852	33.870760300644	0.05300739
853	34.076866463241025	0.06070807
854	34.28297262583801	0.05672159
855	34.489078788435	0.045624346
856	34.69518495103202	0.061345663
857	34.90129111362901	0.061180457
858	35.107397276226024	0.056109484
859	35.31350343882301	0.037773848
860	35.51960960142	0.051518165
861	35.72571576401702	0.05328008
862	35.931821926614006	0.074612625
863	36.13792808921102	0.04420682
864	36.34403425180801	0.05489334
865	36.550140414405	0.0697027
866	36.756246577002024	0.036442302
867	36.96235273959901	0.05652629
868	37.16845890219603	0.04942804
869	37.37456506479302	0.06375727
870	37.580671227390006	0.06040393
871	37.78677738998702	0.050040923
872	37.99288355258401	0.058668837
873	38.198989715181	0.048372753
874	38.40509587777802	0.047758713
875	38.611202040375005	0.05824085
876	38.81730820297202	0.04939191
877	39.02341436556901	0.07271652
878	39.229520528166	0.04764054
879	39.43562669076302	0.03846508
880	39.64173285336001	0.04367145
881	39.84783901595703	0.053129982
882	40.05394517855402	0.05330131
883	40.260051341151005	0.053246535
884	40.46615750374802	0.04050151
885	40.67226366634501	0.046030834
886	40.878369828942	0.06279507
887	41.084475991539016	0.07700782
888	41.290582154136004	0.048346862
889	41.49668831673302	0.053439725
890	41.70279447933001	0.05780043
891	41.908900641927	0.050531268
892	42.11500680452402	0.04642526
893	42.32111296712101	0.05967375
894	42.52721912971803	0.057235256
895	42.733325292315016	0.04782349
896	42.939431454912004	0.054626353
897	43.14553761750902	0.052928492
898	43.35164378010601	0.048799682
899	43.557749942703026	0.06435397
900	43.763856105300015	0.056582674
901	43.969962267897	0.046501398
902	44.17606843049402	0.05390034
903	44.38217459309101	0.055360552
904	44.588280755688	0.05079045
905	44.79438691828502	0.051748738
906	45.00049308088201	0.050346803
907	45.206599243479026	0.04282475
908	45.412705406076014	0.051366284
909	45.618811568673	0.056935463
910	45.82491773127002	0.050099026
911	46.03102389386701	0.050865266
912	46.237130056464025	0.05174319
913	46.44323621906101	0.054156512
914	46.649342381658	0.061470393
915	46.85544854425502	0.049330473
916	47.06155470685201	0.06538677
917	47.26766086944903	0.05975655
918	47.47376703204602	0.05588147
919	47.67987319464301	0.052410796
920	47.885979357240025	0.041017894
921	48.09208551983701	0.057950497
922	48.298191682434	0.065506235
923	48.50429784503102	0.03938407
924	48.71040400762801	0.05333884
925	48.916510170225024	0.0467289
926	49.12261633282201	0.06740893
927	49.328722495419	0.06481618
928	49.53482865801602	0.059019275
929	49.740934820613006	0.060802303
930	49.94704098321003	0.03949895
931	50.15314714580702	0.04406405
932	50.35925330840401	0.06803991
933	50.565359471001024	0.04814993
934	50.77146563359801	0.05303687
935	50.977571796195	0.059298962
936	51.18367795879202	0.060992997
937	51.389784121389006	0.050317895
938	51.59589028398602	0.05531294
939	51.80199644658301	0.05820728
940	52.00810260918	0.0431528
941	52.21420877177702	0.047069877
942	52.420314934374005	0.038015615
943	52.62642109697103	0.05885475
944	52.83252725956802	0.05918579
945	53.038633422165006	0.0587798
946	53.24473958476202	0.058395907
947	53.45084574735901	0.06475669
948	53.65695190995603	0.05717373
949	53.86305807255302	0.048135877
950	54.069164235150005	0.063896514
951	54.27527039774702	0.0484277
952	54.48137656034401	0.05599144
953	54.687482722941	0.051227853
954	54.893588885538016	0.055180877
955	55.099695048135004	0.058522068
956	55.30580121073203	0.05213666
957	55.51190737332902	0.062413037
958	55.718013535926005	0.050442606
959	55.92411969852302	0.058599576
960	56.13022586112001	0.050361115
961	56.33633202371703	0.048353493
962	56.542438186314016	0.056799244
963	56.748544348911004	0.06260712
964	56.95465051150802	0.05135688
965	57.16075667410501	0.050739422
966	57.366862836702026	0.052889552
967	57.572968999299015	0.052360326
968	57.779075161896	0.050740086
969	57.98518132449303	0.073248744
970	58.191287487090015	0.058171682
971	58.397393649687004	0.038388286
972	58.60349981228402	0.08122632
973	58.80960597488101	0.043093026
974	59.015712137478026	0.04369404
975	59.221818300075014	0.058365203
976	59.427924462672	0.0533391
977	59.63403062526902	0.057386942
978	59.84013678786601	0.06608076
979	60.046242950463025	0.037221637
980	60.25234911306001	0.048491515
981	60.458455275657	0.066638306
982	60.664561438254026	0.056886274
983	60.870667600851014	0.04547785
984	61.076773763448	0.04079521
985	61.28287992604502	0.053621136
986	61.48898608864201	0.05779675
987	61.695092251239025	0.06123153
988	61.90119841383601	0.07275728
989	62.107304576433	0.046131767
990	62.31341073903002	0.04831811
991	62.51951690162701	0.050455146
992	62.725623064224024	0.04018144
993	62.93172922682101	0.060249202
994	63.137835389418	0.038708445
995	63.343941552015025	0.044480357
996	63.55004771461201	0.062906526
997	63.75615387720903	0.054962955
998	63.96226003980602	0.05001361
999	64.168366202403	0.056050576
1000	64.37447236500002	0.054202065
1001	64.58057852759701	0.052470922
1002	64.786684690194	0.04940979
1003	64.99279085279102	0.04281048
1004	65.19889701538801	0.057016812
1005	65.40500317798502	0.058038626
1006	65.61110934058202	0.04228094
1007	65.817215503179	0.056699548
1008	66.02332166577602	0.053110607
1009	66.229427828373	0.053790826
1010	66.43553399097003	0.06243912
1011	66.64164015356701	0.056029957
1012	66.847746316164	0.054602154
1013	67.05385247876102	0.061500527
1014	67.25995864135801	0.048572637
1015	67.46606480395504	0.053867757
1016	67.67217096655202	0.05287285
1017	67.87827712914901	0.057658877
1018	68.08438329174602	0.050430544
1019	68.29048945434302	0.043598365
1020	68.49659561694	0.054337554
1021	68.70270177953702	0.02479931
1022	68.908807942134	0.07097298
1023	69.11491410473103	0.05262452
1024	69.32102026732801	0.05653217
1025	69.527126429925	0.050735425
1026	69.73323259252201	0.06550729
1027	69.93933875511901	0.060497195
1028	70.14544491771603	0.06693807
1029	70.35155108031302	0.055858854
1030	70.55765724291001	0.061666477
1031	70.76376340550702	0.03998208
1032	70.96986956810402	0.056394905
1033	71.175975730701	0.055201203
1034	71.38208189329802	0.052538164
1035	71.588188055895	0.0488562
1036	71.79429421849203	0.039700773
1037	72.00040038108901	0.042615846
1038	72.206506543686	0.062694475
1039	72.41261270628301	0.068593875
1040	72.61871886888001	0.05649805
1041	72.82482503147703	0.06948761
1042	73.03093119407401	0.044681083
1043	73.23703735667101	0.06206096
1044	73.44314351926802	0.034578085
1045	73.64924968186502	0.048645817
1046	73.85535584446203	0.0522751
1047	74.06146200705902	0.0645544
1048	74.267568169656	0.05583207
1049	74.47367433225303	0.033715434
1050	74.67978049485001	0.05132294
1051	74.885886657447	0.05325543
1052	75.09199282004401	0.0631175
1053	75.29809898264101	0.041655626
1054	75.50420514523803	0.043448277
1055	75.71031130783501	0.05597876
1056	75.91641747043201	0.07904014
1057	76.12252363302902	0.047692403
1058	76.32862979562601	0.054248083
1059	76.53473595822302	0.065548286
1060	76.74084212082002	0.05068458
1061	76.946948283417	0.050571613
1062	77.15305444601402	0.07082604
1063	77.359160608611	0.06624576
1064	77.56526677120803	0.048801202
1065	77.77137293380501	0.043727998
1066	77.977479096402	0.07683991
1067	78.18358525899903	0.054122
1068	78.38969142159601	0.043029875
1069	78.59579758419301	0.045056105
1070	78.80190374679002	0.05256503
1071	79.00800990938701	0.06440144
1072	79.21411607198402	0.059326652
1073	79.42022223458102	0.048502687
1074	79.626328397178	0.063213624
1075	79.83243455977502	0.047613032
1076	80.038540722372	0.04719694
1077	80.24464688496903	0.06285493
1078	80.45075304756601	0.05397711
1079	80.656859210163	0.06356804
1080	80.86296537276003	0.059171066
1081	81.06907153535701	0.06288782
1082	81.275177697954	0.05348979
1083	81.48128386055102	0.052832644
1084	81.68739002314801	0.07151677
1085	81.89349618574502	0.042053815
1086	82.09960234834202	0.033032265
1087	82.305708510939	0.04679083
1088	82.51181467353602	0.051656045
1089	82.717920836133	0.051983856
1090	82.92402699873003	0.05026958
1091	83.13013316132701	0.046015996
1092	83.336239323924	0.041896574
1093	83.54234548652103	0.05673628
1094	83.74845164911801	0.06595065
1095	83.95455781171503	0.06974131
1096	84.16066397431202	0.061075248
1097	84.36677013690901	0.04310898
1098	84.57287629950602	0.048142135
1099	84.77898246210302	0.058209218
1100	84.9850886247	0.051262207
1101	85.19119478729702	0.05943343
1102	85.397300949894	0.059177727
1103	85.60340711249103	0.06660244
1104	85.80951327508801	0.0738005
1105	86.015619437685	0.047388393
1106	86.22172560028203	0.040439866
1107	86.42783176287901	0.06226554
1108	86.63393792547603	0.039633624
1109	86.84004408807301	0.057701524
1110	87.04615025067001	0.057066444
1111	87.25225641326702	0.07203692
1112	87.45836257586402	0.04370272
1113	87.66446873846103	0.056181714
1114	87.87057490105802	0.044347342
1115	88.076681063655	0.055483814
1116	88.28278722625203	0.067250274
1117	88.48889338884901	0.059486188
1118	88.694999551446	0.08386721
1119	88.90110571404303	0.064067446
1120	89.10721187664001	0.05494204
1121	89.31331803923703	0.043964203
1122	89.51942420183401	0.061285384
1123	89.72553036443101	0.04058206
1124	89.93163652702802	0.048302554
1125	90.13774268962501	0.06015656
1126	90.34384885222202	0.05501781
1127	90.54995501481902	0.050635118
1128	90.756061177416	0.06297665
1129	90.96216734001302	0.08334168
1130	91.16827350261	0.048623458
1131	91.374379665207	0.054093376
1132	91.58048582780403	0.05203375
1133	91.786591990401	0.045736015
1134	91.99269815299803	0.04949145
1135	92.19880431559501	0.064311326
1136	92.40491047819201	0.042633273
1137	92.61101664078902	0.057792682
1138	92.81712280338601	0.062755615
1139	93.02322896598302	0.039122492
1140	93.22933512858002	0.05449698
1141	93.435441291177	0.061855737
1142	93.64154745377402	0.042851873
1143	93.847653616371	0.061813485
1144	94.05375977896803	0.05460985
1145	94.25986594156502	0.053909406
1146	94.465972104162	0.0428664
1147	94.67207826675903	0.060494978
1148	94.87818442935601	0.032390192
1149	95.084290591953	0.056236155
1150	95.29039675455002	0.054820955
1151	95.49650291714701	0.056407936
1152	95.70260907974402	0.0670338
1153	95.90871524234102	0.058436587
1154	96.114821404938	0.06440555
1155	96.32092756753502	0.0526217
1156	96.527033730132	0.06228769
1157	96.73313989272903	0.049811076
1158	96.93924605532602	0.06196469
1159	97.145352217923	0.054284077
1160	97.35145838052003	0.04619671
1161	97.55756454311701	0.049542714
1162	97.76367070571403	0.04505899
1163	97.96977686831102	0.06480327
1164	98.17588303090801	0.048940297
1165	98.38198919350502	0.062429383
1166	98.58809535610202	0.043855287
1167	98.794201518699	0.048986133
1168	99.00030768129602	0.03439141
1169	99.206413843893	0.066633545
1170	99.41252000649003	0.04797015
1171	99.61862616908702	0.05245606
1172	99.824732331684	0.059361003
1173	100.03083849428103	0.042246144
1174	100.23694465687801	0.06755265
1175	100.44305081947503	0.05237609
1176	100.64915698207201	0.048004393
1177	100.85526314466901	0.06329462
1178	101.06136930726602	0.052896935
1179	101.26747546986302	0.046290457
1180	101.47358163246	0.04869107
1181	101.67968779505702	0.058401104
1182	101.885793957654	0.05010544
1183	102.09190012025103	0.05528216
1184	102.29800628284802	0.057350963
1185	102.504112445445	0.06528561
1186	102.71021860804203	0.06657997
1187	102.91632477063901	0.058304973
1188	103.12243093323603	0.059837874
1189	103.32853709583301	0.046836823
1190	103.53464325843001	0.058051713
1191	103.74074942102702	0.052049037
1192	103.94685558362401	0.06737703
1193	104.15296174622102	0.0587517
1194	104.35906790881802	0.052608356
1195	104.565174071415	0.037224256
1196	104.77128023401202	0.06271219
1197	104.97738639660902	0.039940134
1198	105.183492559206	0.04944937
1199	105.38959872180303	0.0359924
1200	105.5957048844	0.058598302
1201	105.80181104699703	0.050235614
1202	106.00791720959401	0.04727429
1203	106.21402337219101	0.049627647
1204	106.42012953478802	0.05983087
1205	106.62623569738501	0.04628986
1206	106.83234185998202	0.07386551
1207	107.03844802257902	0.05960826
1208	107.244554185176	0.055974565
1209	107.45066034777302	0.05423312
1210	107.65676651037002	0.05295763
1211	107.862872672967	0.052242026
1212	108.06897883556402	0.059299678
1213	108.275084998161	0.042531177
1214	108.48119116075803	0.05952144
1215	108.68729732335501	0.06812804
1216	108.893403485952	0.085067146
1217	109.09950964854902	0.0539277
1218	109.30561581114601	0.049586806
1219	109.51172197374302	0.053731233
1220	109.71782813634002	0.063985586
1221	109.923934298937	0.05284922
1222	110.13004046153402	0.04564787
1223	110.33614662413102	0.04147087
1224	110.54225278672803	0.04459318
1225	110.74835894932502	0.047747288
1226	110.954465111922	0.05909928
1227	111.16057127451903	0.04520387
1228	111.36667743711601	0.07434303
1229	111.572783599713	0.060197774
1230	111.77888976231002	0.038427256
1231	111.98499592490701	0.057537228
1232	112.19110208750402	0.05670615
1233	112.39720825010102	0.045271616
1234	112.603314412698	0.060172852
1235	112.80942057529502	0.049197935
1236	113.01552673789202	0.055435717
1237	113.22163290048903	0.060628626
1238	113.42773906308602	0.05283116
1239	113.633845225683	0.03892406
1240	113.83995138828003	0.04873046
1241	114.04605755087701	0.046668164
1242	114.25216371347403	0.052632686
1243	114.45826987607101	0.0670694
1244	114.66437603866801	0.062852636
1245	114.87048220126502	0.040586438
1246	115.07658836386202	0.06168238
1247	115.282694526459	0.048204955
1248	115.48880068905602	0.06074015
1249	115.69490685165302	0.06481354
1250	115.90101301425003	0.04646881
1251	116.10711917684702	0.052145056
1252	116.313225339444	0.058846388
1253	116.51933150204103	0.05721099
1254	116.72543766463801	0.03667227
1255	116.93154382723503	0.048831534
1256	117.13764998983201	0.052492205
1257	117.34375615242901	0.060319576
1258	117.54986231502602	0.07239328
1259	117.75596847762301	0.050983682
1260	117.96207464022	0.043544676
1261	118.16818080281702	0.045075852
1262	118.37428696541402	0.041976567
1263	118.58039312801102	0.065980375
1264	118.78649929060802	0.042145908
1265	118.992605453205	0.044336524
1266	119.19871161580203	0.057108715
1267	119.404817778399	0.040759083
1268	119.61092394099603	0.058760427
1269	119.81703010359301	0.050426103
1270	120.02313626619001	0.06488766
1271	120.22924242878702	0.044930153
1272	120.43534859138404	0.055864375
1273	120.641454753981	0.061562262
1274	120.84756091657802	0.053689126
1275	121.05366707917504	0.04177011
1276	121.259773241772	0.03918515
1277	121.46587940436902	0.080987394
1278	121.67198556696603	0.06533843
1279	121.878091729563	0.04001032
1280	122.08419789216	0.061293006
1281	122.29030405475703	0.054404333
1282	122.49641021735404	0.0501605
1283	122.702516379951	0.060142457
1284	122.90862254254802	0.04930697
1285	123.11472870514504	0.050784644
1286	123.320834867742	0.07397662
1287	123.52694103033902	0.082374744
1288	123.73304719293604	0.046072923
1289	123.939153355533	0.04143321
1290	124.14525951813002	0.05598598
1291	124.35136568072703	0.058024667
1292	124.557471843324	0.052816838
1293	124.763578005921	0.05417657
1294	124.96968416851803	0.058154352
1295	125.17579033111504	0.05261777
1296	125.381896493712	0.06020878
1297	125.58800265630902	0.057738267
1298	125.79410881890604	0.03155428
1299	126.00021498150299	0.05000618
1300	126.20632114410002	0.05100628
1301	126.41242730669704	0.073293775
1302	126.618533469294	0.051081352
1303	126.82463963189102	0.04918702
1304	127.03074579448803	0.06784181
1305	127.236851957085	0.04428397
1306	127.442958119682	0.053767055
1307	127.64906428227903	0.056298353
1308	127.85517044487604	0.0493405
1309	128.061276607473	0.046353653
1310	128.26738277007001	0.048607647
1311	128.47348893266704	0.053857777
1312	128.679595095264	0.060532562
1313	128.88570125786103	0.042349983
1314	129.09180742045803	0.045825906
1315	129.297913583055	0.056196053
1316	129.50401974565202	0.046300206
1317	129.71012590824904	0.06267625
1318	129.91623207084598	0.0517726
1319	130.122338233443	0.050659813
1320	130.32844439604003	0.06208241
1321	130.53455055863705	0.05081401
1322	130.740656721234	0.058112092
1323	130.946762883831	0.06335556
1324	131.15286904642804	0.048472736
1325	131.358975209025	0.060333885
1326	131.56508137162203	0.05549041
1327	131.77118753421902	0.051061794
1328	131.977293696816	0.044975117
1329	132.18339985941302	0.05788619
1330	132.38950602201004	0.046314016
1331	132.59561218460703	0.06762437
1332	132.801718347204	0.06384766
1333	133.00782450980103	0.064785585
1334	133.21393067239805	0.05196722
1335	133.420036834995	0.054326832
1336	133.626142997592	0.03092301
1337	133.83224916018904	0.066679716
1338	134.038355322786	0.065648586
1339	134.24446148538303	0.047432758
1340	134.45056764798002	0.04607504
1341	134.656673810577	0.048127584
1342	134.862779973174	0.061505772
1343	135.06888613577104	0.056002885
1344	135.27499229836803	0.045216396
1345	135.481098460965	0.05880221
1346	135.68720462356202	0.05782772
1347	135.89331078615905	0.053771194
1348	136.099416948756	0.04366883
1349	136.305523111353	0.058565296
1350	136.51162927395004	0.04846026
1351	136.717735436547	0.063730404
1352	136.92384159914403	0.04999412
1353	137.12994776174102	0.06389525
1354	137.336053924338	0.05745696
1355	137.542160086935	0.0461561
1356	137.74826624953204	0.047555313
1357	137.95437241212903	0.056251865
1358	138.160478574726	0.056014024
1359	138.36658473732302	0.045418598
1360	138.57269089992005	0.056679204
1361	138.778797062517	0.06970704
1362	138.984903225114	0.048642416
1363	139.19100938771103	0.05269716
1364	139.397115550308	0.058299787
1365	139.60322171290503	0.0512757
1366	139.80932787550202	0.06319328
1367	140.015434038099	0.06206379
1368	140.221540200696	0.0699622
1369	140.42764636329304	0.054028995
1370	140.63375252589003	0.056459434
1371	140.839858688487	0.05612795
1372	141.04596485108402	0.058921713
1373	141.25207101368105	0.05968617
1374	141.45817717627799	0.05962254
1375	141.664283338875	0.049055964
1376	141.87038950147203	0.059452295
1377	142.076495664069	0.05787953
1378	142.28260182666602	0.04136754
1379	142.48870798926302	0.045318794
1380	142.69481415186004	0.06530755
1381	142.900920314457	0.04247529
1382	143.10702647705403	0.057164453
1383	143.31313263965103	0.032008532
1384	143.519238802248	0.054978237
1385	143.72534496484502	0.056161415
1386	143.93145112744205	0.0581713
1387	144.13755729003898	0.05960848
1388	144.343663452636	0.053575464
1389	144.54976961523303	0.06575924
1390	144.75587577783	0.0594804
1391	144.96198194042702	0.04933966
1392	145.16808810302402	0.05337121
1393	145.37419426562104	0.07416761
1394	145.580300428218	0.050441876
1395	145.78640659081503	0.06707612
1396	145.99251275341203	0.05605748
1397	146.198618916009	0.05283621
1398	146.40472507860602	0.036123578
1399	146.61083124120304	0.056577183
1400	146.81693740379998	0.06275913
1401	147.023043566397	0.042960837
1402	147.22914972899403	0.043616973
1403	147.435255891591	0.05507275
1404	147.64136205418802	0.06569378
1405	147.84746821678502	0.0649168
1406	148.05357437938204	0.053679284
1407	148.259680541979	0.06597402
1408	148.46578670457603	0.04948354
1409	148.67189286717303	0.06669261
1410	148.87799902977	0.038531315
1411	149.08410519236702	0.051123857
1412	149.29021135496404	0.05358489
1413	149.49631751756098	0.07971601
1414	149.702423680158	0.050683916
1415	149.90852984275503	0.03849784
1416	150.114636005352	0.046083543
1417	150.32074216794902	0.041483697
1418	150.52684833054602	0.05242075
1419	150.73295449314304	0.05415052
1420	150.93906065574	0.061890535
1421	151.14516681833703	0.06425546
1422	151.35127298093403	0.052955598
1423	151.557379143531	0.06538754
1424	151.76348530612802	0.05613022
1425	151.96959146872504	0.06340447
1426	152.17569763132198	0.069936186
1427	152.381803793919	0.055326805
1428	152.58790995651603	0.044324182
1429	152.79401611911305	0.05039094
1430	153.00012228171002	0.042396758
1431	153.20622844430702	0.05885207
1432	153.41233460690404	0.04405874
1433	153.618440769501	0.059680328
1434	153.82454693209803	0.051206972
1435	154.03065309469503	0.04450303
1436	154.236759257292	0.05776078
1437	154.44286541988902	0.05736528
1438	154.64897158248604	0.049523875
1439	154.85507774508298	0.05252651
1440	155.06118390768	0.062128562
1441	155.26729007027703	0.049791157
1442	155.47339623287405	0.043806233
1443	155.67950239547102	0.033448078
1444	155.88560855806801	0.04609663
1445	156.09171472066504	0.062139787
1446	156.297820883262	0.035211883
1447	156.50392704585903	0.056690864
1448	156.71003320845603	0.05915453
1449	156.916139371053	0.059346706
1450	157.12224553365002	0.06495555
1451	157.32835169624704	0.053651225
1452	157.53445785884398	0.04394911
1453	157.740564021441	0.08124818
1454	157.94667018403803	0.05868196
1455	158.15277634663505	0.05383607
1456	158.35888250923202	0.041111115
1457	158.564988671829	0.06880146
1458	158.77109483442604	0.05995976
1459	158.977200997023	0.06500731
1460	159.18330715962003	0.053449366
1461	159.38941332221702	0.04511195
1462	159.595519484814	0.04583565
1463	159.80162564741102	0.052386776
1464	160.00773181000804	0.05302851
1465	160.21383797260498	0.06658878
1466	160.419944135202	0.059865978
1467	160.62605029779903	0.057307027
1468	160.83215646039605	0.047722604
1469	161.03826262299302	0.06798792
1470	161.24436878559	0.05530131
1471	161.45047494818704	0.062154025
1472	161.656581110784	0.03997964
1473	161.86268727338103	0.041290607
1474	162.06879343597802	0.04380551
1475	162.274899598575	0.048534244
1476	162.481005761172	0.054807164
1477	162.68711192376904	0.061950576
1478	162.89321808636603	0.039553873
1479	163.099324248963	0.05898153
1480	163.30543041156002	0.045710552
1481	163.51153657415705	0.05777813
1482	163.71764273675402	0.05332283
1483	163.923748899351	0.04631476
1484	164.12985506194804	0.0605217
1485	164.335961224545	0.051030505
1486	164.54206738714203	0.04521688
1487	164.74817354973902	0.062066216
1488	164.954279712336	0.0533354
1489	165.160385874933	0.04810427
1490	165.36649203753004	0.04640121
1491	165.57259820012703	0.06181173
1492	165.778704362724	0.049013734
1493	165.98481052532102	0.055151742
1494	166.19091668791805	0.075640514
1495	166.39702285051501	0.06481073
1496	166.603129013112	0.06696729
1497	166.80923517570903	0.057100352
1498	167.015341338306	0.06320046
1499	167.22144750090303	0.060940143
