	velocity	Amplitude
0	-139.38855126800001	0.5551759
1	-139.182446715541	0.5785097
2	-138.976342163082	0.5379957
3	-138.770237610623	0.5377966
4	-138.564133058164	0.5827334
5	-138.358028505705	0.58411723
6	-138.151923953246	0.56077516
7	-137.945819400787	0.570126
8	-137.739714848328	0.5963376
9	-137.533610295869	0.56684124
10	-137.32750574341	0.56733537
11	-137.121401190951	0.5841176
12	-136.915296638492	0.55683315
13	-136.709192086033	0.57308453
14	-136.503087533574	0.5440732
15	-136.296982981115	0.56365263
16	-136.090878428656	0.5577805
17	-135.884773876197	0.546301
18	-135.67866932373803	0.51640624
19	-135.47256477127902	0.5798293
20	-135.26646021882001	0.57519364
21	-135.06035566636103	0.5540459
22	-134.85425111390202	0.5249399
23	-134.648146561443	0.56057256
24	-134.44204200898403	0.5971686
25	-134.23593745652502	0.5816504
26	-134.029832904066	0.56328887
27	-133.82372835160703	0.5245629
28	-133.61762379914802	0.54905754
29	-133.411519246689	0.5258231
30	-133.20541469423	0.6003461
31	-132.99931014177102	0.5545018
32	-132.793205589312	0.60117
33	-132.587101036853	0.54949164
34	-132.38099648439402	0.55631304
35	-132.174891931935	0.58396167
36	-131.968787379476	0.54528767
37	-131.76268282701702	0.54179937
38	-131.556578274558	0.53851974
39	-131.350473722099	0.5419136
40	-131.14436916964002	0.5683434
41	-130.938264617181	0.5633224
42	-130.732160064722	0.56027865
43	-130.526055512263	0.5275035
44	-130.319950959804	0.56370467
45	-130.11384640734502	0.56088614
46	-129.907741854886	0.5711285
47	-129.701637302427	0.5721714
48	-129.49553274996802	0.58196485
49	-129.289428197509	0.5940624
50	-129.08332364505	0.54787356
51	-128.87721909259102	0.57644236
52	-128.671114540132	0.5285625
53	-128.465009987673	0.582387
54	-128.25890543521402	0.54217446
55	-128.052800882755	0.53287053
56	-127.84669633029601	0.54656875
57	-127.640591777837	0.56915736
58	-127.434487225378	0.50890595
59	-127.22838267291903	0.500957
60	-127.02227812046002	0.5813488
61	-126.81617356800102	0.5928631
62	-126.61006901554201	0.6062234
63	-126.40396446308301	0.56122154
64	-126.19785991062402	0.579004
65	-125.99175535816501	0.5591027
66	-125.78565080570601	0.5388462
67	-125.57954625324702	0.5720109
68	-125.373441700788	0.5657583
69	-125.16733714832901	0.5663829
70	-124.96123259587002	0.568426
71	-124.755128043411	0.53463537
72	-124.54902349095201	0.57155377
73	-124.342918938493	0.55161613
74	-124.136814386034	0.57654774
75	-123.93070983357501	0.57999045
76	-123.724605281116	0.58715564
77	-123.518500728657	0.5586603
78	-123.31239617619802	0.5853027
79	-123.10629162373901	0.5564096
80	-122.90018707128002	0.54349816
81	-122.69408251882102	0.58769435
82	-122.48797796636201	0.56693256
83	-122.28187341390301	0.5522826
84	-122.07576886144402	0.5520094
85	-121.86966430898501	0.5495969
86	-121.66355975652601	0.59509814
87	-121.457455204067	0.60075396
88	-121.251350651608	0.56392443
89	-121.04524609914901	0.58928275
90	-120.83914154669	0.5487996
91	-120.633036994231	0.5886065
92	-120.42693244177202	0.5473114
93	-120.22082788931301	0.5704657
94	-120.01472333685402	0.57647
95	-119.80861878439502	0.5943613
96	-119.60251423193601	0.55765116
97	-119.39640967947702	0.5730049
98	-119.19030512701802	0.531822
99	-118.98420057455901	0.56372166
100	-118.77809602210002	0.55947876
101	-118.571991469641	0.5664657
102	-118.36588691718201	0.56779104
103	-118.15978236472301	0.53613174
104	-117.953677812264	0.57915074
105	-117.74757325980501	0.50391114
106	-117.54146870734601	0.5410134
107	-117.335364154887	0.5586172
108	-117.12925960242801	0.54917544
109	-116.92315504996901	0.54066396
110	-116.71705049751	0.55606884
111	-116.510945945051	0.553901
112	-116.30484139259201	0.51599705
113	-116.098736840133	0.5086984
114	-115.89263228767402	0.5854962
115	-115.68652773521501	0.5659433
116	-115.48042318275601	0.58340424
117	-115.27431863029702	0.61134106
118	-115.06821407783801	0.5522426
119	-114.86210952537901	0.5780218
120	-114.65600497292002	0.5581031
121	-114.449900420461	0.53901184
122	-114.24379586800201	0.5752492
123	-114.03769131554301	0.6130304
124	-113.831586763084	0.5441497
125	-113.62548221062501	0.5505969
126	-113.41937765816603	0.564702
127	-113.21327310570702	0.51644874
128	-113.00716855324802	0.54713625
129	-112.80106400078901	0.5737934
130	-112.59495944833002	0.52958035
131	-112.38885489587102	0.5469279
132	-112.18275034341201	0.5989005
133	-111.97664579095301	0.5388869
134	-111.77054123849402	0.5432966
135	-111.56443668603501	0.5505062
136	-111.35833213357601	0.56546426
137	-111.15222758111702	0.57136005
138	-110.94612302865801	0.5668891
139	-110.74001847619901	0.5838127
140	-110.53391392374	0.5683567
141	-110.327809371281	0.5768161
142	-110.12170481882201	0.58954644
143	-109.915600266363	0.5861429
144	-109.709495713904	0.5085357
145	-109.50339116144501	0.561153
146	-109.297286608986	0.54009587
147	-109.091182056527	0.5598244
148	-108.88507750406802	0.55049855
149	-108.67897295160901	0.6566925
150	-108.47286839915002	0.5380105
151	-108.26676384669102	0.54789996
152	-108.06065929423201	0.61341053
153	-107.85455474177301	0.58854043
154	-107.648450189314	0.5568097
155	-107.44234563685501	0.5649828
156	-107.23624108439601	0.55201507
157	-107.030136531937	0.5163615
158	-106.82403197947801	0.5406448
159	-106.61792742701903	0.55992585
160	-106.41182287456002	0.5607771
161	-106.20571832210102	0.54155403
162	-105.99961376964202	0.5381497
163	-105.79350921718301	0.54365927
164	-105.58740466472402	0.54942685
165	-105.38130011226502	0.5431542
166	-105.17519555980601	0.5617819
167	-104.96909100734702	0.54536533
168	-104.76298645488801	0.5569642
169	-104.55688190242901	0.57101625
170	-104.35077734997002	0.5091232
171	-104.144672797511	0.53754413
172	-103.93856824505201	0.5368583
173	-103.73246369259302	0.56513673
174	-103.526359140134	0.51151913
175	-103.32025458767501	0.55815333
176	-103.11415003521601	0.5704813
177	-102.908045482757	0.5942364
178	-102.70194093029801	0.5826122
179	-102.495836377839	0.5477512
180	-102.28973182538	0.554188
181	-102.083627272921	0.58473194
182	-101.877522720462	0.523561
183	-101.671418168003	0.5684085
184	-101.46531361554402	0.57512236
185	-101.25920906308501	0.5337883
186	-101.05310451062601	0.56180495
187	-100.84699995816702	0.5676771
188	-100.64089540570801	0.59043926
189	-100.43479085324901	0.6414249
190	-100.22868630079002	0.53082347
191	-100.022581748331	0.5821848
192	-99.81647719587201	0.5667772
193	-99.61037264341302	0.5376585
194	-99.40426809095402	0.58880067
195	-99.19816353849502	0.53078616
196	-98.99205898603601	0.5373048
197	-98.78595443357702	0.5612391
198	-98.57984988111802	0.5650579
199	-98.37374532865901	0.53755385
200	-98.16764077620002	0.5348982
201	-97.96153622374102	0.5990605
202	-97.75543167128201	0.552818
203	-97.54932711882302	0.5259824
204	-97.34322256636402	0.5524912
205	-97.13711801390501	0.5672816
206	-96.93101346144601	0.5603283
207	-96.724908908987	0.60863245
208	-96.51880435652801	0.5578588
209	-96.31269980406901	0.5389464
210	-96.10659525161	0.516829
211	-95.900490699151	0.54278827
212	-95.69438614669201	0.55514073
213	-95.488281594233	0.56188285
214	-95.282177041774	0.54371697
215	-95.07607248931501	0.6061475
216	-94.869967936856	0.56460196
217	-94.663863384397	0.5657058
218	-94.45775883193802	0.5388534
219	-94.25165427947901	0.5880085
220	-94.04554972702002	0.57971853
221	-93.839445174561	0.5776201
222	-93.63334062210201	0.5544388
223	-93.42723606964302	0.5738569
224	-93.221131517184	0.5714875
225	-93.01502696472501	0.54273665
226	-92.80892241226601	0.5404621
227	-92.60281785980702	0.58649325
228	-92.39671330734802	0.5789476
229	-92.19060875488903	0.56980187
230	-91.98450420243002	0.58155394
231	-91.77839964997102	0.5838324
232	-91.57229509751201	0.5527262
233	-91.36619054505302	0.56510276
234	-91.16008599259402	0.58808327
235	-90.95398144013501	0.5508115
236	-90.74787688767601	0.5688357
237	-90.54177233521702	0.53519017
238	-90.33566778275801	0.5798875
239	-90.12956323029901	0.5811916
240	-89.92345867784002	0.5600938
241	-89.71735412538101	0.58284295
242	-89.51124957292201	0.555129
243	-89.30514502046302	0.6115317
244	-89.099040468004	0.56537825
245	-88.89293591554501	0.56852
246	-88.686831363086	0.54905653
247	-88.480726810627	0.5357309
248	-88.27462225816801	0.5299041
249	-88.068517705709	0.5624907
250	-87.86241315325	0.5563694
251	-87.65630860079101	0.6078573
252	-87.45020404833201	0.5387717
253	-87.24409949587302	0.5546006
254	-87.03799494341402	0.5518141
255	-86.83189039095501	0.5593435
256	-86.62578583849601	0.5576483
257	-86.41968128603702	0.58115315
258	-86.21357673357801	0.5724978
259	-86.00747218111901	0.5710548
260	-85.80136762866	0.5938037
261	-85.59526307620102	0.57565343
262	-85.38915852374203	0.5549611
263	-85.18305397128302	0.56451124
264	-84.97694941882402	0.578472
265	-84.77084486636502	0.61461216
266	-84.56474031390601	0.5561903
267	-84.35863576144702	0.5477245
268	-84.15253120898802	0.5540946
269	-83.94642665652901	0.526231
270	-83.74032210407002	0.6154086
271	-83.53421755161102	0.5904039
272	-83.32811299915201	0.5925368
273	-83.12200844669302	0.57153976
274	-82.915903894234	0.5704007
275	-82.70979934177501	0.60808176
276	-82.50369478931601	0.582859
277	-82.297590236857	0.5105552
278	-82.09148568439801	0.5898135
279	-81.88538113193901	0.6100927
280	-81.67927657948	0.62460893
281	-81.47317202702101	0.555185
282	-81.26706747456201	0.5666981
283	-81.060962922103	0.545304
284	-80.854858369644	0.5464117
285	-80.648753817185	0.6044459
286	-80.44264926472601	0.5252574
287	-80.23654471226702	0.54424614
288	-80.03044015980801	0.56753117
289	-79.82433560734901	0.49716395
290	-79.61823105489002	0.5307331
291	-79.41212650243101	0.58734226
292	-79.20602194997201	0.54454607
293	-78.99991739751302	0.5792722
294	-78.793812845054	0.5640864
295	-78.58770829259502	0.5844783
296	-78.38160374013603	0.579851
297	-78.17549918767702	0.5242502
298	-77.96939463521802	0.503744
299	-77.76329008275901	0.56923133
300	-77.55718553030002	0.58279276
301	-77.35108097784102	0.581115
302	-77.14497642538201	0.58343464
303	-76.93887187292302	0.52577585
304	-76.73276732046402	0.57832164
305	-76.52666276800501	0.5558382
306	-76.32055821554601	0.53814095
307	-76.11445366308702	0.502259
308	-75.90834911062801	0.5409978
309	-75.70224455816901	0.56005216
310	-75.49614000571002	0.52899057
311	-75.29003545325101	0.5891716
312	-75.08393090079201	0.5720093
313	-74.877826348333	0.5583036
314	-74.671721795874	0.53087735
315	-74.46561724341501	0.59720814
316	-74.259512690956	0.58096004
317	-74.053408138497	0.5586124
318	-73.84730358603802	0.54949355
319	-73.64119903357901	0.58376044
320	-73.43509448112002	0.5454812
321	-73.22898992866102	0.5314481
322	-73.02288537620201	0.5788533
323	-72.81678082374302	0.568176
324	-72.610676271284	0.5690237
325	-72.40457171882501	0.52385134
326	-72.19846716636602	0.5110609
327	-71.992362613907	0.5442743
328	-71.78625806144801	0.5742286
329	-71.58015350898901	0.5842698
330	-71.37404895653	0.5676
331	-71.16794440407101	0.56843233
332	-70.96183985161201	0.5602076
333	-70.75573529915302	0.6056801
334	-70.54963074669402	0.5775809
335	-70.34352619423503	0.53478926
336	-70.13742164177602	0.57840717
337	-69.93131708931702	0.53456026
338	-69.72521253685801	0.5599199
339	-69.51910798439901	0.52125025
340	-69.31300343194002	0.53787917
341	-69.10689887948101	0.5157952
342	-68.90079432702201	0.62883174
343	-68.69468977456302	0.5771596
344	-68.488585222104	0.561714
345	-68.28248066964501	0.52264565
346	-68.07637611718602	0.53369766
347	-67.870271564727	0.5632531
348	-67.66416701226801	0.58676904
349	-67.45806245980901	0.53780955
350	-67.25195790735002	0.56235397
351	-67.04585335489102	0.5905021
352	-66.83974880243201	0.5719004
353	-66.63364424997302	0.56116855
354	-66.42753969751402	0.56544155
355	-66.22143514505501	0.6002066
356	-66.01533059259602	0.53570426
357	-65.80922604013702	0.547898
358	-65.60312148767801	0.5570834
359	-65.39701693521901	0.5547169
360	-65.19091238276002	0.5197717
361	-64.98480783030101	0.51791847
362	-64.77870327784201	0.63689333
363	-64.57259872538302	0.546348
364	-64.366494172924	0.539525
365	-64.16038962046501	0.57055753
366	-63.95428506800601	0.5614184
367	-63.74818051554702	0.57347333
368	-63.54207596308802	0.6130166
369	-63.33597141062902	0.55013883
370	-63.12986685817002	0.579924
371	-62.923762305711016	0.549025
372	-62.71765775325202	0.55860406
373	-62.51155320079302	0.5510206
374	-62.305448648334014	0.5467404
375	-62.09934409587501	0.5911119
376	-61.893239543416016	0.54111993
377	-61.68713499095701	0.54684365
378	-61.48103043849801	0.5256319
379	-61.274925886039014	0.59337807
380	-61.06882133358001	0.5672395
381	-60.86271678112101	0.54086906
382	-60.656612228662006	0.5598831
383	-60.45050767620301	0.5208561
384	-60.24440312374401	0.55833286
385	-60.03829857128502	0.5578916
386	-59.83219401882602	0.5466041
387	-59.62608946636702	0.55947256
388	-59.41998491390802	0.5670078
389	-59.213880361449014	0.5414973
390	-59.00777580899002	0.603652
391	-58.801671256531016	0.5767668
392	-58.59556670407201	0.5663292
393	-58.38946215161302	0.6133451
394	-58.183357599154014	0.5793226
395	-57.97725304669501	0.5721063
396	-57.77114849423601	0.5529838
397	-57.56504394177701	0.56567544
398	-57.35893938931801	0.54161745
399	-57.15283483685901	0.5591721
400	-56.946730284400005	0.54169333
401	-56.74062573194101	0.59199995
402	-56.53452117948202	0.5251598
403	-56.32841662702302	0.58692646
404	-56.12231207456402	0.5271047
405	-55.91620752210502	0.5599799
406	-55.710102969646016	0.59434247
407	-55.50399841718701	0.5756722
408	-55.29789386472802	0.57083464
409	-55.091789312269015	0.6142527
410	-54.88568475981001	0.51422995
411	-54.679580207351016	0.57995874
412	-54.47347565489201	0.5618404
413	-54.26737110243301	0.5521276
414	-54.06126654997401	0.5776536
415	-53.85516199751501	0.57936203
416	-53.64905744505601	0.5904113
417	-53.442952892597006	0.57010436
418	-53.23684834013801	0.5959234
419	-53.03074378767902	0.60491306
420	-52.82463923522002	0.5874516
421	-52.618534682761016	0.5483404
422	-52.41243013030202	0.5461444
423	-52.20632557784302	0.55814016
424	-52.000221025384015	0.56838566
425	-51.79411647292502	0.56440115
426	-51.588011920466016	0.61158764
427	-51.38190736800701	0.5968919
428	-51.17580281554801	0.5648439
429	-50.969698263089015	0.5640462
430	-50.76359371063001	0.58309793
431	-50.55748915817101	0.5899409
432	-50.35138460571201	0.5794504
433	-50.14528005325301	0.5782113
434	-49.93917550079401	0.56380755
435	-49.733070948335005	0.5683426
436	-49.52696639587602	0.5373955
437	-49.32086184341702	0.6158797
438	-49.11475729095802	0.5455295
439	-48.90865273849902	0.5575047
440	-48.70254818604002	0.57576877
441	-48.496443633581016	0.5842813
442	-48.29033908112201	0.5559381
443	-48.08423452866302	0.5788841
444	-47.878129976204015	0.57618415
445	-47.67202542374501	0.52926934
446	-47.46592087128601	0.5401387
447	-47.25981631882701	0.5371413
448	-47.05371176636801	0.5390689
449	-46.84760721390901	0.6036543
450	-46.64150266145001	0.5612023
451	-46.43539810899101	0.56215787
452	-46.22929355653201	0.5543967
453	-46.02318900407302	0.59414935
454	-45.81708445161402	0.5230217
455	-45.61097989915502	0.5928794
456	-45.404875346696016	0.51922923
457	-45.19877079423702	0.57309586
458	-44.99266624177802	0.5955988
459	-44.786561689319015	0.5767695
460	-44.58045713686001	0.5305417
461	-44.37435258440102	0.54167265
462	-44.168248031942014	0.5855122
463	-43.96214347948301	0.5565559
464	-43.756038927024015	0.5758863
465	-43.54993437456501	0.56983405
466	-43.34382982210601	0.5919809
467	-43.13772526964701	0.6151609
468	-42.93162071718801	0.5423646
469	-42.72551616472901	0.5656107
470	-42.51941161227002	0.59723675
471	-42.313307059811024	0.52220803
472	-42.10720250735202	0.53761566
473	-41.90109795489302	0.5813447
474	-41.694993402434015	0.55831045
475	-41.48888884997502	0.5669541
476	-41.28278429751602	0.5604633
477	-41.076679745057014	0.59893763
478	-40.87057519259802	0.5804876
479	-40.664470640139015	0.5443655
480	-40.45836608768001	0.5743207
481	-40.25226153522101	0.5591318
482	-40.046156982762014	0.63217413
483	-39.84005243030301	0.5395464
484	-39.63394787784401	0.5603764
485	-39.42784332538501	0.5631753
486	-39.22173877292601	0.57083255
487	-39.01563422046702	0.4982458
488	-38.80952966800802	0.5971272
489	-38.60342511554902	0.50366056
490	-38.39732056309002	0.584782
491	-38.19121601063102	0.59222025
492	-37.98511145817202	0.5609163
493	-37.77900690571302	0.5622396
494	-37.572902353254015	0.54909563
495	-37.36679780079501	0.56718963
496	-37.16069324833602	0.5686323
497	-36.954588695877014	0.58691263
498	-36.74848414341801	0.5418496
499	-36.54237959095901	0.57858884
500	-36.33627503850001	0.602823
501	-36.13017048604101	0.56879795
502	-35.92406593358201	0.5853676
503	-35.71796138112301	0.53384876
504	-35.51185682866402	0.5451881
505	-35.30575227620502	0.52012444
506	-35.09964772374602	0.58314663
507	-34.89354317128702	0.5796881
508	-34.68743861882802	0.5703467
509	-34.481334066369016	0.5350982
510	-34.27522951391002	0.5607282
511	-34.06912496145102	0.5410165
512	-33.863020408992014	0.59184027
513	-33.65691585653301	0.562708
514	-33.450811304074016	0.5508908
515	-33.24470675161501	0.60252124
516	-33.03860219915601	0.5370588
517	-32.832497646697014	0.5514584
518	-32.62639309423801	0.5625508
519	-32.42028854177901	0.55173075
520	-32.214183989320006	0.54640764
521	-32.008079436861024	0.55565417
522	-31.80197488440202	0.5512958
523	-31.595870331943022	0.57605577
524	-31.38976577948402	0.56164914
525	-31.18366122702502	0.59236085
526	-30.977556674566017	0.50576055
527	-30.771452122107018	0.58098334
528	-30.565347569648015	0.5261652
529	-30.359243017189016	0.56914634
530	-30.153138464730013	0.57273096
531	-29.947033912271014	0.54176646
532	-29.740929359812014	0.5309209
533	-29.53482480735301	0.53883725
534	-29.328720254894012	0.5764596
535	-29.12261570243501	0.54282945
536	-28.91651114997601	0.5732954
537	-28.710406597517007	0.5693636
538	-28.504302045058022	0.5947366
539	-28.298197492599023	0.5278255
540	-28.09209294014002	0.5361876
541	-27.88598838768102	0.5660564
542	-27.679883835222018	0.5905484
543	-27.47377928276302	0.552115
544	-27.267674730304016	0.52782816
545	-27.061570177845017	0.59412646
546	-26.855465625386017	0.5312002
547	-26.649361072927015	0.5686781
548	-26.443256520468015	0.5278107
549	-26.237151968009012	0.6105196
550	-26.031047415550013	0.55874985
551	-25.82494286309101	0.59058684
552	-25.61883831063201	0.5848771
553	-25.412733758173008	0.5360939
554	-25.20662920571401	0.50586677
555	-25.000524653255024	0.54711396
556	-24.79442010079602	0.5661739
557	-24.58831554833702	0.5921249
558	-24.38221099587802	0.59257257
559	-24.17610644341902	0.5487166
560	-23.970001890960017	0.5548586
561	-23.763897338501017	0.58406746
562	-23.557792786042018	0.5750968
563	-23.351688233583015	0.5595022
564	-23.145583681124016	0.5574404
565	-22.939479128665013	0.5715035
566	-22.733374576206014	0.54004145
567	-22.52727002374701	0.61923844
568	-22.321165471288012	0.5688979
569	-22.115060918829013	0.6126155
570	-21.90895636637001	0.60452986
571	-21.70285181391101	0.5378946
572	-21.496747261452022	0.54857606
573	-21.290642708993023	0.5792983
574	-21.08453815653402	0.59597653
575	-20.87843360407502	0.5777525
576	-20.67232905161602	0.58635473
577	-20.46622449915702	0.5292171
578	-20.26011994669802	0.56960934
579	-20.054015394239016	0.6409928
580	-19.847910841780017	0.58781296
581	-19.641806289321014	0.60691404
582	-19.435701736862015	0.52513415
583	-19.229597184403012	0.55200845
584	-19.023492631944013	0.5365385
585	-18.817388079485013	0.55342376
586	-18.61128352702601	0.5384234
587	-18.40517897456701	0.55500865
588	-18.19907442210801	0.5584414
589	-17.992969869649023	0.5981233
590	-17.78686531719002	0.5712306
591	-17.58076076473102	0.5403198
592	-17.374656212272022	0.53444827
593	-17.16855165981302	0.52065617
594	-16.96244710735402	0.56157917
595	-16.756342554895017	0.5991635
596	-16.550238002436018	0.55999637
597	-16.344133449977015	0.5799918
598	-16.138028897518016	0.5631568
599	-15.931924345059015	0.53608924
600	-15.725819792600014	0.5495442
601	-15.519715240141013	0.54637367
602	-15.313610687682012	0.5147627
603	-15.107506135223012	0.5648554
604	-14.901401582764011	0.5458801
605	-14.69529703030501	0.5587512
606	-14.489192477846023	0.5510463
607	-14.283087925387022	0.55957586
608	-14.076983372928021	0.6434925
609	-13.87087882046902	0.54574096
610	-13.66477426801002	0.5316389
611	-13.45866971555102	0.5985411
612	-13.252565163092019	0.5386775
613	-13.046460610633018	0.5578057
614	-12.840356058174017	0.57996404
615	-12.634251505715016	0.54440033
616	-12.428146953256014	0.51710933
617	-12.222042400797013	0.58986884
618	-12.015937848338014	0.58454216
619	-11.809833295879013	0.5493913
620	-11.603728743420012	0.5273786
621	-11.397624190961011	0.5291957
622	-11.19151963850201	0.49336654
623	-10.985415086043023	0.54759145
624	-10.779310533584022	0.5997181
625	-10.573205981125023	0.5718991
626	-10.367101428666022	0.5332452
627	-10.16099687620702	0.5057578
628	-9.95489232374802	0.59092546
629	-9.748787771289019	0.5845437
630	-9.542683218830017	0.54065126
631	-9.336578666371016	0.5285472
632	-9.130474113912015	0.53153116
633	-8.924369561453016	0.5082144
634	-8.718265008994015	0.59032893
635	-8.512160456535014	0.52437186
636	-8.306055904076027	0.52056736
637	-8.099951351617026	0.54191446
638	-7.893846799158026	0.5849599
639	-7.687742246699025	0.512326
640	-7.481637694240024	0.57151425
641	-7.275533141781023	0.59665537
642	-7.069428589322023	0.5083917
643	-6.8633240368630215	0.5146935
644	-6.6572194844040204	0.5534112
645	-6.451114931945019	0.5071286
646	-6.245010379486019	0.5177013
647	-6.038905827027018	0.5827892
648	-5.832801274568017	0.53549784
649	-5.626696722109016	0.5970636
650	-5.420592169650015	0.5201489
651	-5.214487617191015	0.5834592
652	-5.008383064732014	0.59396785
653	-4.802278512273013	0.53852516
654	-4.596173959814012	0.5300078
655	-4.3900694073550115	0.5831543
656	-4.18396485489601	0.49960756
657	-3.9778603024370094	0.5259777
658	-3.7717557499780088	0.5057275
659	-3.5656511975190077	0.51826596
660	-3.359546645060007	0.4956421
661	-3.153442092601006	0.6181582
662	-2.9473375401420054	0.6291424
663	-2.7412329876830044	0.5794835
664	-2.5351284352240038	0.58292896
665	-2.3290238827650027	0.5111932
666	-2.122919330306031	0.516104
667	-1.9168147778470301	0.5003506
668	-1.7107102253880293	0.5976564
669	-1.5046056729290285	0.5267592
670	-1.2985011204700276	0.53106177
671	-1.0923965680110268	0.5861085
672	-0.886292015552026	0.5365551
673	-0.6801874630930251	0.5470958
674	-0.4740829106340243	0.569368
675	-0.26797835817502347	0.5602872
676	-0.06187380571602261	0.47274202
677	0.14423074674297823	0.59998935
678	0.3503352992019791	0.61324894
679	0.5564398516609799	0.58050823
680	0.7625444041199807	0.54637945
681	0.9686489565789816	0.5469157
682	1.1747535090379824	0.5724502
683	1.3808580614969832	0.5291744
684	1.586962613955984	0.56393206
685	1.7930671664149849	0.5742466
686	1.9991717188739857	0.55464965
687	2.2052762713329868	0.51493376
688	2.4113808237919874	0.5107149
689	2.6174853762509884	0.5655661
690	2.823589928709989	0.5069104
691	3.02969448116899	0.57571656
692	3.2357990336279907	0.5888065
693	3.4419035860869918	0.56184506
694	3.6480081385459924	0.5290697
695	3.8541126910049934	0.54436976
696	4.0602172434639945	0.56438947
697	4.266321795922995	0.5922554
698	4.472426348381996	0.54094565
699	4.678530900840997	0.56383693
700	4.8846354532999685	0.5723437
701	5.09074000575897	0.5232455
702	5.296844558217971	0.56264675
703	5.502949110676971	0.54080594
704	5.709053663135972	0.5726641
705	5.915158215594973	0.5408088
706	6.121262768053974	0.5327201
707	6.327367320512974	0.5823034
708	6.533471872971975	0.5659595
709	6.739576425430976	0.564596
710	6.945680977889977	0.58683556
711	7.1517855303489775	0.54226476
712	7.3578900828079785	0.51514095
713	7.56399463526698	0.57447714
714	7.770099187725981	0.54078776
715	7.976203740184981	0.58000594
716	8.182308292643983	0.52907467
717	8.388412845102982	0.5431081
718	8.594517397561983	0.5849414
719	8.800621950020984	0.50620806
720	9.006726502479985	0.5742995
721	9.212831054938986	0.5143585
722	9.418935607397987	0.5692721
723	9.625040159856988	0.5452886
724	9.83114471231599	0.5565125
725	10.037249264774989	0.60849065
726	10.24335381723399	0.57153314
727	10.44945836969299	0.5554032
728	10.655562922151992	0.5865042
729	10.861667474610993	0.5219819
730	11.067772027069994	0.5675456
731	11.273876579528995	0.54272074
732	11.479981131987996	0.55166876
733	11.686085684446997	0.545339
734	11.892190236905968	0.5462918
735	12.098294789364969	0.57949567
736	12.30439934182397	0.57060784
737	12.510503894282971	0.5489314
738	12.716608446741972	0.55303097
739	12.922712999200971	0.54757434
740	13.128817551659973	0.5571372
741	13.334922104118974	0.55550957
742	13.541026656577975	0.55005
743	13.747131209036976	0.51575357
744	13.953235761495977	0.4981154
745	14.159340313954978	0.5820792
746	14.365444866413979	0.51639545
747	14.571549418872978	0.56631744
748	14.77765397133198	0.5327925
749	14.98375852379098	0.54897875
750	15.189863076249981	0.5429691
751	15.395967628708982	0.56714714
752	15.602072181167983	0.5632372
753	15.808176733626985	0.5730083
754	16.014281286085986	0.53986037
755	16.220385838544985	0.5672306
756	16.426490391003988	0.5335237
757	16.632594943462987	0.5982715
758	16.83869949592199	0.5862038
759	17.04480404838099	0.5541526
760	17.25090860083999	0.587324
761	17.45701315329899	0.52987516
762	17.66311770575799	0.547272
763	17.869222258216993	0.5811411
764	18.075326810675993	0.51955795
765	18.281431363134995	0.5295773
766	18.487535915593995	0.5901311
767	18.693640468052998	0.5542527
768	18.899745020511997	0.54133266
769	19.105849572970968	0.57053006
770	19.31195412542997	0.57165366
771	19.51805867788897	0.6058086
772	19.724163230347973	0.5472427
773	19.930267782806972	0.5179007
774	20.13637233526597	0.53127736
775	20.342476887724974	0.60055673
776	20.548581440183973	0.5506413
777	20.754685992642976	0.56976306
778	20.960790545101975	0.5663219
779	21.166895097560978	0.5868986
780	21.372999650019977	0.55167234
781	21.57910420247898	0.54482293
782	21.78520875493798	0.5537278
783	21.99131330739698	0.5069819
784	22.19741785985598	0.5604657
785	22.40352241231498	0.5589834
786	22.609626964773984	0.5541843
787	22.815731517232983	0.53485763
788	23.021836069691986	0.5717596
789	23.227940622150985	0.5769281
790	23.434045174609984	0.6192095
791	23.640149727068987	0.5698145
792	23.846254279527987	0.5412971
793	24.05235883198699	0.522606
794	24.25846338444599	0.5335324
795	24.46456793690499	0.57695514
796	24.67067248936399	0.564581
797	24.876777041822994	0.5988226
798	25.082881594281993	0.52326214
799	25.288986146740992	0.5725614
800	25.495090699199995	0.5654096
801	25.701195251658994	0.5296109
802	25.907299804117997	0.5941028
803	26.113404356576968	0.5589784
804	26.319508909035967	0.5375949
805	26.52561346149497	0.5410569
806	26.73171801395397	0.5738897
807	26.937822566412972	0.56780624
808	27.14392711887197	0.58463544
809	27.350031671330974	0.5596391
810	27.556136223789974	0.5878046
811	27.762240776248976	0.5644851
812	27.968345328707976	0.549508
813	28.174449881166975	0.60004735
814	28.380554433625978	0.59392023
815	28.586658986084977	0.56456006
816	28.79276353854398	0.5438103
817	28.99886809100298	0.5588508
818	29.204972643461982	0.5813288
819	29.41107719592098	0.5228761
820	29.61718174837998	0.5802591
821	29.823286300838983	0.56821966
822	30.029390853297983	0.546335
823	30.235495405756986	0.5864956
824	30.441599958215985	0.55311006
825	30.647704510674988	0.55976665
826	30.853809063133987	0.57129955
827	31.05991361559299	0.59242606
828	31.26601816805199	0.5828248
829	31.47212272051099	0.54908884
830	31.67822727296999	0.53434336
831	31.88433182542899	0.53447855
832	32.09043637788799	0.5646675
833	32.29654093034699	0.58057785
834	32.502645482805995	0.5637028
835	32.708750035265	0.5605164
836	32.914854587723994	0.5330001
837	33.12095914018297	0.58378404
838	33.32706369264197	0.58616316
839	33.53316824510097	0.5530113
840	33.73927279755997	0.5804686
841	33.94537735001897	0.5710618
842	34.15148190247797	0.5774916
843	34.35758645493697	0.57909346
844	34.563691007395974	0.5621789
845	34.76979555985498	0.5444262
846	34.97590011231397	0.5788775
847	35.182004664772975	0.57971877
848	35.38810921723198	0.53361225
849	35.59421376969098	0.5924676
850	35.80031832214998	0.5362106
851	36.00642287460898	0.6413032
852	36.21252742706798	0.5566715
853	36.41863197952698	0.5495888
854	36.62473653198598	0.5646363
855	36.830841084444984	0.5627664
856	37.03694563690399	0.58277607
857	37.24305018936298	0.5963252
858	37.449154741821985	0.55960196
859	37.65525929428099	0.5848179
860	37.861363846739984	0.57389915
861	38.06746839919899	0.60178417
862	38.27357295165799	0.5806724
863	38.47967750411699	0.5161842
864	38.68578205657599	0.5863915
865	38.89188660903499	0.51414675
866	39.097991161493994	0.56613
867	39.30409571395299	0.5457107
868	39.51020026641199	0.5539161
869	39.716304818870995	0.57406926
870	39.92240937133	0.5967158
871	40.128513923788965	0.5284028
872	40.33461847624797	0.57757014
873	40.54072302870697	0.57696944
874	40.74682758116597	0.5587507
875	40.95293213362497	0.5618259
876	41.15903668608397	0.54091907
877	41.365141238542975	0.54879487
878	41.57124579100197	0.5592713
879	41.777350343460974	0.5735483
880	41.98345489591998	0.5853147
881	42.18955944837897	0.58762425
882	42.395664000837975	0.5544002
883	42.60176855329698	0.5378958
884	42.80787310575598	0.54509044
885	43.013977658214976	0.59411466
886	43.22008221067398	0.52981144
887	43.42618676313298	0.5461627
888	43.632291315591985	0.54986495
889	43.83839586805098	0.57720625
890	44.04450042050998	0.5987207
891	44.250604972968986	0.5767974
892	44.45670952542798	0.57621217
893	44.662814077886985	0.60139084
894	44.86891863034599	0.552577
895	45.07502318280499	0.57261616
896	45.281127735263986	0.5486704
897	45.48723228772299	0.5431336
898	45.69333684018199	0.5231446
899	45.89944139264099	0.50887764
900	46.10554594509999	0.610973
901	46.31165049755899	0.538133
902	46.517755050017996	0.5748636
903	46.72385960247699	0.5689509
904	46.929964154935995	0.52649873
905	47.13606870739497	0.50315034
906	47.342173259853965	0.56766343
907	47.54827781231297	0.58741724
908	47.75438236477197	0.56701446
909	47.96048691723097	0.5644554
910	48.16659146968997	0.57701766
911	48.37269602214897	0.5749275
912	48.578800574607975	0.6045792
913	48.78490512706697	0.54275614
914	48.99100967952597	0.5383066
915	49.197114231984976	0.5859395
916	49.40321878444398	0.5590017
917	49.609323336902975	0.6299152
918	49.81542788936198	0.5823907
919	50.02153244182098	0.49322274
920	50.227636994279976	0.5829374
921	50.43374154673898	0.585693
922	50.63984609919798	0.5713823
923	50.845950651656985	0.53866184
924	51.05205520411598	0.5797108
925	51.25815975657498	0.52510124
926	51.464264309033986	0.5794678
927	51.67036886149298	0.5614221
928	51.876473413951985	0.58543164
929	52.08257796641099	0.55498403
930	52.28868251886999	0.6022977
931	52.494787071328986	0.52278423
932	52.70089162378799	0.56945443
933	52.90699617624699	0.5564806
934	53.113100728705994	0.55176437
935	53.31920528116499	0.56444097
936	53.52530983362399	0.5227478
937	53.731414386082996	0.51220596
938	53.93751893854199	0.5579509
939	54.143623491000966	0.5827522
940	54.34972804345997	0.5748054
941	54.555832595918965	0.5383079
942	54.76193714837797	0.49948257
943	54.96804170083697	0.52679086
944	55.17414625329597	0.5686447
945	55.38025080575497	0.57182276
946	55.58635535821397	0.5922388
947	55.792459910672974	0.56211364
948	55.99856446313198	0.56777436
949	56.20466901559097	0.58469415
950	56.410773568049976	0.5648833
951	56.61687812050898	0.5451926
952	56.822982672967974	0.539387
953	57.02908722542698	0.5376234
954	57.23519177788598	0.60396856
955	57.44129633034498	0.57313323
956	57.64740088280398	0.5706412
957	57.85350543526298	0.5499668
958	58.059609987721984	0.5814736
959	58.26571454018098	0.54202116
960	58.47181909263998	0.58294415
961	58.677923645098986	0.54017925
962	58.88402819755799	0.55818033
963	59.090132750016984	0.5599327
964	59.29623730247599	0.557975
965	59.50234185493499	0.5454555
966	59.708446407393986	0.5519058
967	59.91455095985299	0.5495737
968	60.12065551231199	0.559356
969	60.326760064770994	0.56856346
970	60.53286461722999	0.58120495
971	60.73896916968899	0.52309036
972	60.945073722147995	0.5445649
973	61.15117827460696	0.5755965
974	61.357282827065966	0.5738164
975	61.56338737952497	0.555025
976	61.76949193198397	0.5870369
977	61.97559648444297	0.5341771
978	62.18170103690197	0.54663086
979	62.38780558936097	0.55544853
980	62.59391014181997	0.56371415
981	62.80001469427897	0.54921395
982	63.006119246737974	0.58602005
983	63.21222379919698	0.5768262
984	63.41832835165597	0.57209414
985	63.624432904114975	0.5699943
986	63.83053745657398	0.6194575
987	64.03664200903297	0.5762265
988	64.24274656149198	0.59832054
989	64.44885111395098	0.5724756
990	64.65495566640998	0.6011228
991	64.86106021886899	0.5475375
992	65.06716477132798	0.5290453
993	65.27326932378698	0.5920149
994	65.47937387624599	0.55313164
995	65.68547842870498	0.62354136
996	65.89158298116398	0.5872228
997	66.09768753362299	0.6290075
998	66.30379208608198	0.60320467
999	66.509896638541	0.5569551
1000	66.71600119099999	0.56474084
1001	66.92210574345899	0.5514085
1002	67.128210295918	0.53759027
1003	67.33431484837699	0.56359583
1004	67.54041940083599	0.6289375
1005	67.746523953295	0.5822725
1006	67.95262850575399	0.57341737
1007	68.15873305821296	0.5592963
1008	68.36483761067197	0.58506715
1009	68.57094216313097	0.556342
1010	68.77704671558996	0.48179707
1011	68.98315126804897	0.5497594
1012	69.18925582050797	0.5733175
1013	69.39536037296698	0.59207034
1014	69.60146492542597	0.5744597
1015	69.80756947788497	0.5577061
1016	70.01367403034398	0.550293
1017	70.21977858280297	0.58609504
1018	70.42588313526197	0.54712903
1019	70.63198768772098	0.6260914
1020	70.83809224017998	0.5452332
1021	71.04419679263897	0.54826015
1022	71.25030134509798	0.57163924
1023	71.45640589755698	0.5523717
1024	71.66251045001599	0.55130136
1025	71.86861500247498	0.5663944
1026	72.07471955493398	0.55526096
1027	72.28082410739299	0.54761666
1028	72.48692865985198	0.5609293
1029	72.69303321231098	0.5388443
1030	72.89913776476999	0.53882426
1031	73.10524231722898	0.58005035
1032	73.31134686968798	0.56058913
1033	73.51745142214699	0.55880547
1034	73.72355597460599	0.5758296
1035	73.92966052706498	0.5468979
1036	74.13576507952399	0.541794
1037	74.34186963198299	0.59707296
1038	74.547974184442	0.598453
1039	74.754078736901	0.5352235
1040	74.96018328935999	0.56217796
1041	75.166287841819	0.5517115
1042	75.37239239427797	0.5539547
1043	75.57849694673696	0.5611968
1044	75.78460149919597	0.55260545
1045	75.99070605165497	0.5589175
1046	76.19681060411396	0.5342965
1047	76.40291515657297	0.5591161
1048	76.60901970903197	0.5381693
1049	76.81512426149096	0.5631027
1050	77.02122881394997	0.56866604
1051	77.22733336640897	0.5537137
1052	77.43343791886798	0.5447618
1053	77.63954247132698	0.5638399
1054	77.84564702378597	0.54313207
1055	78.05175157624498	0.53894544
1056	78.25785612870398	0.52077794
1057	78.46396068116297	0.5438664
1058	78.67006523362198	0.5533922
1059	78.87616978608098	0.56909037
1060	79.08227433853997	0.55313075
1061	79.28837889099898	0.5534507
1062	79.49448344345798	0.55462277
1063	79.70058799591699	0.5531868
1064	79.90669254837599	0.5820353
1065	80.11279710083498	0.56041783
1066	80.31890165329399	0.56500995
1067	80.52500620575299	0.5355734
1068	80.73111075821198	0.5538816
1069	80.937215310671	0.5588626
1070	81.14331986312999	0.5628404
1071	81.34942441558898	0.51634866
1072	81.555528968048	0.5415763
1073	81.76163352050699	0.5882525
1074	81.96773807296599	0.54354525
1075	82.173842625425	0.54675984
1076	82.37994717788396	0.58631057
1077	82.58605173034297	0.54789716
1078	82.79215628280197	0.5679357
1079	82.99826083526096	0.5598612
1080	83.20436538771997	0.5576756
1081	83.41046994017897	0.56038636
1082	83.61657449263797	0.58747125
1083	83.82267904509698	0.57365817
1084	84.02878359755597	0.47596562
1085	84.23488815001497	0.5544038
1086	84.44099270247398	0.5474712
1087	84.64709725493297	0.5464222
1088	84.85320180739197	0.56266433
1089	85.05930635985098	0.5316986
1090	85.26541091230997	0.5775137
1091	85.47151546476898	0.54089385
1092	85.67762001722798	0.56030893
1093	85.88372456968698	0.53334725
1094	86.08982912214599	0.5957621
1095	86.29593367460498	0.5886689
1096	86.50203822706398	0.52494085
1097	86.70814277952299	0.55359167
1098	86.91424733198198	0.5153923
1099	87.12035188444098	0.56073195
1100	87.32645643689999	0.59906244
1101	87.53256098935898	0.6152161
1102	87.738665541818	0.55753326
1103	87.94477009427699	0.5702754
1104	88.15087464673599	0.5436198
1105	88.356979199195	0.54544806
1106	88.56308375165399	0.56191194
1107	88.76918830411299	0.5943519
1108	88.975292856572	0.5564995
1109	89.18139740903099	0.61727697
1110	89.38750196148996	0.5370331
1111	89.59360651394897	0.576477
1112	89.79971106640797	0.57012933
1113	90.00581561886696	0.52976024
1114	90.21192017132597	0.5617235
1115	90.41802472378497	0.5680004
1116	90.62412927624396	0.5644312
1117	90.83023382870297	0.5655429
1118	91.03633838116197	0.5506242
1119	91.24244293362098	0.5550305
1120	91.44854748607997	0.56256586
1121	91.65465203853897	0.51797175
1122	91.86075659099798	0.601303
1123	92.06686114345698	0.5852925
1124	92.27296569591597	0.53370565
1125	92.47907024837498	0.5584993
1126	92.68517480083398	0.55345446
1127	92.89127935329297	0.56314486
1128	93.09738390575198	0.5952178
1129	93.30348845821098	0.58224976
1130	93.50959301066999	0.55073553
1131	93.71569756312898	0.57091385
1132	93.92180211558798	0.5327743
1133	94.12790666804699	0.5488678
1134	94.33401122050599	0.5430596
1135	94.54011577296498	0.5716414
1136	94.74622032542399	0.56001943
1137	94.95232487788299	0.5602638
1138	95.15842943034198	0.62987703
1139	95.36453398280099	0.5752946
1140	95.57063853525999	0.54845476
1141	95.77674308771898	0.5839563
1142	95.982847640178	0.56990415
1143	96.18895219263699	0.5294408
1144	96.39505674509597	0.5421729
1145	96.60116129755497	0.566016
1146	96.80726585001396	0.5677874
1147	97.01337040247297	0.5299134
1148	97.21947495493197	0.5618567
1149	97.42557950739096	0.53925145
1150	97.63168405984997	0.5782885
1151	97.83778861230897	0.5440197
1152	98.04389316476797	0.56532437
1153	98.24999771722698	0.56857467
1154	98.45610226968597	0.58296347
1155	98.66220682214497	0.49941775
1156	98.86831137460398	0.56998396
1157	99.07441592706297	0.53137165
1158	99.28052047952198	0.5575748
1159	99.48662503198098	0.5631028
1160	99.69272958443997	0.5696516
1161	99.89883413689898	0.57099783
1162	100.10493868935798	0.55555004
1163	100.31104324181698	0.5546233
1164	100.51714779427599	0.56331205
1165	100.72325234673498	0.5468913
1166	100.92935689919398	0.59352416
1167	101.13546145165299	0.5526914
1168	101.34156600411198	0.5706381
1169	101.54767055657099	0.5689501
1170	101.75377510902999	0.56248933
1171	101.95987966148898	0.5648109
1172	102.165984213948	0.5638605
1173	102.37208876640699	0.58477765
1174	102.57819331886598	0.58386564
1175	102.784297871325	0.5395818
1176	102.99040242378399	0.5157692
1177	103.19650697624299	0.57998997
1178	103.40261152870197	0.54097694
1179	103.60871608116096	0.55805236
1180	103.81482063361996	0.53305054
1181	104.02092518607897	0.5878173
1182	104.22702973853796	0.55520684
1183	104.43313429099697	0.5855078
1184	104.63923884345597	0.54118556
1185	104.84534339591497	0.54795635
1186	105.05144794837398	0.6019185
1187	105.25755250083297	0.525614
1188	105.46365705329197	0.5381489
1189	105.66976160575098	0.55375224
1190	105.87586615820997	0.55190104
1191	106.08197071066897	0.5844157
1192	106.28807526312798	0.5651446
1193	106.49417981558697	0.56621504
1194	106.70028436804597	0.51804435
1195	106.90638892050498	0.5875454
1196	107.11249347296398	0.55702406
1197	107.31859802542299	0.5539744
1198	107.52470257788198	0.5438799
1199	107.73080713034098	0.5635912
1200	107.93691168279999	0.5043626
1201	108.14301623525898	0.5495642
1202	108.34912078771798	0.5682468
1203	108.55522534017699	0.580441
1204	108.76132989263598	0.5759199
1205	108.96743444509498	0.5899871
1206	109.17353899755399	0.5683784
1207	109.37964355001299	0.56657326
1208	109.585748102472	0.561885
1209	109.79185265493099	0.51215047
1210	109.99795720738999	0.53881377
1211	110.204061759849	0.5540064
1212	110.41016631230796	0.5614336
1213	110.61627086476696	0.6055271
1214	110.82237541722597	0.57642704
1215	111.02847996968497	0.5567657
1216	111.23458452214396	0.55856997
1217	111.44068907460297	0.5483343
1218	111.64679362706197	0.5256967
1219	111.85289817952096	0.5520649
1220	112.05900273197997	0.50620407
1221	112.26510728443897	0.5951558
1222	112.47121183689798	0.56390107
1223	112.67731638935697	0.5641491
1224	112.88342094181597	0.5286967
1225	113.08952549427498	0.5697991
1226	113.29563004673398	0.5413783
1227	113.50173459919297	0.56520313
1228	113.70783915165198	0.5535247
1229	113.91394370411098	0.50718445
1230	114.12004825656997	0.5770221
1231	114.32615280902898	0.5780179
1232	114.53225736148798	0.64802146
1233	114.73836191394697	0.55064565
1234	114.94446646640598	0.5601063
1235	115.15057101886498	0.57660425
1236	115.35667557132399	0.5541091
1237	115.56278012378299	0.52653193
1238	115.76888467624198	0.54081917
1239	115.97498922870099	0.518962
1240	116.18109378115999	0.62237126
1241	116.38719833361898	0.5634451
1242	116.59330288607799	0.56303746
1243	116.79940743853699	0.5690965
1244	117.00551199099598	0.5687355
1245	117.211616543455	0.5668926
1246	117.41772109591396	0.52423733
1247	117.62382564837296	0.5479146
1248	117.82993020083197	0.5555886
1249	118.03603475329096	0.5344375
1250	118.24213930574997	0.61170024
1251	118.44824385820897	0.5175792
1252	118.65434841066796	0.6086245
1253	118.86045296312697	0.536171
1254	119.06655751558597	0.5678994
1255	119.27266206804497	0.55804735
1256	119.47876662050398	0.55957985
1257	119.68487117296297	0.54512715
1258	119.89097572542197	0.5599052
1259	120.09708027788098	0.5310157
1260	120.30318483033997	0.5525551
1261	120.50928938279898	0.5704204
1262	120.71539393525798	0.5869168
1263	120.92149848771697	0.5491758
1264	121.12760304017598	0.55396384
1265	121.33370759263498	0.5543115
1266	121.53981214509398	0.586921
1267	121.74591669755299	0.5923284
1268	121.95202125001198	0.5379633
1269	122.15812580247098	0.5672182
1270	122.36423035492999	0.5388705
1271	122.57033490738898	0.56892663
1272	122.77643945984795	0.5998671
1273	122.98254401230699	0.5730799
1274	123.18864856476596	0.6042432
1275	123.394753117225	0.5198302
1276	123.60085766968396	0.53894496
1277	123.80696222214299	0.5367009
1278	124.01306677460197	0.5259844
1279	124.21917132706099	0.5735109
1280	124.42527587951996	0.55453515
1281	124.631380431979	0.5520859
1282	124.83748498443796	0.52169883
1283	125.04358953689699	0.6004224
1284	125.24969408935597	0.5607355
1285	125.455798641815	0.577891
1286	125.66190319427396	0.54271287
1287	125.868007746733	0.5470202
1288	126.07411229919197	0.56404024
1289	126.280216851651	0.55911666
1290	126.48632140410997	0.5232959
1291	126.692425956569	0.5629549
1292	126.89853050902798	0.5623806
1293	127.104635061487	0.5966455
1294	127.31073961394597	0.5226357
1295	127.51684416640501	0.5853171
1296	127.72294871886398	0.5394413
1297	127.929053271323	0.58404523
1298	128.13515782378198	0.5520241
1299	128.34126237624096	0.58375585
1300	128.54736692869997	0.581421
1301	128.75347148115895	0.57389265
1302	128.959576033618	0.5765365
1303	129.16568058607695	0.565754
1304	129.37178513853598	0.5899601
1305	129.57788969099497	0.4988731
1306	129.78399424345398	0.5364206
1307	129.99009879591296	0.5627687
1308	130.196203348372	0.5478379
1309	130.40230790083095	0.5363155
1310	130.60841245329	0.539615
1311	130.81451700574897	0.5011992
1312	131.02062155820798	0.55775565
1313	131.22672611066696	0.5674235
1314	131.432830663126	0.5227925
1315	131.63893521558495	0.5323632
1316	131.845039768044	0.5277483
1317	132.05114432050297	0.5452038
1318	132.25724887296198	0.5551778
1319	132.46335342542096	0.55237156
1320	132.66945797788	0.6268178
1321	132.87556253033898	0.5729047
1322	133.081667082798	0.54244417
1323	133.28777163525697	0.51054305
1324	133.493876187716	0.5782404
1325	133.69998074017496	0.57762516
1326	133.906085292634	0.5782161
1327	134.11218984509298	0.5723553
1328	134.318294397552	0.5666716
1329	134.52439895001098	0.53937066
1330	134.73050350247001	0.52078396
1331	134.93660805492897	0.58770466
1332	135.14271260738795	0.6140945
1333	135.348817159847	0.5339982
1334	135.55492171230594	0.5746412
1335	135.76102626476498	0.6176056
1336	135.96713081722396	0.5958524
1337	136.17323536968297	0.60210055
1338	136.37933992214195	0.5273189
1339	136.585444474601	0.5831915
1340	136.79154902705994	0.5635804
1341	136.99765357951898	0.5722635
1342	137.20375813197796	0.54275644
1343	137.40986268443697	0.5691641
1344	137.61596723689595	0.51259553
1345	137.822071789355	0.5631543
1346	138.02817634181395	0.5629958
1347	138.23428089427298	0.5778667
1348	138.44038544673197	0.5489312
1349	138.646489999191	0.59751904
1350	138.85259455164996	0.5848657
1351	139.058699104109	0.56032586
1352	139.26480365656798	0.5715695
1353	139.470908209027	0.5668604
1354	139.67701276148597	0.54736716
1355	139.883117313945	0.54980224
1356	140.08922186640396	0.542833
1357	140.295326418863	0.59879214
1358	140.50143097132198	0.5998266
1359	140.707535523781	0.56464773
1360	140.91364007623997	0.54832995
1361	141.119744628699	0.5250416
1362	141.32584918115796	0.50680465
1363	141.531953733617	0.5736866
1364	141.73805828607598	0.59626734
1365	141.944162838535	0.5813869
1366	142.15026739099397	0.57484084
1367	142.35637194345296	0.5507623
1368	142.56247649591197	0.5290686
1369	142.76858104837095	0.543355
1370	142.97468560082999	0.57041115
1371	143.18079015328894	0.571709
1372	143.38689470574798	0.5286698
1373	143.59299925820696	0.5840576
1374	143.799103810666	0.56605047
1375	144.00520836312495	0.5873344
1376	144.211312915584	0.49976736
1377	144.41741746804297	0.55427045
1378	144.62352202050198	0.5977142
1379	144.82962657296096	0.5599092
1380	145.03573112542	0.53055876
1381	145.24183567787895	0.53471315
1382	145.447940230338	0.56994784
1383	145.65404478279697	0.5761083
1384	145.86014933525598	0.5376126
1385	146.06625388771496	0.548182
1386	146.272358440174	0.5795359
1387	146.47846299263296	0.55150384
1388	146.684567545092	0.53528446
1389	146.89067209755098	0.5435723
1390	147.09677665000999	0.5155274
1391	147.30288120246897	0.5555391
1392	147.508985754928	0.5759916
1393	147.71509030738696	0.5391087
1394	147.921194859846	0.56195897
1395	148.12729941230498	0.54346234
1396	148.333403964764	0.5254904
1397	148.53950851722297	0.5450986
1398	148.745613069682	0.5455277
1399	148.95171762214096	0.57444835
1400	149.15782217459994	0.5181492
1401	149.36392672705898	0.5106869
1402	149.57003127951796	0.5495765
1403	149.77613583197697	0.6170302
1404	149.98224038443595	0.5721171
1405	150.188344936895	0.58964556
1406	150.39444948935395	0.5409465
1407	150.60055404181298	0.5165532
1408	150.80665859427197	0.59841233
1409	151.01276314673098	0.5519209
1410	151.21886769918996	0.57151085
1411	151.424972251649	0.54558265
1412	151.63107680410795	0.5336635
1413	151.837181356567	0.61538243
1414	152.04328590902597	0.5073705
1415	152.24939046148498	0.57135296
1416	152.45549501394396	0.58499485
1417	152.661599566403	0.55245984
1418	152.86770411886195	0.5389065
1419	153.073808671321	0.55155814
1420	153.27991322377997	0.5606586
1421	153.48601777623898	0.5356894
1422	153.69212232869796	0.5586155
1423	153.898226881157	0.59377855
1424	154.10433143361595	0.5460062
1425	154.310435986075	0.565109
1426	154.51654053853397	0.56167585
1427	154.722645090993	0.59612244
1428	154.92874964345197	0.56901664
1429	155.134854195911	0.5338099
1430	155.34095874836999	0.56294864
1431	155.547063300829	0.5511234
1432	155.75316785328798	0.53998005
1433	155.95927240574702	0.55851686
1434	156.16537695820597	0.58153933
1435	156.37148151066495	0.57512784
1436	156.577586063124	0.5853549
1437	156.78369061558294	0.58682746
1438	156.98979516804198	0.5637143
1439	157.19589972050096	0.5463633
1440	157.40200427295997	0.56853163
1441	157.60810882541895	0.54982024
1442	157.814213377878	0.57087326
1443	158.02031793033694	0.5223042
1444	158.22642248279598	0.53097415
1445	158.43252703525496	0.57361394
1446	158.63863158771397	0.55153537
1447	158.84473614017296	0.5754381
1448	159.050840692632	0.5422538
1449	159.25694524509095	0.52073383
1450	159.46304979754998	0.5348214
1451	159.66915435000897	0.5515417
1452	159.875258902468	0.5497683
1453	160.08136345492696	0.5470295
1454	160.287468007386	0.5485356
1455	160.49357255984498	0.55880135
1456	160.699677112304	0.545295
1457	160.90578166476297	0.56747067
1458	161.111886217222	0.5233051
1459	161.31799076968096	0.5767269
1460	161.52409532214	0.5860361
1461	161.73019987459898	0.57014745
1462	161.936304427058	0.54944724
1463	162.14240897951697	0.5799191
1464	162.348513531976	0.5937996
1465	162.55461808443496	0.56645465
1466	162.760722636894	0.53643763
1467	162.96682718935298	0.547027
1468	163.17293174181194	0.50756156
1469	163.37903629427097	0.5298814
1470	163.58514084672996	0.5057082
1471	163.79124539918897	0.5095223
1472	163.99734995164795	0.5784523
1473	164.203454504107	0.5085699
1474	164.40955905656594	0.5314243
1475	164.61566360902498	0.55564773
1476	164.82176816148396	0.5717833
1477	165.02787271394297	0.56755877
1478	165.23397726640195	0.54863876
1479	165.440081818861	0.5733912
1480	165.64618637131997	0.5516402
1481	165.85229092377898	0.53217155
1482	166.05839547623796	0.54433495
1483	166.264500028697	0.57583356
1484	166.47060458115595	0.55195844
1485	166.676709133615	0.58158946
1486	166.88281368607397	0.6298551
1487	167.08891823853298	0.5391613
1488	167.29502279099196	0.5709931
1489	167.501127343451	0.53684187
1490	167.70723189590996	0.57505697
1491	167.913336448369	0.58425826
1492	168.11944100082798	0.54417676
1493	168.325545553287	0.55700374
1494	168.53165010574597	0.621427
1495	168.737754658205	0.59338593
1496	168.94385921066396	0.5661199
1497	169.149963763123	0.5233988
1498	169.35606831558198	0.52893215
1499	169.562172868041	0.61255395
