	velocity	Amplitude
0	612.5389564270474	0.9019905
1	608.6304167880414	0.8700705
2	604.7218771490357	0.8544859
3	600.8133375100297	0.8922888
4	596.9047978710238	0.97251195
5	592.9962582320178	0.9251095
6	589.0877185930118	1.0356164
7	585.179178954006	0.995638
8	581.270639315	1.0241897
9	577.3620996759942	0.9312176
10	573.4535600369883	0.8863725
11	569.5450203979823	1.0152272
12	565.6364807589764	1.0840176
13	561.7279411199705	0.9372536
14	557.8194014809645	1.1868283
15	553.9108618419586	0.74802196
16	550.0023222029528	0.91956186
17	546.0937825639469	0.79645365
18	542.1852429249409	1.0812461
19	538.276703285935	0.98070174
20	534.3681636469291	1.3858824
21	530.4596240079231	1.033186
22	526.5510843689173	1.0476562
23	522.6425447299114	0.9766336
24	518.7340050909054	0.81807804
25	514.8254654518995	1.170003
26	510.9169258128936	0.95916843
27	507.0083861738877	0.8983744
28	503.09984653488175	1.0658783
29	499.19130689587587	0.8790883
30	495.28276725686993	1.0921539
31	491.37422761786405	0.8298467
32	487.4656879788581	1.1626863
33	483.5571483398522	1.0164964
34	479.6486087008463	0.90328175
35	475.74006906184036	1.2045755
36	471.8315294228345	0.8929358
37	467.92298978382854	1.1198127
38	464.0144501448226	0.8544427
39	460.1059105058167	1.0652423
40	456.19737086681073	1.0643065
41	452.2888312278048	0.8868613
42	448.3802915887989	0.86594856
43	444.471751949793	0.9468739
44	440.56321231078704	1.1598964
45	436.65467267178116	1.1541221
46	432.7461330327752	0.7249933
47	428.83759339376934	1.1058311
48	424.9290537547634	1.1125818
49	421.02051411575746	1.05546
50	417.1119744767516	0.9884202
51	413.20343483774565	0.96280545
52	409.29489519873977	1.0974762
53	405.38635555973383	0.85253656
54	401.4778159207279	1.1584276
55	397.569276281722	0.9779714
56	393.6607366427161	0.99048436
57	389.75219700365983	0.9010418
58	385.84365736465395	1.2113404
59	381.935117725648	1.0157316
60	378.02657808664213	0.9549831
61	374.1180384476362	1.1829362
62	370.20949880863026	1.0307931
63	366.3009591696244	1.0152457
64	362.39241953061844	0.97295684
65	358.4838798916125	0.7826696
66	354.5753402526066	0.86049277
67	350.6668006136007	0.84443015
68	346.7582609745948	0.9294791
69	342.84972133558887	0.9864488
70	338.94118169658293	1.0205476
71	335.03264205757705	1.0410653
72	331.1241024185711	1.1749448
73	327.21556277956523	0.8640637
74	323.3070231405593	0.9084851
75	319.39848350155336	1.2678279
76	315.4899438625475	0.8583641
77	311.58140422354154	1.2224741
78	307.67286458453566	0.8749392
79	303.7643249455297	0.9394357
80	299.8557853065238	1.0606731
81	295.9472456675179	1.067829
82	292.03870602851197	0.89486617
83	288.13016638950603	0.7563523
84	284.22162675050015	1.3584402
85	280.3130871114942	1.0322462
86	276.4045474724883	1.1470075
87	272.49600783348234	0.9844821
88	268.58746819447646	1.0887188
89	264.6789285554705	0.7849282
90	260.77038891646464	1.1429507
91	256.8618492774587	1.0576253
92	252.9533096384528	1.1403232
93	249.04476999944688	0.72502816
94	245.13623036044095	0.97207355
95	241.22769072143504	1.0971237
96	237.31915108242913	1.1011198
97	233.41061144342322	0.9629251
98	229.50207180441728	1.0963328
99	225.59353216541137	1.0224876
100	221.68499252640547	0.84581167
101	217.77645288739956	0.7334521
102	213.86791324839365	0.7744296
103	209.9593736093877	0.9227053
104	206.0508339703818	1.0708808
105	202.1422943313759	0.9949195
106	198.23375469236998	1.0762727
107	194.32521505336405	0.99892265
108	190.41667541435814	1.0056092
109	186.50813577535223	0.86367977
110	182.59959613634632	0.8468455
111	178.6910564973404	0.8582657
112	174.78251685833447	0.8364619
113	170.87397721932857	0.88683563
114	166.96543758032266	0.8703984
115	163.05689794131675	1.3205221
116	159.1483583023108	1.0948647
117	155.2398186633049	1.0965751
118	151.331279024299	1.1931422
119	147.42273938529308	0.9626096
120	143.51419974628715	1.1317469
121	139.60566010728124	1.0663332
122	135.69712046827533	0.7967898
123	131.7885808292694	1.0239098
124	127.88004119026347	0.97137296
125	123.97150155125756	1.275412
126	120.06296191225164	1.23873
127	116.15442227324573	1.0706744
128	112.2458826342398	0.96591175
129	108.3373429952339	1.0673699
130	104.42880335622796	0.95768446
131	100.52026371722205	1.105873
132	96.61172407821613	1.1541414
133	92.70318443921022	1.0822828
134	88.79464480020431	0.9187479
135	84.88610516119839	0.90984535
136	80.97756552219248	1.0387603
137	77.06902588318655	1.0417628
138	73.16048624418065	1.0581814
139	69.25194660517472	1.0542243
140	65.34340696616881	1.0858835
141	61.4348673271629	1.1919692
142	57.52632768815698	1.1704874
143	53.61778804915106	1.1386735
144	49.70924841014514	0.6640529
145	45.80070877113923	1.0671128
146	41.89216913213331	1.2070512
147	37.983629493127395	1.018968
148	34.07508985412149	0.75565565
149	30.166550215115567	0.922174
150	26.258010576109648	1.3619514
151	22.349470937103735	0.7612655
152	18.44093129809782	1.0157205
153	14.532391659091903	0.90846014
154	10.62385202008599	1.1651984
155	6.7153123810800714	0.979
156	2.8067727420741555	-0.11052204
157	-1.1017668969317609	0.9209069
158	-5.010306535937677	0.7258392
159	-8.918846174943592	1.0653038
160	-12.827385813949508	1.0900972
161	-16.735925452955424	0.65617734
162	-20.64446509196134	0.9623464
163	-24.55300473096726	1.5495635
164	-28.461544369973176	1.0406758
165	-32.37008400897909	0.98892653
166	-36.27862364798501	1.0176632
167	-40.18716328699092	0.94506294
168	-44.09570292599684	1.2210965
169	-48.004242565053076	1.0152726
170	-51.91278220405899	0.7713288
171	-55.82132184306491	1.072642
172	-59.72986148207083	1.1329237
173	-63.63840112107675	1.0279629
174	-67.54694076008266	0.92003876
175	-71.45548039908857	0.81303793
176	-75.36402003809448	0.9212905
177	-79.27255967710042	0.92892015
178	-83.18109931610633	1.0490706
179	-87.08963895511225	1.1618052
180	-90.99817859411816	0.9605278
181	-94.90671823312407	0.8611961
182	-98.81525787212999	0.92020607
183	-102.7237975111359	0.90828484
184	-106.63233715014182	0.77405703
185	-110.54087678914773	1.1104702
186	-114.44941642815365	0.89241856
187	-118.35795606715956	0.90669024
188	-122.26649570616549	1.149095
189	-126.1750353451714	1.0433643
190	-130.0835749841773	1.1326867
191	-133.9921146231832	1.1115361
192	-137.90065426218914	1.1076161
193	-141.80919390119504	1.0661334
194	-145.71773354020098	1.0285693
195	-149.6262731792069	1.1050137
196	-153.5348128182128	0.9638004
197	-157.4433524572187	0.88473076
198	-161.35189209622465	0.8359791
199	-165.26043173523055	1.1529233
200	-169.16897137423646	0.99453044
201	-173.07751101324237	1.1539261
202	-176.98605065224828	0.90858173
203	-180.89459029125422	1.0215739
204	-184.80312993026013	1.0353376
205	-188.71166956926604	1.2031426
206	-192.62020920827194	0.8760569
207	-196.52874884727788	1.105243
208	-200.4372884862838	0.9137866
209	-204.3458281252897	0.892872
210	-208.2543677642956	0.9321823
211	-212.16290740330152	0.9976065
212	-216.07144704230745	0.99074185
213	-219.97998668131336	0.9917919
214	-223.88852632031927	1.1458673
215	-227.79706595932518	0.9018307
216	-231.70560559833112	1.0788851
217	-235.61414523733703	0.95552886
218	-239.52268487634294	1.0365331
219	-243.43122451534884	0.80983657
220	-247.3397641543548	0.7308191
221	-251.24830379336072	1.1759632
222	-255.15684343236663	0.85889953
223	-259.06538307137254	0.944796
224	-262.9739227103785	1.0277592
225	-266.88246234938435	1.0868247
226	-270.7910019883903	1.0300761
227	-274.69954162739623	0.96339554
228	-278.6080812664021	1.1118661
229	-282.51662090540805	0.916663
230	-286.4251605444139	1.0518823
231	-290.33370018341986	1.006113
232	-294.24223982242574	1.1867201
233	-298.1507794614317	1.0021089
234	-302.05931910043756	0.9759723
235	-305.9678587394435	1.0415068
236	-309.87639837844944	0.7908379
237	-313.7849380174553	1.1011481
238	-317.6934776564613	0.77089185
239	-321.6020172954672	1.1365187
240	-325.51055693447313	1.0014389
241	-329.41909657347907	1.1497211
242	-333.32763621248495	0.89502245
243	-337.2361758514909	1.0
244	-341.1447154904968	1.0
245	-345.0532551295027	1.0
246	-348.96179476850864	1.0
247	-352.8703344075145	1.0
248	-356.77887404652046	1.0
249	-360.6874136855264	1.0
250	-364.5959533245323	1.0
251	-368.5044929635382	1.0
252	-372.4130326025441	1.0
253	-376.32157224155003	1.0
254	-380.23011188055597	1.0
255	-384.13865151956185	1.0
256	-388.0471911585678	1.0
257	-391.95573079757366	1.0
258	-395.8642704365796	1.0
259	-399.77281007558554	1.0
260	-403.6813497145914	1.0
261	-407.58988935359736	1.0
262	-411.4984289926033	1.0
263	-415.4069686316092	1.0
264	-419.3155082706151	1.0
265	-423.224047909621	1.0
266	-427.13258754862693	1.0
267	-431.04112718763287	1.0
268	-434.94966682663875	1.0
269	-438.8582064656447	1.0
