	velocity	Amplitude
0	613.6402922264427	0.98757786
1	609.7317525874367	0.9700385
2	605.823212948431	1.0148355
3	601.914673309425	1.0062158
4	598.0061336704191	1.0175129
5	594.0975940314131	1.0040572
6	590.1890543924071	1.0121365
7	586.2805147534013	1.0632806
8	582.3719751143954	0.9283363
9	578.4634354753895	0.97637826
10	574.5548958363836	1.0598391
11	570.6463561973776	1.0343734
12	566.7378165583717	0.9663322
13	562.8292769193658	1.0455543
14	558.9207372803598	0.9598672
15	555.012197641354	1.0237889
16	551.1036580023481	0.9904884
17	547.1951183633422	0.9987556
18	543.2865787243362	1.1042069
19	539.3780390853303	0.9410922
20	535.4694994463244	1.0491955
21	531.5609598073185	1.0434701
22	527.6524201683126	1.012013
23	523.7438805293067	1.0444039
24	519.8353408903007	1.0239716
25	515.9268012512948	0.99714136
26	512.0182616122889	0.9171593
27	508.109721973283	0.96653616
28	504.20118233427706	1.0171303
29	500.2926426952712	1.0179595
30	496.38410305626525	0.99067086
31	492.47556341725937	0.8922611
32	488.56702377825343	1.043151
33	484.6584841392475	0.95355994
34	480.7499445002416	1.0150005
35	476.8414048612357	0.96472055
36	472.9328652222298	0.9852388
37	469.02432558322386	1.010789
38	465.1157859442179	0.9565927
39	461.20724630521204	1.0241549
40	457.29870666620604	0.9608947
41	453.3901670272001	1.0408458
42	449.4816273881942	1.0026627
43	445.5730877491883	0.9724123
44	441.66454811018235	0.96892273
45	437.7560084711765	0.99205005
46	433.84746883217053	0.93410176
47	429.93892919316465	1.0160222
48	426.0303895541587	1.0433735
49	422.1218499151528	1.0641364
50	418.2133102761469	0.91889715
51	414.30477063714096	0.9768765
52	410.3962309981351	0.99322623
53	406.48769135912914	1.02284
54	402.5791517201232	1.0048729
55	398.6706120811173	1.1030686
56	394.7620724421114	0.988191
57	390.85353280305515	0.9549418
58	386.94499316404927	0.9636677
59	383.0364535250433	1.0202922
60	379.12791388603745	1.0615755
61	375.2193742470315	0.9681246
62	371.3108346080256	1.0122626
63	367.4022949690197	1.0763794
64	363.49375533001376	1.026896
65	359.5852156910078	1.0357331
66	355.67667605200194	1.0111774
67	351.768136412996	0.9549159
68	347.8595967739901	0.9186956
69	343.9510571349842	0.99072534
70	340.04251749597825	1.0557652
71	336.13397785697236	0.99354994
72	332.2254382179664	1.0421586
73	328.31689857896055	0.9913201
74	324.4083589399546	0.9803944
75	320.4998193009487	1.007395
76	316.5912796619428	0.9841564
77	312.68274002293685	1.0251335
78	308.774200383931	0.97444886
79	304.86566074492504	0.96536577
80	300.9571211059191	1.0359594
81	297.0485814669132	0.98145175
82	293.1400418279073	0.94126284
83	289.23150218890135	1.0049131
84	285.32296254989546	1.0050513
85	281.4144229108895	0.9508011
86	277.5058832718836	0.981564
87	273.59734363287765	0.9892699
88	269.6888039938718	1.0707144
89	265.78026435486584	0.9573017
90	261.87172471585995	1.0733589
91	257.963185076854	0.9663687
92	254.05464543784808	1.0211343
93	250.14610579884217	1.0852218
94	246.23756615983623	1.00057
95	242.32902652083033	0.95654756
96	238.42048688182442	1.0023007
97	234.5119472428185	0.9751239
98	230.60340760381257	0.959186
99	226.69486796480666	0.9633711
100	222.78632832580075	1.0176605
101	218.87778868679484	0.96703607
102	214.96924904778894	1.0246317
103	211.060709408783	0.9566082
104	207.1521697697771	1.0391421
105	203.24363013077118	1.0447171
106	199.33509049176527	1.0484772
107	195.42655085275933	0.949583
108	191.51801121375343	0.99095833
109	187.60947157474752	0.95867354
110	183.7009319357416	0.9751604
111	179.7923922967357	1.0979706
112	175.88385265772976	1.0321729
113	171.97531301872385	0.9967209
114	168.06677337971794	1.0197798
115	164.15823374071203	0.98123175
116	160.2496941017061	1.0118985
117	156.3411544627002	0.9482326
118	152.43261482369428	1.0071645
119	148.52407518468837	0.9809289
120	144.61553554568243	1.0104532
121	140.70699590667653	0.98075086
122	136.79845626767062	1.0138794
123	132.88991662866468	0.9218987
124	128.98137698965877	1.0321745
125	125.07283735065288	1.0613822
126	121.16429771164695	1.0022026
127	117.25575807264104	1.0407618
128	113.34721843363512	0.9758968
129	109.43867879462921	1.0629967
130	105.53013915562327	0.96861905
131	101.62159951661737	0.98785526
132	97.71305987761144	0.97173554
133	93.80452023860553	1.0407945
134	89.89598059959962	0.87029195
135	85.9874409605937	0.9763517
136	82.0789013215878	1.0326394
137	78.17036168258187	1.0217355
138	74.26182204357596	1.0624923
139	70.35328240457004	0.93944293
140	66.44474276556413	1.0524391
141	62.536203126558206	1.0437893
142	58.62766348755229	0.98090005
143	54.71912384854637	1.0485519
144	50.81058420954045	1.0324963
145	46.902044570534535	1.0837064
146	42.99350493152862	1.0132246
147	39.0849652925227	1.0040034
148	35.176425653516795	1.0001135
149	31.267886014510875	0.95237315
150	27.359346375504956	0.93768716
151	23.450806736499043	1.0475023
152	19.542267097493127	1.0839199
153	15.633727458487211	1.0671552
154	11.725187819481297	1.1010333
155	7.81664818047538	1.0068525
156	3.908108541469464	0.2984114
157	-0.00043109753645242943	0.733767
158	-3.9089707365423685	0.9502698
159	-7.817510375548284	0.7379686
160	-11.7260500145542	0.82276845
161	-15.634589653560116	0.91295815
162	-19.543129292566032	0.9268501
163	-23.45166893157195	0.9591272
164	-27.360208570577868	0.9382802
165	-31.268748209583784	1.0707202
166	-35.1772878485897	1.038496
167	-39.085827487595616	1.0136636
168	-42.99436712660153	0.9160259
169	-46.90290676565777	1.0261749
170	-50.811446404663684	1.0089703
171	-54.7199860436696	1.0343812
172	-58.62852568267552	0.9822309
173	-62.53706532168144	0.9448632
174	-66.44560496068735	1.0695571
175	-70.35414459969326	0.9536821
176	-74.26268423869917	1.0030795
177	-78.1712238777051	0.9374822
178	-82.07976351671101	1.009348
179	-85.98830315571693	1.0509692
180	-89.89684279472284	1.0521218
181	-93.80538243372875	0.9758468
182	-97.71392207273468	1.0221874
183	-101.62246171174058	0.97899055
184	-105.53100135074651	1.0029969
185	-109.43954098975242	1.0133241
186	-113.34808062875834	1.027847
187	-117.25662026776425	0.91322535
188	-121.16515990677017	1.0806134
189	-125.07369954577608	0.9606312
190	-128.982239184782	1.0628505
191	-132.8907788237879	1.0433441
192	-136.79931846279385	0.9992266
193	-140.70785810179976	1.0359358
194	-144.6163977408057	0.95957744
195	-148.5249373798116	0.9506657
196	-152.4334770188175	0.9878688
197	-156.34201665782342	0.9961284
198	-160.25055629682936	0.97190857
199	-164.15909593583527	1.0024439
200	-168.06763557484118	1.0330285
201	-171.97617521384709	0.9835891
202	-175.884714852853	0.9993908
203	-179.79325449185893	0.88440764
204	-183.70179413086484	1.0155802
205	-187.61033376987075	0.9697232
206	-191.51887340887666	0.94532454
207	-195.4274130478826	0.97799116
208	-199.3359526868885	0.9886551
209	-203.2444923258944	1.0283211
210	-207.15303196490032	1.0058035
211	-211.06157160390623	0.93265694
212	-214.97011124291217	1.0111883
213	-218.87865088191808	1.0664912
214	-222.78719052092399	1.0545835
215	-226.6957301599299	0.96966714
216	-230.60426979893583	0.9570169
217	-234.51280943794174	0.95861953
218	-238.42134907694765	0.99245554
219	-242.32988871595356	0.9418944
220	-246.23842835495952	1.0285196
221	-250.14696799396543	1.0506164
222	-254.05550763297134	1.0183774
223	-257.9640472719772	0.97407997
224	-261.87258691098316	1.0137066
225	-265.78112654998904	0.9778253
226	-269.689666188995	0.9583143
227	-273.5982058280009	0.9572751
228	-277.5067454670068	0.97562724
229	-281.41528510601273	1.0142783
230	-285.3238247450186	1.0152824
231	-289.23236438402455	0.96887654
232	-293.14090402303043	1.0533063
233	-297.04944366203637	0.9748908
234	-300.95798330104225	1.042347
235	-304.8665229400482	1.0322717
236	-308.7750625790541	1.014824
237	-312.68360221806	1.0331539
238	-316.592141857066	1.0062801
239	-320.5006814960719	1.0070096
240	-324.4092211350778	1.0200621
241	-328.31776077408375	0.95767313
242	-332.22630041308963	1.016148
243	-336.13484005209557	1.0
244	-340.0433796911015	1.0
245	-343.9519193301074	1.0
246	-347.8604589691133	1.0
247	-351.7689986081192	1.0
248	-355.67753824712514	1.0
249	-359.5860778861311	1.0
250	-363.49461752513696	1.0
251	-367.4031571641429	1.0
252	-371.3116968031488	1.0
253	-375.2202364421547	1.0
254	-379.12877608116065	1.0
255	-383.03731572016653	1.0
256	-386.94585535917247	1.0
257	-390.85439499817835	1.0
258	-394.7629346371843	1.0
259	-398.6714742761902	1.0
260	-402.5800139151961	1.0
261	-406.48855355420204	1.0
262	-410.397093193208	1.0
263	-414.30563283221386	1.0
264	-418.2141724712198	1.0
265	-422.1227121102257	1.0
266	-426.0312517492316	1.0
267	-429.93979138823755	1.0
268	-433.84833102724343	1.0
269	-437.75687066624937	1.0
