	velocity	Amplitude
0	613.7407196576993	0.9127752
1	609.8321800186933	0.8911869
2	605.9236403796875	1.0459225
3	602.0151007406815	0.9939682
4	598.1065611016757	0.99616313
5	594.1980214626697	1.0637351
6	590.2894818236637	1.0311242
7	586.3809421846579	0.84803456
8	582.4724025456519	0.90073115
9	578.563862906646	0.99964935
10	574.6553232676401	1.0303301
11	570.7467836286341	1.0494868
12	566.8382439896283	0.99609214
13	562.9297043506224	1.0650717
14	559.0211647116164	0.94559306
15	555.1126250726105	1.0465351
16	551.2040854336046	0.9722984
17	547.2955457945988	1.1068234
18	543.3870061555928	0.9481818
19	539.4784665165869	1.039911
20	535.569926877581	1.0781522
21	531.661387238575	1.0086628
22	527.7528475995691	0.88642704
23	523.8443079605632	1.075746
24	519.9357683215572	0.9648462
25	516.0272286825514	1.0749178
26	512.1186890435455	0.97806615
27	508.21014940453955	0.94742495
28	504.3016097655336	1.0680866
29	500.39307012652773	1.0036854
30	496.4845304875218	0.94508684
31	492.5759908485159	0.9673803
32	488.66745120951	0.87946105
33	484.75891157050404	0.9521002
34	480.85037193149816	1.067586
35	476.9418322924922	1.1102244
36	473.03329265348634	0.995008
37	469.1247530144804	1.00128
38	465.21621337547447	0.9051768
39	461.3076737364686	1.0437186
40	457.3991340974626	1.0603639
41	453.49059445845666	1.0859243
42	449.5820548194508	1.0177104
43	445.67351518044484	1.0177175
44	441.7649755414389	0.97096366
45	437.856435902433	1.0529019
46	433.9478962634271	1.0179073
47	430.0393566244212	1.0077691
48	426.13081698541527	0.9676452
49	422.2222773464093	1.033131
50	418.31373770740345	1.0576593
51	414.4051980683975	1.0406556
52	410.49665842939163	0.9779681
53	406.5881187903857	1.0129962
54	402.67957915137976	0.931646
55	398.7710395123739	1.1165366
56	394.86249987336794	0.9422995
57	390.9539602343117	0.94019973
58	387.0454205953058	0.87496644
59	383.1368809562999	1.0715716
60	379.228341317294	1.0986366
61	375.31980167828806	0.9605859
62	371.4112620392821	0.96232784
63	367.50272240027624	1.0170671
64	363.5941827612703	1.0061206
65	359.68564312226437	1.0321656
66	355.7771034832585	1.050349
67	351.86856384425255	0.9990669
68	347.96002420524667	1.0290915
69	344.05148456624073	1.046438
70	340.1429449272348	0.9987707
71	336.2344052882289	1.0437627
72	332.325865649223	0.9755858
73	328.4173260102171	0.9597165
74	324.50878637121116	1.0059954
75	320.6002467322052	1.0031614
76	316.69170709319934	0.97510594
77	312.7831674541934	1.0208349
78	308.8746278151875	0.9743293
79	304.9660881761816	1.0104243
80	301.05754853717565	1.0451741
81	297.14900889816977	0.9633969
82	293.24046925916383	1.0841515
83	289.3319296201579	0.94519186
84	285.423389981152	1.0567824
85	281.5148503421461	1.0893191
86	277.60631070314014	1.0259279
87	273.6977710641342	0.8532875
88	269.7892314251283	0.98845726
89	265.8806917861224	1.0497413
90	261.9721521471165	1.0205458
91	258.06361250811057	1.0439136
92	254.15507286910466	1.0801009
93	250.24653323009875	0.96192986
94	246.3379935910928	0.99243593
95	242.4294539520869	1.046627
96	238.520914313081	1.0149333
97	234.61237467407508	0.9731068
98	230.70383503506915	1.0530797
99	226.79529539606324	0.9965422
100	222.88675575705733	0.84126985
101	218.97821611805142	0.9760587
102	215.0696764790455	1.066431
103	211.16113684003957	0.994064
104	207.25259720103367	1.0350955
105	203.34405756202776	1.0932763
106	199.43551792302185	1.0257685
107	195.5269782840159	0.9109083
108	191.61843864501	1.0527393
109	187.7098990060041	0.9804027
110	183.80135936699818	1.0143297
111	179.89281972799228	0.9703749
112	175.98428008898634	1.0567253
113	172.07574044998043	0.94255996
114	168.16720081097452	0.9252561
115	164.2586611719686	1.0315601
116	160.35012153296267	0.91363484
117	156.44158189395677	0.9766564
118	152.53304225495086	0.9945063
119	148.62450261594495	0.95414746
120	144.715962976939	0.9775601
121	140.8074233379331	0.9864118
122	136.8988836989272	0.9973239
123	132.99034405992126	0.95828927
124	129.08180442091535	0.96485335
125	125.17326478190942	1.010404
126	121.2647251429035	0.9844731
127	117.35618550389759	0.990694
128	113.44764586489167	1.0635073
129	109.53910622588576	1.1275375
130	105.63056658687982	1.0376359
131	101.72202694787391	0.9329876
132	97.81348730886799	0.9492242
133	93.90494766986208	1.026225
134	89.99640803085617	1.0476241
135	86.08786839185025	1.0038557
136	82.17932875284434	0.91430914
137	78.27078911383842	0.96495336
138	74.36224947483251	0.9064532
139	70.45370983582659	1.0892527
140	66.54517019682068	1.0431656
141	62.63663055781477	0.98528004
142	58.72809091880885	1.0575694
143	54.81955127980293	1.0559164
144	50.911011640797014	1.2020745
145	47.0024720017911	1.0663421
146	43.09393236278518	0.93749887
147	39.185392723779266	1.0478004
148	35.27685308477336	1.024594
149	31.368313445767438	0.96154326
150	27.45977380676152	1.0443617
151	23.551234167755606	1.0333582
152	19.64269452874969	1.0753481
153	15.734154889743772	1.098236
154	11.825615250737858	1.2464786
155	7.917075611731941	0.78955156
156	4.008535972726024	0.5359626
157	0.09999633372010835	0.7654194
158	-3.8085433052858075	0.9968757
159	-7.7170829442917235	0.9906706
160	-11.62562258329764	0.9088803
161	-15.534162222303555	0.6422738
162	-19.44270186130947	1.0220065
163	-23.35124150031539	0.8789131
164	-27.259781139321305	0.93496865
165	-31.16832077832722	1.0358039
166	-35.07686041733314	0.96384287
167	-38.98540005633905	1.1339372
168	-42.89393969534497	1.0311809
169	-46.802479334401205	0.8891262
170	-50.71101897340712	0.90845954
171	-54.61955861241304	0.9703889
172	-58.52809825141896	0.99657947
173	-62.436637890424876	0.9925743
174	-66.3451775294308	1.02467
175	-70.25371716843671	1.0167034
176	-74.16225680744262	0.9673927
177	-78.07079644644855	0.9622554
178	-81.97933608545446	0.9616013
179	-85.88787572446039	0.91869146
180	-89.7964153634663	0.9331667
181	-93.7049550024722	0.9856381
182	-97.61349464147813	0.99747354
183	-101.52203428048404	0.9857206
184	-105.43057391948996	1.0093579
185	-109.33911355849587	0.9539796
186	-113.24765319750179	0.8647467
187	-117.1561928365077	0.8775827
188	-121.06473247551362	1.0751771
189	-124.97327211451953	0.98555166
190	-128.88181175352543	0.96250266
191	-132.79035139253133	0.9383463
192	-136.69889103153727	1.0013338
193	-140.60743067054318	1.0455574
194	-144.51597030954912	0.8902643
195	-148.42450994855503	0.9972751
196	-152.33304958756094	1.0174952
197	-156.24158922656684	1.1126735
198	-160.15012886557278	0.970121
199	-164.0586685045787	1.0199237
200	-167.9672081435846	1.0291265
201	-171.8757477825905	0.9851773
202	-175.78428742159642	0.940197
203	-179.69282706060235	0.8971422
204	-183.60136669960826	1.085612
205	-187.50990633861417	0.9683959
206	-191.41844597762008	0.9558956
207	-195.32698561662602	1.0324297
208	-199.23552525563193	0.92032117
209	-203.14406489463784	0.9465728
210	-207.05260453364374	0.9772244
211	-210.96114417264965	1.0187504
212	-214.8696838116556	1.0630494
213	-218.7782234506615	0.86223394
214	-222.6867630896674	1.0786531
215	-226.59530272867332	0.99896157
216	-230.50384236767925	0.9862357
217	-234.41238200668516	0.96206474
218	-238.32092164569107	0.9007154
219	-242.22946128469698	0.9657285
220	-246.13800092370295	1.0492207
221	-250.04654056270886	1.01578
222	-253.95508020171476	0.93401855
223	-257.8636198407207	1.0007398
224	-261.7721594797266	1.0245324
225	-265.6806991187325	1.056052
226	-269.5892387577384	1.0536634
227	-273.49777839674437	0.98685133
228	-277.40631803575025	0.95641106
229	-281.3148576747562	0.9382868
230	-285.22339731376206	0.9056561
231	-289.131936952768	1.0249182
232	-293.0404765917739	1.0534586
233	-296.9490162307798	1.0095098
234	-300.8575558697857	1.0625832
235	-304.76609550879164	0.9567791
236	-308.6746351477976	1.0293245
237	-312.58317478680345	0.96743274
238	-316.49171442580945	1.0784645
239	-320.40025406481533	1.0210934
240	-324.30879370382127	1.0232307
241	-328.2173333428272	1.0309793
242	-332.1258729818331	0.98614734
243	-336.034412620839	1.0
244	-339.94295225984496	1.0
245	-343.85149189885084	1.0
246	-347.7600315378568	1.0
247	-351.66857117686266	1.0
248	-355.5771108158686	1.0
249	-359.48565045487453	1.0
250	-363.3941900938804	1.0
251	-367.30272973288635	1.0
252	-371.21126937189223	1.0
253	-375.11980901089817	1.0
254	-379.0283486499041	1.0
255	-382.93688828891	1.0
256	-386.8454279279159	1.0
257	-390.7539675669218	1.0
258	-394.66250720592774	1.0
259	-398.5710468449337	1.0
260	-402.47958648393956	1.0
261	-406.3881261229455	1.0
262	-410.29666576195143	1.0
263	-414.2052054009573	1.0
264	-418.11374503996325	1.0
265	-422.02228467896913	1.0
266	-425.93082431797507	1.0
267	-429.839363956981	1.0
268	-433.7479035959869	1.0
269	-437.6564432349928	1.0
