	velocity	Amplitude
0	613.4919842449782	1.0148847
1	609.5834446059722	0.9905891
2	605.6749049669664	0.9973716
3	601.7663653279604	0.98404795
4	597.8578256889546	0.9889329
5	593.9492860499486	1.0385824
6	590.0407464109426	0.9882595
7	586.1322067719368	1.0082546
8	582.2236671329308	1.0145264
9	578.3151274939249	1.0189307
10	574.406587854919	1.0253057
11	570.4980482159131	0.9898805
12	566.5895085769072	0.996787
13	562.6809689379013	1.0159645
14	558.7724292988953	0.9910307
15	554.8638896598894	1.0498397
16	550.9553500208835	1.0061179
17	547.0468103818777	1.0281962
18	543.1382707428717	0.9778345
19	539.2297311038658	1.0416569
20	535.3211914648599	0.95800465
21	531.4126518258539	0.99276096
22	527.504112186848	0.9129834
23	523.5955725478422	0.97039187
24	519.6870329088362	1.013952
25	515.7784932698303	1.0069263
26	511.8699536308244	0.9926128
27	507.96141399181846	1.0245736
28	504.0528743528125	0.97998184
29	500.14433471380664	1.0244311
30	496.2357950748007	0.97177356
31	492.3272554357948	1.0119239
32	488.4187157967889	1.0516685
33	484.51017615778295	0.96823686
34	480.60163651877707	1.0247773
35	476.69309687977113	0.9776257
36	472.78455724076525	0.958507
37	468.8760176017593	0.96065736
38	464.9674779627534	0.9214275
39	461.0589383237475	1.0358776
40	457.1503986847415	0.99584246
41	453.24185904573557	1.0280575
42	449.3333194067297	1.0287219
43	445.42477976772375	1.001925
44	441.5162401287178	0.9780691
45	437.60770048971193	0.9964749
46	433.699160850706	1.0161318
47	429.7906212117001	1.0071697
48	425.8820815726942	0.98935765
49	421.97354193368824	0.98731893
50	418.06500229468236	1.0066266
51	414.1564626556764	1.011665
52	410.24792301667054	0.99468446
53	406.3393833776646	1.0046766
54	402.43084373865867	1.0712382
55	398.5223040996528	1.0241997
56	394.61376446064685	1.020274
57	390.7052248215906	1.034392
58	386.7966851825847	0.97977036
59	382.8881455435788	0.9943934
60	378.9796059045729	1.019685
61	375.07106626556697	1.0049964
62	371.16252662656103	1.0399165
63	367.25398698755515	1.0372607
64	363.3454473485492	1.0399038
65	359.4369077095433	1.0201552
66	355.5283680705374	0.9736963
67	351.61982843153146	1.038943
68	347.7112887925256	0.9959108
69	343.80274915351964	1.0420735
70	339.8942095145137	0.9994015
71	335.9856698755078	0.9620666
72	332.0771302365019	0.98098123
73	328.168590597496	1.0076109
74	324.26005095849007	0.97831094
75	320.35151131948413	0.98975056
76	316.44297168047825	1.017839
77	312.5344320414723	0.9682161
78	308.62589240246643	0.99914616
79	304.7173527634605	0.9699838
80	300.80881312445456	1.0249054
81	296.9002734854487	1.0187016
82	292.99173384644274	0.98784214
83	289.0831942074368	0.99389184
84	285.1746545684309	1.0011942
85	281.266114929425	0.97737455
86	277.35757529041905	1.0160587
87	273.4490356514131	1.0224546
88	269.54049601240723	1.0432088
89	265.6319563734013	0.9944482
90	261.7234167343954	0.9912453
91	257.8148770953895	0.9988792
92	253.90633745638357	0.97029984
93	249.99779781737766	1.0431405
94	246.08925817837172	0.96479744
95	242.1807185393658	0.95732963
96	238.2721789003599	1.0354851
97	234.363639261354	1.008946
98	230.45509962234806	1.0181675
99	226.54655998334215	1.0430495
100	222.63802034433624	0.9961954
101	218.72948070533033	0.98695564
102	214.82094106632442	1.0110753
103	210.91240142731849	1.021974
104	207.00386178831258	0.99774724
105	203.09532214930667	1.0520476
106	199.18678251030076	1.0204391
107	195.27824287129482	1.0298384
108	191.3697032322889	0.99545693
109	187.461163593283	1.0163419
110	183.5526239542771	0.9927565
111	179.6440843152712	1.0052782
112	175.73554467626525	0.9592337
113	171.82700503725934	1.0095029
114	167.91846539825343	1.0154352
115	164.00992575924752	1.0315742
116	160.10138612024159	1.0124699
117	156.19284648123568	0.9983363
118	152.28430684222977	0.99239403
119	148.37576720322386	1.0204829
120	144.46722756421792	0.9791875
121	140.558687925212	1.01416
122	136.6501482862061	0.98631513
123	132.74160864720017	1.0087398
124	128.83306900819426	0.99233484
125	124.92452936918835	1.0284474
126	121.01598973018243	1.045161
127	117.10745009117652	0.9741732
128	113.1989104521706	1.0074065
129	109.29037081316469	1.029198
130	105.38183117415875	0.9936888
131	101.47329153515284	1.0350218
132	97.56475189614692	0.95923424
133	93.65621225714101	0.97550774
134	89.7476726181351	0.991359
135	85.83913297912918	1.0153756
136	81.93059334012327	1.0244696
137	78.02205370111734	1.0281163
138	74.11351406211143	0.9693151
139	70.20497442310551	0.9560305
140	66.2964347840996	1.0066254
141	62.38789514509368	0.9958068
142	58.479355506087764	1.0259356
143	54.57081586708184	1.0127023
144	50.662276228075925	0.98257697
145	46.75373658907001	1.0012318
146	42.84519695006409	0.980934
147	38.93665731105818	1.033207
148	35.02811767205227	0.929145
149	31.11957803304635	0.99028784
150	27.21103839404043	0.993448
151	23.302498755034517	0.98248786
152	19.3939591160286	1.0323217
153	15.485419477022685	1.0580237
154	11.57687983801677	1.13908
155	7.668340199010853	1.1102371
156	3.759800560004937	0.5863254
157	-0.14873907900097955	0.6561365
158	-4.057278718006896	0.94973725
159	-7.965818357012812	0.88355935
160	-11.874357996018727	0.94614017
161	-15.782897635024643	1.0084313
162	-19.69143727403056	0.9448594
163	-23.59997691303648	0.9615228
164	-27.508516552042394	1.0237119
165	-31.41705619104831	0.9967362
166	-35.325595830054226	0.922135
167	-39.23413546906014	0.93893665
168	-43.14267510806606	0.97515655
169	-47.051214747122295	0.95306593
170	-50.95975438612821	0.99825996
171	-54.86829402513413	0.97685647
172	-58.77683366414005	0.96128356
173	-62.685373303145965	1.0046864
174	-66.59391294215187	0.9720445
175	-70.50245258115778	0.99383974
176	-74.41099222016369	0.98347944
177	-78.31953185916963	0.98314637
178	-82.22807149817554	0.9958734
179	-86.13661113718146	0.998108
180	-90.04515077618737	0.98086214
181	-93.95369041519328	0.9856521
182	-97.8622300541992	0.9469001
183	-101.77076969320511	0.9983588
184	-105.67930933221103	0.9957046
185	-109.58784897121694	1.0086495
186	-113.49638861022287	1.020384
187	-117.40492824922877	1.0319996
188	-121.3134678882347	0.9832584
189	-125.2220075272406	1.0174974
190	-129.13054716624652	1.0520941
191	-133.03908680525242	0.99870074
192	-136.94762644425836	1.05102
193	-140.85616608326427	0.99886435
194	-144.7647057222702	1.0476202
195	-148.67324536127612	1.0015349
196	-152.58178500028203	1.0138975
197	-156.49032463928793	1.002073
198	-160.39886427829387	1.0280446
199	-164.30740391729978	0.9906591
200	-168.2159435563057	1.0206736
201	-172.1244831953116	0.97681934
202	-176.0330228343175	0.947084
203	-179.94156247332344	0.97724813
204	-183.85010211232935	0.9887984
205	-187.75864175133526	1.0214013
206	-191.66718139034117	0.98836046
207	-195.5757210293471	1.0226678
208	-199.48426066835302	1.0103409
209	-203.39280030735893	0.9913697
210	-207.30133994636483	1.0033745
211	-211.20987958537074	0.9966545
212	-215.11841922437668	1.0813454
213	-219.0269588633826	0.9985606
214	-222.9354985023885	0.97591245
215	-226.8440381413944	1.030551
216	-230.75257778040034	1.0245173
217	-234.66111741940625	1.0329976
218	-238.56965705841216	0.99041873
219	-242.47819669741807	1.0271721
220	-246.38673633642404	0.962348
221	-250.29527597542994	0.9696835
222	-254.20381561443585	1.0259835
223	-258.11235525344176	1.0054218
224	-262.0208948924477	1.0038624
225	-265.9294345314536	0.99076885
226	-269.8379741704595	0.98854804
227	-273.74651380946545	0.97002834
228	-277.65505344847134	1.0142965
229	-281.5635930874773	1.0058687
230	-285.47213272648315	1.0281953
231	-289.3806723654891	0.98055273
232	-293.28921200449497	1.0238124
233	-297.1977516435009	1.0205344
234	-301.1062912825068	1.0769137
235	-305.0148309215127	1.0469853
236	-308.92337056051866	1.0084411
237	-312.83191019952454	0.96273285
238	-316.74044983853054	1.0064307
239	-320.6489894775364	1.0078657
240	-324.55752911654236	0.9846331
241	-328.4660687555483	1.0067118
242	-332.3746083945542	1.0059165
243	-336.2831480335601	1.0
244	-340.19168767256605	1.0
245	-344.1002273115719	1.0
246	-348.00876695057786	1.0
247	-351.91730658958375	1.0
248	-355.8258462285897	1.0
249	-359.7343858675956	1.0
250	-363.6429255066015	1.0
251	-367.55146514560744	1.0
252	-371.4600047846133	1.0
253	-375.36854442361926	1.0
254	-379.2770840626252	1.0
255	-383.1856237016311	1.0
256	-387.094163340637	1.0
257	-391.0027029796429	1.0
258	-394.9112426186488	1.0
259	-398.81978225765477	1.0
260	-402.72832189666065	1.0
261	-406.6368615356666	1.0
262	-410.5454011746725	1.0
263	-414.4539408136784	1.0
264	-418.36248045268434	1.0
265	-422.2710200916902	1.0
266	-426.17955973069616	1.0
267	-430.0880993697021	1.0
268	-433.996639008708	1.0
269	-437.9051786477139	1.0
