	velocity	Amplitude
0	613.8291914010402	0.992457
1	609.9206517620343	0.99518377
2	606.0121121230285	0.98722804
3	602.1035724840225	0.99287415
4	598.1950328450166	0.99345374
5	594.2864932060106	1.0041779
6	590.3779535670046	1.0149963
7	586.4694139279989	0.970186
8	582.5608742889929	0.99553126
9	578.652334649987	0.9994642
10	574.7437950109811	0.9953147
11	570.8352553719751	1.029076
12	566.9267157329692	0.9920875
13	563.0181760939633	1.034552
14	559.1096364549574	0.9858318
15	555.2010968159515	1.0133398
16	551.2925571769456	1.0027105
17	547.3840175379397	1.0035675
18	543.4754778989337	1.0027386
19	539.5669382599278	0.99941164
20	535.658398620922	0.98424464
21	531.749858981916	0.99486125
22	527.8413193429101	0.9918119
23	523.9327797039042	0.9924234
24	520.0242400648982	1.0190657
25	516.1157004258923	1.0108638
26	512.2071607868864	1.0114627
27	508.2986211478805	0.9821355
28	504.3900815088746	1.0033232
29	500.4815418698687	1.003403
30	496.57300223086276	1.0056428
31	492.6644625918569	0.9995417
32	488.75592295285094	0.9987462
33	484.847383313845	1.0083201
34	480.9388436748391	0.9816037
35	477.0303040358332	0.98417586
36	473.1217643968273	1.0124207
37	469.21322475782137	0.9781394
38	465.3046851188154	0.98651737
39	461.39614547980955	1.0193049
40	457.48760584080355	1.0168548
41	453.5790662017976	0.9993736
42	449.67052656279174	0.9855287
43	445.7619869237858	1.008022
44	441.85344728477986	0.98602027
45	437.944907645774	1.0144057
46	434.03636800676804	1.0128326
47	430.12782836776216	1.0150335
48	426.2192887287562	0.98333955
49	422.3107490897503	0.9842559
50	418.4022094507444	1.0153754
51	414.49366981173847	0.9943711
52	410.5851301727326	0.98794085
53	406.67659053372665	0.99453604
54	402.7680508947207	0.9971835
55	398.85951125571484	1.0189866
56	394.9509716167089	1.014673
57	391.04243197765265	0.9988689
58	387.1338923386468	0.99307615
59	383.22535269964084	1.008045
60	379.31681306063496	0.9859459
61	375.408273421629	1.0079994
62	371.4997337826231	0.98008984
63	367.5911941436172	1.0302185
64	363.68265450461126	1.0003334
65	359.7741148656053	0.99079126
66	355.86557522659945	0.99033624
67	351.9570355875935	1.0003765
68	348.04849594858763	1.0112966
69	344.1399563095817	0.9971653
70	340.23141667057575	1.0036054
71	336.3228770315699	1.0000819
72	332.41433739256394	1.0277241
73	328.50579775355806	0.9733052
74	324.5972581145521	0.9897057
75	320.6887184755462	0.9878022
76	316.7801788365403	1.0157809
77	312.87163919753436	1.0024039
78	308.9630995585285	1.0196731
79	305.05455991952255	1.0059153
80	301.1460202805166	0.98556024
81	297.23748064151073	0.98814124
82	293.3289410025048	0.9782829
83	289.42040136349885	0.9868853
84	285.511861724493	1.0138814
85	281.60332208548704	1.0164473
86	277.6947824464811	1.0027275
87	273.78624280747516	0.9840203
88	269.8777031684693	0.9865699
89	265.96916352946334	1.0013092
90	262.06062389045746	0.99102336
91	258.1520842514515	1.0153288
92	254.24354461244562	1.0070413
93	250.3350049734397	1.0030351
94	246.42646533443377	0.99056494
95	242.51792569542786	0.9984529
96	238.60938605642195	0.97500914
97	234.70084641741605	1.0166955
98	230.7923067784101	1.0207838
99	226.8837671394042	1.0082922
100	222.9752275003983	0.99514586
101	219.06668786139238	0.98332614
102	215.15814822238647	1.0220683
103	211.24960858338054	1.0034908
104	207.34106894437463	1.0039237
105	203.43252930536872	1.0049887
106	199.5239896663628	1.0057524
107	195.61545002735687	0.9977346
108	191.70691038835096	1.0132521
109	187.79837074934505	0.9969379
110	183.88983111033914	1.0017244
111	179.98129147133324	1.0045549
112	176.0727518323273	1.0243665
113	172.1642121933214	0.9975916
114	168.25567255431548	1.0046571
115	164.34713291530957	0.9840406
116	160.43859327630364	1.0087379
117	156.53005363729773	0.98516905
118	152.62151399829182	1.0053649
119	148.7129743592859	0.9999624
120	144.80443472027997	0.987265
121	140.89589508127406	1.023194
122	136.98735544226815	1.0117947
123	133.07881580326222	1.03235
124	129.1702761642563	0.9914661
125	125.26173652525041	0.99384075
126	121.35319688624449	1.0005672
127	117.44465724723858	0.9945544
128	113.53611760823266	1.0231872
129	109.62757796922675	0.99029416
130	105.71903833022081	0.9875321
131	101.8104986912149	1.0040102
132	97.90195905220898	1.0013049
133	93.99341941320307	0.99347395
134	90.08487977419716	1.0040683
135	86.17634013519124	1.0073619
136	82.26780049618533	1.0158615
137	78.35926085717941	1.0273318
138	74.4507212181735	0.9874689
139	70.54218157916758	1.0186037
140	66.63364194016167	1.0087478
141	62.725102301155744	0.98105127
142	58.81656266214983	0.9892945
143	54.908023023143905	1.0214102
144	50.99948338413799	1.0060761
145	47.09094374513207	1.0111951
146	43.18240410612616	0.9853317
147	39.27386446712024	0.9895535
148	35.36532482811433	0.98841316
149	31.456785189108416	0.9839832
150	27.548245550102497	0.99048585
151	23.639705911096584	1.02132
152	19.731166272090668	1.0211632
153	15.82262663308475	1.0542697
154	11.914086994078836	1.0745254
155	8.005547355072919	1.0051622
156	4.097007716067003	0.4962266
157	0.18846807706108631	0.7899809
158	-3.7200715619448297	0.9465007
159	-7.628611200950746	0.9194523
160	-11.537150839956661	0.893221
161	-15.445690478962577	0.93903106
162	-19.35423011796849	0.97284687
163	-23.26276975697441	0.9843753
164	-27.171309395980327	1.022572
165	-31.079849034986243	0.9663279
166	-34.98838867399216	0.97507143
167	-38.89692831299808	0.99277997
168	-42.805467952003994	1.0151291
169	-46.71400759106023	0.9951556
170	-50.62254723006615	1.0117913
171	-54.53108686907206	1.0015507
172	-58.439626508077986	1.0175996
173	-62.3481661470839	0.9728866
174	-66.25670578608981	1.0022161
175	-70.16524542509572	0.99749076
176	-74.07378506410163	0.9971916
177	-77.98232470310757	1.0033399
178	-81.89086434211347	1.0012294
179	-85.7994039811194	1.0097071
180	-89.7079436201253	1.0095046
181	-93.61648325913121	0.99773365
182	-97.52502289813714	0.99417686
183	-101.43356253714305	1.0094333
184	-105.34210217614897	1.0019224
185	-109.25064181515488	0.9949847
186	-113.1591814541608	1.0010852
187	-117.06772109316671	0.9933111
188	-120.97626073217263	0.9992687
189	-124.88480037117854	1.0215633
190	-128.79334001018447	1.0012555
191	-132.70187964919037	1.0067217
192	-136.6104192881963	0.9936422
193	-140.51895892720222	1.0104767
194	-144.42749856620816	1.0051239
195	-148.33603820521407	0.9913498
196	-152.24457784421998	0.99336064
197	-156.15311748322588	0.9947872
198	-160.06165712223182	0.9836747
199	-163.97019676123773	0.9825185
200	-167.87873640024364	0.9865575
201	-171.78727603924955	0.995616
202	-175.69581567825546	1.0154295
203	-179.6043553172614	0.9976638
204	-183.5128949562673	1.0009961
205	-187.4214345952732	0.99607706
206	-191.32997423427912	1.0115837
207	-195.23851387328506	1.0029275
208	-199.14705351229097	0.9961623
209	-203.05559315129688	0.9976646
210	-206.96413279030278	1.0098693
211	-210.8726724293087	0.9871564
212	-214.78121206831463	0.9978815
213	-218.68975170732054	0.9963274
214	-222.59829134632645	1.014207
215	-226.50683098533236	0.97360516
216	-230.4153706243383	0.99759805
217	-234.3239102633442	1.0190052
218	-238.2324499023501	0.992695
219	-242.14098954135602	0.9830214
220	-246.049529180362	1.0052925
221	-249.9580688193679	1.0077916
222	-253.8666084583738	0.9850127
223	-257.7751480973797	1.0033097
224	-261.68368773638565	1.0186436
225	-265.59222737539153	1.0079824
226	-269.50076701439747	1.0001127
227	-273.4093066534034	1.0011468
228	-277.3178462924093	1.0089679
229	-281.2263859314152	1.0146419
230	-285.1349255704211	0.9953473
231	-289.04346520942704	1.0237099
232	-292.9520048484329	0.9956979
233	-296.86054448743886	0.9893642
234	-300.76908412644474	1.0092667
235	-304.6776237654507	0.9973514
236	-308.5861634044566	1.0055611
237	-312.4947030434625	1.0077242
238	-316.4032426824685	1.0167413
239	-320.31178232147437	0.99928135
240	-324.2203219604803	0.97626054
241	-328.12886159948624	1.0167675
242	-332.0374012384921	1.0166974
243	-335.94594087749806	1.0
244	-339.854480516504	1.0
245	-343.7630201555099	1.0
246	-347.6715597945158	1.0
247	-351.5800994335217	1.0
248	-355.48863907252763	1.0
249	-359.39717871153357	1.0
250	-363.30571835053945	1.0
251	-367.2142579895454	1.0
252	-371.12279762855127	1.0
253	-375.0313372675572	1.0
254	-378.93987690656314	1.0
255	-382.848416545569	1.0
256	-386.75695618457496	1.0
257	-390.66549582358084	1.0
258	-394.5740354625868	1.0
259	-398.4825751015927	1.0
260	-402.3911147405986	1.0
261	-406.29965437960453	1.0
262	-410.20819401861047	1.0
263	-414.11673365761635	1.0
264	-418.0252732966223	1.0
265	-421.93381293562817	1.0
266	-425.8423525746341	1.0
267	-429.75089221364004	1.0
268	-433.6594318526459	1.0
269	-437.56797149165186	1.0
