	velocity	Amplitude
0	612.9505956226155	1.003202
1	609.0420559836095	0.9927994
2	605.1335163446038	1.0193145
3	601.2249767055978	0.98871094
4	597.3164370665919	1.0082871
5	593.4078974275859	1.0029631
6	589.4993577885799	0.982019
7	585.5908181495741	0.9951269
8	581.6822785105682	1.0024385
9	577.7737388715623	0.99623245
10	573.8651992325564	1.0035238
11	569.9566595935504	1.0080324
12	566.0481199545445	0.9903752
13	562.1395803155386	1.0016904
14	558.2310406765326	1.0019307
15	554.3225010375268	1.0075867
16	550.4139613985209	0.9962388
17	546.505421759515	1.0016981
18	542.596882120509	1.0090561
19	538.6883424815031	0.9946466
20	534.7798028424972	0.99480504
21	530.8712632034913	0.996755
22	526.9627235644854	0.99805987
23	523.0541839254795	1.0020251
24	519.1456442864735	0.98659563
25	515.2371046474676	0.99260384
26	511.32856500846174	1.0003693
27	507.4200253694558	1.0051436
28	503.51148573044986	0.9895044
29	499.602946091444	1.0052681
30	495.69440645243805	0.99126554
31	491.78586681343216	1.0064542
32	487.8773271744262	0.99432933
33	483.9687875354203	0.9995263
34	480.0602478964144	1.0163982
35	476.1517082574085	1.0137228
36	472.2431686184026	1.0023577
37	468.33462897939665	1.0083665
38	464.4260893403907	1.0125324
39	460.51754970138484	1.0083086
40	456.60901006237884	1.0147591
41	452.7004704233729	0.9987866
42	448.791930784367	0.99274266
43	444.8833911453611	0.99929273
44	440.97485150635515	0.9878878
45	437.06631186734927	1.0120039
46	433.15777222834333	1.009388
47	429.24923258933745	1.0123286
48	425.3406929503315	1.000653
49	421.4321533113256	0.9951302
50	417.5236136723197	1.0059599
51	413.61507403331376	1.0104779
52	409.7065343943079	1.0203627
53	405.79799475530194	1.000481
54	401.889455116296	1.0022969
55	397.9809154772901	1.0016667
56	394.0723758382842	1.002286
57	390.16383619922794	1.0038383
58	386.25529656022206	1.0191791
59	382.3467569212161	1.0141627
60	378.43821728221025	0.9961295
61	374.5296776432043	1.0049014
62	370.6211380041984	1.0062473
63	366.7125983651925	0.99479705
64	362.80405872618655	1.0042166
65	358.8955190871806	1.0000415
66	354.98697944817474	0.9986638
67	351.0784398091688	1.0054729
68	347.1699001701629	0.99977595
69	343.261360531157	1.0036219
70	339.35282089215104	0.99506783
71	335.44428125314516	0.99841124
72	331.5357416141392	0.99714303
73	327.62720197513335	0.99368393
74	323.7186623361274	0.9929563
75	319.81012269712147	1.0047338
76	315.9015830581156	1.0133471
77	311.99304341910965	0.99971145
78	308.0845037801038	0.9906788
79	304.17596414109784	1.0001916
80	300.2674245020919	1.0063951
81	296.358884863086	1.0107951
82	292.4503452240801	0.9934239
83	288.54180558507414	1.0008782
84	284.63326594606826	1.0093687
85	280.7247263070623	1.0029993
86	276.8161866680564	0.9965694
87	272.90764702905045	1.0075358
88	268.99910739004457	0.9997176
89	265.09056775103863	1.0033323
90	261.18202811203275	0.99480224
91	257.2734884730268	0.9954454
92	253.3649488340209	0.98628443
93	249.456409195015	0.98086166
94	245.54786955600906	0.99065727
95	241.63932991700315	0.99272764
96	237.73079027799724	1.0015855
97	233.82225063899133	0.989991
98	229.9137109999854	1.0006876
99	226.0051713609795	0.9919073
100	222.09663172197358	1.0045621
101	218.18809208296767	1.0008643
102	214.27955244396176	0.96980125
103	210.37101280495583	0.9927583
104	206.46247316594992	1.0054396
105	202.553933526944	1.0087125
106	198.6453938879381	1.0062977
107	194.73685424893216	0.9908662
108	190.82831460992625	0.9900755
109	186.91977497092034	0.98759705
110	183.01123533191443	0.9930946
111	179.10269569290853	0.9849599
112	175.1941560539026	0.9989185
113	171.28561641489668	0.99501044
114	167.37707677589077	0.99348515
115	163.46853713688486	1.001514
116	159.55999749787892	0.99431515
117	155.65145785887302	0.99592
118	151.7429182198671	0.98954487
119	147.8343785808612	1.0008199
120	143.92583894185526	0.9971538
121	140.01729930284935	0.9855762
122	136.10875966384344	0.9925435
123	132.2002200248375	0.99754274
124	128.2916803858316	1.000584
125	124.38314074682569	0.99847746
126	120.47460110781977	0.98345846
127	116.56606146881386	0.99831456
128	112.65752182980793	0.9935827
129	108.74898219080202	0.9886131
130	104.84044255179609	1.0069101
131	100.93190291279018	1.0096953
132	97.02336327378426	0.9864653
133	93.11482363477835	0.99855214
134	89.20628399577244	1.0098302
135	85.29774435676651	0.9846134
136	81.3892047177606	1.0021064
137	77.48066507875468	0.9965056
138	73.57212543974877	0.9995623
139	69.66358580074285	0.98960525
140	65.75504616173694	0.9886176
141	61.84650652273102	1.0041093
142	57.9379668837251	0.9902922
143	54.02942724471918	0.9859338
144	50.120887605713264	0.9914963
145	46.21234796670735	0.99183613
146	42.30380832770143	0.9811455
147	38.395268688695516	0.97823036
148	34.48672904968961	0.98968333
149	30.578189410683688	0.9966923
150	26.66964977167777	0.9830033
151	22.761110132671856	1.0082226
152	18.85257049366594	1.012539
153	14.944030854660024	1.0486445
154	11.03549121565411	1.0710442
155	7.126951576648192	0.8451855
156	3.2184119376422764	0.76781255
157	-0.6901277013636398	0.9162123
158	-4.5986673403695555	0.9817566
159	-8.507206979375471	0.983547
160	-12.415746618381387	0.9763455
161	-16.324286257387303	0.97566944
162	-20.23282589639322	0.9709933
163	-24.14136553539914	0.99504566
164	-28.049905174405055	0.98352504
165	-31.95844481341097	0.9902791
166	-35.86698445241689	0.9925416
167	-39.7755240914228	1.0003034
168	-43.68406373042872	0.9974395
169	-47.592603369484955	0.99640805
170	-51.50114300849087	1.021426
171	-55.40968264749679	0.9934549
172	-59.31822228650271	1.0037533
173	-63.226761925508626	1.0189948
174	-67.13530156451453	0.999521
175	-71.04384120352044	0.997726
176	-74.95238084252635	0.99675244
177	-78.86092048153229	1.0100164
178	-82.7694601205382	0.98383003
179	-86.67799975954412	1.0042868
180	-90.58653939855003	0.98874474
181	-94.49507903755594	0.9995864
182	-98.40361867656186	0.98449814
183	-102.31215831556777	0.98745376
184	-106.2206979545737	0.9831648
185	-110.1292375935796	0.9910287
186	-114.03777723258553	0.9964036
187	-117.94631687159143	1.0003394
188	-121.85485651059736	1.0021794
189	-125.76339614960327	0.9912132
190	-129.67193578860918	1.0019059
191	-133.58047542761508	1.000006
192	-137.48901506662102	1.0026609
193	-141.39755470562693	0.987443
194	-145.30609434463287	0.993865
195	-149.21463398363878	0.997715
196	-153.12317362264469	0.9966658
197	-157.0317132616506	0.9980693
198	-160.94025290065653	0.99246144
199	-164.84879253966244	1.0150622
200	-168.75733217866835	1.0020846
201	-172.66587181767426	1.0176127
202	-176.57441145668017	1.00354
203	-180.4829510956861	0.99381804
204	-184.391490734692	1.0089121
205	-188.30003037369792	0.9962845
206	-192.20857001270383	0.99680984
207	-196.11710965170977	0.9971255
208	-200.02564929071568	1.0006763
209	-203.93418892972159	0.9932463
210	-207.8427285687275	1.0001324
211	-211.7512682077334	1.0121628
212	-215.65980784673934	0.9976355
213	-219.56834748574525	0.99575645
214	-223.47688712475116	1.0061996
215	-227.38542676375707	1.0029445
216	-231.293966402763	0.99101347
217	-235.2025060417689	1.0028093
218	-239.11104568077482	1.003425
219	-243.01958531978073	0.99915475
220	-246.9281249587867	1.0061495
221	-250.8366645977926	1.0063951
222	-254.74520423679851	0.9960702
223	-258.6537438758044	1.0028001
224	-262.56228351481036	1.0113727
225	-266.47082315381624	1.0037125
226	-270.3793627928222	1.0024791
227	-274.2879024318281	1.0011761
228	-278.196442070834	1.0076344
229	-282.10498170983993	1.0109836
230	-286.0135213488458	1.0110693
231	-289.92206098785175	1.007669
232	-293.83060062685763	1.0151966
233	-297.73914026586357	0.9956243
234	-301.64767990486945	1.0051005
235	-305.5562195438754	1.0120685
236	-309.4647591828813	1.0076957
237	-313.3732988218872	1.0064594
238	-317.2818384608932	1.0037619
239	-321.1903780998991	0.9937697
240	-325.098917738905	1.0181743
241	-329.00745737791095	1.0093138
242	-332.91599701691683	1.0042884
243	-336.82453665592277	1.0
244	-340.7330762949287	1.0
245	-344.6416159339346	1.0
246	-348.5501555729405	1.0
247	-352.4586952119464	1.0
248	-356.36723485095234	1.0
249	-360.2757744899583	1.0
250	-364.18431412896416	1.0
251	-368.0928537679701	1.0
252	-372.001393406976	1.0
253	-375.9099330459819	1.0
254	-379.81847268498785	1.0
255	-383.72701232399373	1.0
256	-387.63555196299967	1.0
257	-391.54409160200555	1.0
258	-395.4526312410115	1.0
259	-399.3611708800174	1.0
260	-403.2697105190233	1.0
261	-407.17825015802924	1.0
262	-411.0867897970352	1.0
263	-414.99532943604106	1.0
264	-418.903869075047	1.0
265	-422.8124087140529	1.0
266	-426.7209483530588	1.0
267	-430.62948799206475	1.0
268	-434.53802763107063	1.0
269	-438.44656727007657	1.0
