	velocity	Amplitude
0	614.0622136739437	0.94831026
1	610.1536740349377	1.0102409
2	606.2451343959319	1.0728745
3	602.3365947569259	0.9503742
4	598.42805511792	1.0275642
5	594.5195154789141	1.0492721
6	590.6109758399081	1.103037
7	586.7024362009023	0.95814073
8	582.7938965618963	0.88772833
9	578.8853569228904	0.98295045
10	574.9768172838845	0.98554885
11	571.0682776448785	1.0136781
12	567.1597380058727	1.0922964
13	563.2511983668668	0.98910946
14	559.3426587278608	1.0389023
15	555.4341190888549	0.98615235
16	551.525579449849	1.0185395
17	547.6170398108432	0.879112
18	543.7085001718372	0.94343823
19	539.7999605328313	1.0012887
20	535.8914208938254	1.011519
21	531.9828812548194	1.023526
22	528.0743416158135	1.0074414
23	524.1658019768076	0.9972647
24	520.2572623378016	0.9517769
25	516.3487226987958	1.0559155
26	512.4401830597899	0.8736865
27	508.531643420784	1.0516754
28	504.62310378177807	0.9958691
29	500.7145641427722	0.9841157
30	496.80602450376625	0.9398416
31	492.8974848647604	0.9729979
32	488.98894522575443	1.0224842
33	485.0804055867485	0.96255124
34	481.1718659477426	0.9688762
35	477.2633263087367	1.0544848
36	473.3547866697308	0.9780753
37	469.44624703072486	1.0382687
38	465.5377073917189	0.9881219
39	461.62916775271304	0.99039245
40	457.72062811370705	0.74248135
41	453.8120884747011	0.98434114
42	449.90354883569523	1.0989565
43	445.9950091966893	0.9746368
44	442.08646955768336	1.1396923
45	438.1779299186775	1.0174978
46	434.26939027967154	1.0263613
47	430.36085064066566	0.9924903
48	426.4523110016597	1.059627
49	422.5437713626538	1.0353305
50	418.6352317236479	1.053155
51	414.72669208464197	0.92265815
52	410.8181524456361	1.0307424
53	406.90961280663015	0.98307776
54	403.0010731676242	1.0291384
55	399.09253352861833	0.97615856
56	395.1839938896124	0.95743454
57	391.27545425055615	1.0058311
58	387.36691461155027	0.9107773
59	383.45837497254433	1.0408678
60	379.54983533353845	1.0377802
61	375.6412956945325	1.0409607
62	371.7327560555266	0.9328311
63	367.8242164165207	1.0148823
64	363.91567677751476	0.96329087
65	360.0071371385088	0.9816737
66	356.09859749950294	1.0162017
67	352.190057860497	0.95925945
68	348.2815182214911	0.9490587
69	344.3729785824852	1.0629805
70	340.46443894347925	1.0428259
71	336.55589930447337	0.98811615
72	332.64735966546743	1.044755
73	328.73882002646155	1.0976477
74	324.8302803874556	1.1042444
75	320.9217407484497	1.0652381
76	317.0132011094438	1.0058753
77	313.10466147043786	1.0671085
78	309.196121831432	0.89087754
79	305.28758219242604	0.86137706
80	301.3790425534201	0.946051
81	297.4705029144142	1.0111411
82	293.5619632754083	0.8785574
83	289.65342363640235	0.9625983
84	285.74488399739647	1.0029467
85	281.83634435839053	1.0096742
86	277.9278047193846	1.0476643
87	274.01926508037866	1.0453361
88	270.1107254413728	0.9963945
89	266.20218580236684	1.017029
90	262.29364616336096	0.93713355
91	258.385106524355	0.871253
92	254.4765668853491	0.95682997
93	250.56802724634318	0.91344726
94	246.65948760733724	1.1144376
95	242.75094796833133	0.9369508
96	238.84240832932542	0.9271792
97	234.9338686903195	0.87219185
98	231.02532905131358	1.0159698
99	227.11678941230767	0.95262754
100	223.20824977330176	0.99049884
101	219.29971013429585	1.0652404
102	215.39117049528994	0.9487971
103	211.482630856284	1.09833
104	207.5740912172781	0.99984694
105	203.6655515782722	1.1102581
106	199.75701193926628	0.8965337
107	195.84847230026034	0.97634834
108	191.93993266125443	1.0109619
109	188.03139302224852	1.0364178
110	184.1228533832426	1.0678854
111	180.2143137442367	0.9794627
112	176.30577410523077	0.9917747
113	172.39723446622486	0.9997095
114	168.48869482721895	0.984868
115	164.58015518821304	1.0871959
116	160.6716155492071	1.0190332
117	156.7630759102012	0.98682773
118	152.8545362711953	1.0491327
119	148.94599663218938	1.0587585
120	145.03745699318344	0.97552955
121	141.12891735417753	1.124409
122	137.22037771517162	1.0711569
123	133.31183807616569	0.8927847
124	129.40329843715978	0.98675704
125	125.49475879815387	1.004789
126	121.58621915914794	1.0552727
127	117.67767952014204	1.028313
128	113.76913988113611	1.0171198
129	109.8606002421302	1.0786698
130	105.95206060312427	1.0157435
131	102.04352096411836	1.0789059
132	98.13498132511243	0.95039874
133	94.22644168610653	0.98155355
134	90.31790204710062	1.136676
135	86.4093624080947	0.9988052
136	82.50082276908878	1.0142813
137	78.59228313008286	0.92987126
138	74.68374349107695	0.96711725
139	70.77520385207103	1.0402858
140	66.86666421306512	0.91401976
141	62.95812457405921	0.958487
142	59.049584935053296	0.9647871
143	55.14104529604737	1.0889864
144	51.23250565704146	0.98011255
145	47.32396601803554	1.0236644
146	43.415426379029626	0.8778224
147	39.50688674002371	0.9539193
148	35.5983471010178	0.9331315
149	31.68980746201188	0.99205965
150	27.78126782300596	0.9992233
151	23.87272818400005	0.96828747
152	19.964188544994133	1.0447747
153	16.055648905988214	1.0738217
154	12.1471092669823	1.0644529
155	8.238569627976384	1.1009296
156	4.330029988970467	0.4832572
157	0.4214903499645511	0.60306513
158	-3.487049289041365	1.1280729
159	-7.395588928047281	0.86791295
160	-11.304128567053198	0.84995085
161	-15.212668206059114	0.783238
162	-19.121207845065026	0.92699486
163	-23.029747484070946	1.0029161
164	-26.93828712307686	1.0634295
165	-30.846826762082777	1.1254388
166	-34.75536640108869	1.2589259
167	-38.66390604009461	0.9449639
168	-42.572445679100525	0.9049176
169	-46.48098531815676	0.8341813
170	-50.38952495716268	1.1044408
171	-54.298064596168594	1.0678368
172	-58.20660423517452	1.0230615
173	-62.11514387418043	0.96578956
174	-66.02368351318636	1.0032973
175	-69.93222315219226	0.87088376
176	-73.84076279119817	1.0941298
177	-77.74930243020411	1.05702
178	-81.65784206921002	1.0276531
179	-85.56638170821594	0.9603244
180	-89.47492134722185	1.1062467
181	-93.38346098622776	1.0004332
182	-97.29200062523368	0.9467581
183	-101.20054026423959	0.8659691
184	-105.10907990324552	1.0259864
185	-109.01761954225142	1.0359784
186	-112.92615918125735	1.0386659
187	-116.83469882026326	1.0253984
188	-120.74323845926918	0.966679
189	-124.65177809827509	1.0137671
190	-128.560317737281	1.0128593
191	-132.4688573762869	1.0238582
192	-136.37739701529284	1.0952334
193	-140.28593665429875	1.0116147
194	-144.1944762933047	0.96095425
195	-148.1030159323106	0.9349721
196	-152.0115555713165	1.0234199
197	-155.92009521032242	1.0225352
198	-159.82863484932835	1.0136544
199	-163.73717448833426	1.0818007
200	-167.64571412734017	1.083847
201	-171.55425376634608	1.0176853
202	-175.462793405352	1.0472542
203	-179.37133304435793	1.0824051
204	-183.27987268336383	0.89718056
205	-187.18841232236974	0.985727
206	-191.09695196137565	0.8975286
207	-195.0054916003816	1.0580255
208	-198.9140312393875	0.9692261
209	-202.8225708783934	0.9981385
210	-206.73111051739932	0.96782297
211	-210.63965015640522	1.0564032
212	-214.54818979541116	1.0119097
213	-218.45672943441707	1.0081818
214	-222.36526907342298	0.91082615
215	-226.2738087124289	0.96460867
216	-230.18234835143483	1.0167134
217	-234.09088799044073	0.8986818
218	-237.99942762944664	0.8877273
219	-241.90796726845255	0.95132834
220	-245.81650690745852	1.0064354
221	-249.72504654646443	0.94881415
222	-253.63358618547034	0.95715684
223	-257.5421258244762	1.0704807
224	-261.45066546348215	1.0623515
225	-265.35920510248803	1.0639073
226	-269.26774474149397	1.1390384
227	-273.1762843804999	0.999603
228	-277.0848240195058	0.874544
229	-280.9933636585117	0.929738
230	-284.9019032975176	1.10249
231	-288.81044293652354	0.9415701
232	-292.7189825755294	0.94379145
233	-296.62752221453536	1.0844922
234	-300.53606185354124	1.0537907
235	-304.4446014925472	0.9745341
236	-308.3531411315531	1.0183287
237	-312.261680770559	1.0054355
238	-316.170220409565	0.9247267
239	-320.07876004857087	0.93179697
240	-323.9872996875768	0.9681116
241	-327.89583932658275	0.9156933
242	-331.8043789655886	1.0105088
243	-335.71291860459456	1.0
244	-339.6214582436005	1.0
245	-343.5299978826064	1.0
246	-347.4385375216123	1.0
247	-351.3470771606182	1.0
248	-355.25561679962414	1.0
249	-359.1641564386301	1.0
250	-363.07269607763595	1.0
251	-366.9812357166419	1.0
252	-370.88977535564777	1.0
253	-374.7983149946537	1.0
254	-378.70685463365965	1.0
255	-382.6153942726655	1.0
256	-386.52393391167146	1.0
257	-390.43247355067734	1.0
258	-394.3410131896833	1.0
259	-398.2495528286892	1.0
260	-402.1580924676951	1.0
261	-406.06663210670104	1.0
262	-409.975171745707	1.0
263	-413.88371138471285	1.0
264	-417.7922510237188	1.0
265	-421.70079066272467	1.0
266	-425.6093303017306	1.0
267	-429.51786994073655	1.0
268	-433.4264095797424	1.0
269	-437.33494921874836	1.0
