	velocity	Amplitude
0	613.4610250337702	0.9973652
1	609.5524853947642	1.0179298
2	605.6439457557584	1.0106491
3	601.7354061167524	0.9900994
4	597.8268664777465	0.98950934
5	593.9183268387405	1.0034796
6	590.0097871997345	1.0310321
7	586.1012475607288	0.99886
8	582.1927079217228	1.0009592
9	578.2841682827169	0.9824248
10	574.375628643711	1.0032324
11	570.467089004705	0.9979483
12	566.5585493656992	0.99463123
13	562.6500097266933	1.018069
14	558.7414700876873	1.0190097
15	554.8329304486814	0.9918888
16	550.9243908096755	1.0015099
17	547.0158511706696	1.0048279
18	543.1073115316636	0.9823569
19	539.1987718926578	0.99472743
20	535.2902322536519	1.0018662
21	531.3816926146459	0.99216133
22	527.47315297564	1.024854
23	523.5646133366341	0.993769
24	519.6560736976281	1.0079234
25	515.7475340586223	1.0001673
26	511.8389944196164	1.0146029
27	507.9304547806105	0.99366874
28	504.02191514160455	1.0261368
29	500.11337550259867	0.9881255
30	496.20483586359273	0.9804521
31	492.29629622458685	1.0065413
32	488.3877565855809	0.9855224
33	484.479216946575	1.015527
34	480.5706773075691	0.97944283
35	476.66213766856316	1.0354214
36	472.7535980295573	1.0155541
37	468.84505839055134	0.9972249
38	464.9365187515454	0.98765576
39	461.0279791125395	0.98579705
40	457.11943947353353	0.99306405
41	453.2108998345276	1.014344
42	449.3023601955217	0.9973108
43	445.3938205565158	0.97372365
44	441.48528091750984	0.9743469
45	437.57674127850396	1.0098422
46	433.668201639498	0.9950333
47	429.75966200049214	1.0149753
48	425.8511223614862	1.0157529
49	421.94258272248027	0.9901239
50	418.0340430834744	0.9976856
51	414.12550344446845	0.9927562
52	410.21696380546257	1.0139892
53	406.30842416645663	1.0316739
54	402.3998845274507	1.0057585
55	398.4913448884448	1.0028287
56	394.5828052494389	0.97571135
57	390.67426561038263	0.9982532
58	386.76572597137675	0.993663
59	382.8571863323708	0.98518
60	378.94864669336494	0.9946733
61	375.040107054359	0.99507594
62	371.13156741535306	0.9891017
63	367.2230277763472	0.97561324
64	363.31448813734124	1.0115272
65	359.4059484983353	0.9940887
66	355.4974088593294	1.0178682
67	351.5888692203235	0.9993315
68	347.6803295813176	1.0101486
69	343.77178994231167	0.98089135
70	339.86325030330573	0.9835858
71	335.95471066429985	0.98441947
72	332.0461710252939	0.99987245
73	328.13763138628804	0.9925741
74	324.2290917472821	1.0188355
75	320.32055210827616	0.9837591
76	316.4120124692703	0.99091476
77	312.50347283026434	0.9835629
78	308.59493319125846	0.9847209
79	304.6863935522525	1.0062239
80	300.7778539132466	1.0246123
81	296.8693142742407	1.0213364
82	292.96077463523477	1.0131713
83	289.05223499622883	1.0158575
84	285.14369535722295	1.0166373
85	281.235155718217	1.0135115
86	277.3266160792111	1.0188415
87	273.41807644020514	1.0097353
88	269.50953680119926	1.0132209
89	265.6009971621933	1.0222807
90	261.69245752318744	1.0250171
91	257.7839178841815	0.9902484
92	253.87537824517557	1.0025021
93	249.96683860616966	0.99116
94	246.05829896716372	0.98632157
95	242.1497593281578	1.0392227
96	238.2412196891519	0.9977536
97	234.332680050146	0.9991014
98	230.42414041114006	1.0009718
99	226.51560077213415	1.0032389
100	222.60706113312824	1.0157022
101	218.69852149412233	1.0267328
102	214.78998185511642	0.98119384
103	210.88144221611049	0.99245673
104	206.97290257710458	0.9717757
105	203.06436293809867	0.99662006
106	199.15582329909276	0.990587
107	195.24728366008682	0.97790694
108	191.3387440210809	1.031728
109	187.430204382075	0.9988731
110	183.5216647430691	0.99894094
111	179.6131251040632	0.99811065
112	175.70458546505725	0.9941552
113	171.79604582605134	0.9765462
114	167.88750618704543	0.994972
115	163.97896654803952	0.9883841
116	160.07042690903359	1.0072654
117	156.16188727002768	0.9951104
118	152.25334763102177	0.97623736
119	148.34480799201586	0.9941604
120	144.43626835300992	0.9917328
121	140.527728714004	1.0009303
122	136.6191890749981	1.0229392
123	132.71064943599217	1.0150402
124	128.80210979698626	1.0075278
125	124.89357015798036	0.97534555
126	120.98503051897444	0.9938907
127	117.07649087996853	1.0033128
128	113.16795124096261	0.9943209
129	109.2594116019567	1.00597
130	105.35087196295076	0.9984916
131	101.44233232394485	1.0142704
132	97.53379268493893	0.9961029
133	93.62525304593302	0.9751751
134	89.71671340692711	1.0140464
135	85.80817376792119	1.0022959
136	81.89963412891528	1.0362281
137	77.99109448990936	1.0230471
138	74.08255485090345	0.9979776
139	70.17401521189753	1.0011168
140	66.26547557289162	0.99438024
141	62.356935933885694	1.0028212
142	58.44839629487978	1.0040671
143	54.539856655873855	0.98627645
144	50.63131701686794	0.96868104
145	46.72277737786202	0.98582846
146	42.81423773885611	0.98142886
147	38.90569809985019	0.9872122
148	34.99715846084428	1.0180745
149	31.088618821838363	0.9763914
150	27.180079182832444	0.96920335
151	23.27153954382653	1.0296482
152	19.362999904820615	1.0293068
153	15.454460265814697	1.0783744
154	11.545920626808783	1.0994376
155	7.637380987802867	1.0165176
156	3.7288413487969505	0.64576906
157	-0.17969829020896572	0.8629558
158	-4.088237929214882	1.0065247
159	-7.996777568220798	0.90869635
160	-11.905317207226714	0.9499129
161	-15.81385684623263	0.94102454
162	-19.722396485238544	0.9545701
163	-23.630936124244464	0.96601963
164	-27.53947576325038	0.99878013
165	-31.448015402256296	0.9885044
166	-35.35655504126221	0.9860686
167	-39.26509468026813	1.0009075
168	-43.17363431927404	0.97991943
169	-47.08217395833028	0.96839637
170	-50.990713597336196	0.98945624
171	-54.89925323634211	1.0103536
172	-58.807792875348035	0.9840856
173	-62.71633251435395	0.9870005
174	-66.62487215335986	1.01227
175	-70.53341179236577	1.0032357
176	-74.44195143137168	0.9844123
177	-78.35049107037761	0.9902258
178	-82.25903070938352	0.9880627
179	-86.16757034838945	0.98850006
180	-90.07610998739536	1.0102512
181	-93.98464962640126	1.0163498
182	-97.89318926540719	1.0004549
183	-101.8017289044131	1.0099456
184	-105.71026854341902	0.99080145
185	-109.61880818242493	0.99547225
186	-113.52734782143085	0.97365147
187	-117.43588746043676	0.98180264
188	-121.34442709944268	0.9878159
189	-125.25296673844859	0.9881055
190	-129.16150637745451	0.9867606
191	-133.07004601646042	0.9789105
192	-136.97858565546636	0.98115236
193	-140.88712529447227	1.0028397
194	-144.7956649334782	0.9868443
195	-148.70420457248412	1.0022669
196	-152.61274421149002	1.0153304
197	-156.52128385049593	0.9995423
198	-160.42982348950187	1.0175388
199	-164.33836312850778	1.0034802
200	-168.2469027675137	1.0036788
201	-172.1554424065196	0.99435616
202	-176.0639820455255	1.0052831
203	-179.97252168453144	0.99230295
204	-183.88106132353735	0.99325675
205	-187.78960096254326	0.99632275
206	-191.69814060154917	0.98286086
207	-195.6066802405551	0.9871181
208	-199.51521987956102	0.9923337
209	-203.42375951856692	0.99791324
210	-207.33229915757283	1.0090197
211	-211.24083879657874	1.0097078
212	-215.14937843558468	0.9777167
213	-219.0579180745906	1.0146538
214	-222.9664577135965	1.0241526
215	-226.8749973526024	1.0087703
216	-230.78353699160834	1.0366638
217	-234.69207663061425	1.0037977
218	-238.60061626962016	1.0063101
219	-242.50915590862607	1.0163984
220	-246.41769554763204	1.014538
221	-250.32623518663794	1.0032661
222	-254.23477482564385	1.0084152
223	-258.14331446464973	1.0028249
224	-262.05185410365567	1.0056703
225	-265.96039374266155	0.9988009
226	-269.8689333816675	1.0364653
227	-273.7774730206734	1.0022718
228	-277.6860126596793	0.99952203
229	-281.59455229868524	1.0069448
230	-285.5030919376911	0.995527
231	-289.41163157669706	0.99714106
232	-293.32017121570294	1.0274389
233	-297.2287108547089	1.0063289
234	-301.13725049371476	1.0102671
235	-305.0457901327207	0.99354416
236	-308.95432977172663	1.0060889
237	-312.8628694107325	0.9913543
238	-316.7714090497385	1.0240555
239	-320.6799486887444	1.0090269
240	-324.5884883277503	1.0053389
241	-328.49702796675626	1.0115088
242	-332.40556760576214	0.99776834
243	-336.3141072447681	1.0
244	-340.222646883774	1.0
245	-344.1311865227799	1.0
246	-348.03972616178584	1.0
247	-351.9482658007917	1.0
248	-355.85680543979765	1.0
249	-359.7653450788036	1.0
250	-363.67388471780947	1.0
251	-367.5824243568154	1.0
252	-371.4909639958213	1.0
253	-375.3995036348272	1.0
254	-379.30804327383316	1.0
255	-383.21658291283904	1.0
256	-387.125122551845	1.0
257	-391.03366219085086	1.0
258	-394.9422018298568	1.0
259	-398.85074146886274	1.0
260	-402.7592811078686	1.0
261	-406.66782074687455	1.0
262	-410.5763603858805	1.0
263	-414.4849000248864	1.0
264	-418.3934396638923	1.0
265	-422.3019793028982	1.0
266	-426.2105189419041	1.0
267	-430.11905858091006	1.0
268	-434.02759821991594	1.0
269	-437.9361378589219	1.0
