	velocity	Amplitude
0	612.9785743223896	1.0037824
1	609.0700346833836	1.0133376
2	605.1614950443778	0.9909554
3	601.2529554053718	0.9961486
4	597.344415766366	1.0009491
5	593.43587612736	0.9930338
6	589.527336488354	0.99813074
7	585.6187968493482	0.99780184
8	581.7102572103422	1.0034448
9	577.8017175713363	1.0050412
10	573.8931779323304	0.99641645
11	569.9846382933245	1.0101434
12	566.0760986543186	1.0034213
13	562.1675590153127	1.0105093
14	558.2590193763067	0.993462
15	554.3504797373008	0.9957524
16	550.4419400982949	1.0077101
17	546.533400459289	0.9963075
18	542.6248608202831	1.0024439
19	538.7163211812772	1.0033596
20	534.8077815422713	1.0076044
21	530.8992419032653	1.0093069
22	526.9907022642594	0.9968328
23	523.0821626252535	1.0017658
24	519.1736229862476	1.000769
25	515.2650833472417	1.0095607
26	511.3565437082358	0.98890156
27	507.44800406922985	0.99447304
28	503.5394644302239	0.99461526
29	499.63092479121804	0.9919101
30	495.7223851522121	1.0035874
31	491.8138455132062	0.996926
32	487.9053058742003	0.99610627
33	483.99676623519434	1.01383
34	480.08822659618846	0.9913765
35	476.1796869571825	1.0101459
36	472.27114731817665	0.99332225
37	468.3626076791707	1.0053589
38	464.45406804016477	0.98994225
39	460.5455284011589	1.0049329
40	456.6369887621529	1.010295
41	452.72844912314696	0.9992552
42	448.8199094841411	0.9879731
43	444.91136984513514	1.0014033
44	441.0028302061292	1.0002486
45	437.0942905671233	0.99671966
46	433.1857509281174	0.9995285
47	429.2772112891115	0.99655336
48	425.36867165010557	0.9915731
49	421.46013201109963	0.9977585
50	417.55159237209375	1.00149
51	413.6430527330878	1.0046682
52	409.73451309408193	0.99351376
53	405.825973455076	1.0023423
54	401.91743381607006	1.0102551
55	398.0088941770642	1.0177745
56	394.10035453805824	1.0114179
57	390.191814899002	1.006249
58	386.2832752599961	1.0062953
59	382.3747356209902	0.98530805
60	378.4661959819843	1.0193185
61	374.55765634297836	0.9917699
62	370.6491167039724	0.99604595
63	366.74057706496654	1.0066292
64	362.8320374259606	0.99725103
65	358.92349778695467	0.98339254
66	355.0149581479488	0.9962603
67	351.10641850894285	1.0027097
68	347.19787886993697	1.0034211
69	343.28933923093103	1.0029039
70	339.3807995919251	0.98675615
71	335.4722599529192	1.005818
72	331.5637203139133	0.99825907
73	327.6551806749074	0.99454165
74	323.74664103590146	1.000497
75	319.8381013968955	0.99708486
76	315.92956175788964	0.9990119
77	312.0210221188837	0.983135
78	308.1124824798778	0.98299867
79	304.2039428408719	1.011709
80	300.29540320186595	0.9984239
81	296.38686356286007	0.99894685
82	292.47832392385413	1.0040785
83	288.5697842848482	0.9808741
84	284.6612446458423	1.0065649
85	280.7527050068364	0.9944962
86	276.84416536783044	1.0046834
87	272.9356257288245	1.0074536
88	269.0270860898186	0.99347824
89	265.1185464508127	0.99631155
90	261.2100068118068	1.0083936
91	257.30146717280087	0.9963044
92	253.39292753379496	0.98096955
93	249.48438789478905	0.9994735
94	245.57584825578311	0.9971128
95	241.6673086167772	1.0092027
96	237.7587689777713	0.9946184
97	233.8502293387654	1.0023867
98	229.94168969975945	0.99794626
99	226.03315006075354	1.0016136
100	222.12461042174763	0.9949912
101	218.21607078274172	0.999754
102	214.30753114373582	0.9887643
103	210.39899150472988	0.99672014
104	206.49045186572397	0.9994639
105	202.58191222671806	0.99683076
106	198.67337258771215	1.004427
107	194.7648329487062	1.0006396
108	190.8562933097003	1.0044681
109	186.9477536706944	0.9903455
110	183.0392140316885	1.0047388
111	179.13067439268258	0.9912157
112	175.22213475367664	0.9908856
113	171.31359511467073	0.9860014
114	167.40505547566482	1.0073175
115	163.49651583665892	0.9907
116	159.58797619765298	1.0042952
117	155.67943655864707	0.9944148
118	151.77089691964116	0.99393225
119	147.86235728063525	0.99875724
120	143.9538176416293	1.0034671
121	140.0452780026234	0.99225855
122	136.1367383636175	1.0024061
123	132.22819872461156	1.0115751
124	128.31965908560565	1.0102437
125	124.41111944659974	1.0003643
126	120.50257980759382	1.0082406
127	116.59404016858791	0.9877069
128	112.68550052958199	0.9799578
129	108.77696089057608	0.9943389
130	104.86842125157014	0.9912039
131	100.95988161256423	0.99085957
132	97.05134197355831	0.99330753
133	93.1428023345524	0.99785304
134	89.23426269554649	0.9911119
135	85.32572305654057	0.98965174
136	81.41718341753466	1.01501
137	77.50864377852874	1.0151727
138	73.60010413952283	1.0145882
139	69.6915645005169	0.99881315
140	65.783024861511	1.0132422
141	61.87448522250508	0.9963879
142	57.96594558349916	1.0113226
143	54.05740594449324	1.0035775
144	50.148866305487324	1.0031489
145	46.24032666648141	0.9971813
146	42.33178702747549	0.98899865
147	38.423247388469576	0.99176973
148	34.51470774946367	0.97102207
149	30.606168110457745	1.001048
150	26.697628471451825	1.0008856
151	22.789088832445913	1.0159659
152	18.880549193439997	1.0215157
153	14.97200955443408	1.0618079
154	11.063469915428167	1.0834341
155	7.154930276422249	0.8935961
156	3.246390637416333	0.78350145
157	-0.6621490015895835	0.910184
158	-4.5706886405955	0.97653997
159	-8.479228279601415	0.98973274
160	-12.38776791860733	0.99973637
161	-16.296307557613247	0.9619864
162	-20.204847196619163	0.9501868
163	-24.113386835625082	0.9604504
164	-28.021926474630998	0.9546628
165	-31.930466113636914	0.9852275
166	-35.83900575264283	0.9891365
167	-39.74754539164874	0.9924679
168	-43.65608503065466	0.9808267
169	-47.564624669710895	1.0142341
170	-51.47316430871681	0.9952161
171	-55.38170394772273	0.9795969
172	-59.29024358672865	0.9887584
173	-63.198783225734566	1.0278314
174	-67.10732286474048	1.0012909
175	-71.01586250374639	1.0157423
176	-74.9244021427523	0.9931588
177	-78.83294178175824	0.9989796
178	-82.74148142076415	1.0022324
179	-86.65002105977007	1.0090097
180	-90.55856069877598	1.0184213
181	-94.46710033778189	1.0029577
182	-98.37563997678781	1.0002627
183	-102.28417961579372	1.0130714
184	-106.19271925479964	0.99351615
185	-110.10125889380555	1.0215284
186	-114.00979853281147	0.99903506
187	-117.91833817181738	1.0148364
188	-121.8268778108233	1.003546
189	-125.73541744982921	1.0122095
190	-129.64395708883512	1.007966
191	-133.55249672784103	0.990466
192	-137.46103636684697	0.994257
193	-141.36957600585288	1.0134518
194	-145.27811564485881	1.0165329
195	-149.18665528386472	1.0108434
196	-153.09519492287063	0.9967589
197	-157.00373456187654	1.0028281
198	-160.91227420088248	1.0082372
199	-164.8208138398884	1.0205004
200	-168.7293534788943	0.9932238
201	-172.6378931179002	1.0014644
202	-176.5464327569061	1.0075195
203	-180.45497239591205	0.9959605
204	-184.36351203491796	1.0116972
205	-188.27205167392387	1.0049014
206	-192.18059131292978	1.0227015
207	-196.08913095193572	1.0143396
208	-199.99767059094162	1.0108799
209	-203.90621022994753	0.99435925
210	-207.81474986895344	1.0031863
211	-211.72328950795935	1.0072018
212	-215.6318291469653	0.99340355
213	-219.5403687859712	1.0073782
214	-223.4489084249771	1.0056772
215	-227.357448063983	0.9914067
216	-231.26598770298895	0.99143803
217	-235.17452734199486	0.99925375
218	-239.08306698100077	1.0047629
219	-242.99160662000668	1.0052007
220	-246.90014625901264	1.0169176
221	-250.80868589801855	1.0031635
222	-254.71722553702446	0.9973663
223	-258.62576517603037	1.009069
224	-262.5343048150363	0.99851555
225	-266.4428444540422	0.99926454
226	-270.3513840930481	0.98933136
227	-274.25992373205406	0.9938666
228	-278.16846337105994	1.001338
229	-282.0770030100659	0.9912994
230	-285.98554264907176	1.0019338
231	-289.8940822880777	0.99523014
232	-293.8026219270836	1.003271
233	-297.7111615660895	1.0044271
234	-301.6197012050954	1.0000526
235	-305.52824084410133	0.98879045
236	-309.43678048310727	0.99352187
237	-313.34532012211315	0.9983031
238	-317.25385976111914	1.0055839
239	-321.162399400125	1.0042212
240	-325.07093903913096	1.0004355
241	-328.9794786781369	1.0115602
242	-332.8880183171428	0.9973037
243	-336.7965579561487	1.0
244	-340.70509759515465	1.0
245	-344.61363723416054	1.0
246	-348.5221768731665	1.0
247	-352.43071651217235	1.0
248	-356.3392561511783	1.0
249	-360.2477957901842	1.0
250	-364.1563354291901	1.0
251	-368.06487506819605	1.0
252	-371.9734147072019	1.0
253	-375.88195434620786	1.0
254	-379.7904939852138	1.0
255	-383.6990336242197	1.0
256	-387.6075732632256	1.0
257	-391.5161129022315	1.0
258	-395.42465254123744	1.0
259	-399.3331921802434	1.0
260	-403.24173181924925	1.0
261	-407.1502714582552	1.0
262	-411.0588110972611	1.0
263	-414.967350736267	1.0
264	-418.87589037527295	1.0
265	-422.7844300142788	1.0
266	-426.69296965328476	1.0
267	-430.6015092922907	1.0
268	-434.5100489312966	1.0
269	-438.4185885703025	1.0
