	velocity	Amplitude
0	614.0928922152009	0.96260107
1	610.1843525761949	1.0289485
2	606.2758129371891	1.0831226
3	602.3672732981831	1.1134119
4	598.4587336591773	0.90417796
5	594.5501940201713	0.89984035
6	590.6416543811653	1.0036898
7	586.7331147421595	0.9837899
8	582.8245751031535	1.0701983
9	578.9160354641476	0.94854
10	575.0074958251417	1.0320426
11	571.0989561861358	1.0266398
12	567.1904165471299	1.0184323
13	563.281876908124	0.98629594
14	559.373337269118	1.0151211
15	555.4647976301121	0.99679714
16	551.5562579911062	0.9673916
17	547.6477183521004	0.99432003
18	543.7391787130944	1.0621711
19	539.8306390740885	0.9817316
20	535.9220994350826	1.0011659
21	532.0135597960766	0.9466113
22	528.1050201570707	1.0504763
23	524.1964805180648	0.96321136
24	520.2879408790589	1.0579814
25	516.379401240053	1.0468588
26	512.4708616010471	1.0140593
27	508.5623219620412	1.0030383
28	504.6537823230353	1.0229038
29	500.7452426840294	1.0005256
30	496.83670304502346	1.0445564
31	492.9281634060176	0.95300037
32	489.01962376701164	1.0257016
33	485.1110841280057	0.9500752
34	481.2025444889998	0.99994737
35	477.2940048499939	1.0372083
36	473.385465210988	0.96924883
37	469.47692557198206	0.98294854
38	465.5683859329761	1.0246769
39	461.65984629397025	1.0033002
40	457.75130665496425	1.0548555
41	453.8427670159583	0.99393046
42	449.93422737695244	0.90338176
43	446.0256877379465	0.97982466
44	442.11714809894056	1.0648296
45	438.2086084599347	0.96521807
46	434.30006882092874	0.9942909
47	430.39152918192286	1.0093007
48	426.4829895429169	0.96088624
49	422.574449903911	0.9788504
50	418.6659102649051	0.97830516
51	414.75737062589917	0.9525214
52	410.8488309868933	1.1631904
53	406.94029134788735	0.9353386
54	403.0317517088814	0.94519037
55	399.12321206987554	1.0734655
56	395.2146724308696	0.92296916
57	391.30613279181335	0.9597153
58	387.3975931528075	0.9747918
59	383.48905351380154	0.9115584
60	379.58051387479566	1.0018971
61	375.6719742357897	0.98419577
62	371.7634345967838	1.0084335
63	367.8548949577779	0.88571554
64	363.94635531877196	1.1177442
65	360.037815679766	1.0630186
66	356.12927604076015	1.0584689
67	352.2207364017542	1.0155512
68	348.31219676274833	1.0105737
69	344.4036571237424	0.9211647
70	340.49511748473645	1.0890734
71	336.5865778457306	0.9383283
72	332.67803820672464	1.0153009
73	328.76949856771876	0.9328787
74	324.8609589287128	0.97458154
75	320.9524192897069	0.98692536
76	317.043879650701	1.0011219
77	313.13534001169506	1.1341823
78	309.2268003726892	0.9603616
79	305.31826073368325	0.96120554
80	301.4097210946773	0.98738366
81	297.50118145567143	0.9930515
82	293.5926418166655	0.9561655
83	289.68410217765955	1.0310054
84	285.7755625386537	1.0231866
85	281.86702289964774	1.0224298
86	277.9584832606418	1.0135713
87	274.04994362163586	1.0086107
88	270.14140398263	1.0079093
89	266.23286434362404	0.99451697
90	262.32432470461816	0.9570385
91	258.4157850656122	0.93944514
92	254.5072454266063	0.9718602
93	250.59870578760038	1.040143
94	246.69016614859444	0.97709596
95	242.78162650958853	0.9543062
96	238.87308687058263	1.0312425
97	234.96454723157672	1.1006743
98	231.05600759257078	1.0662992
99	227.14746795356487	0.9569004
100	223.23892831455896	1.033963
101	219.33038867555305	0.89160484
102	215.42184903654714	1.0136759
103	211.5133093975412	1.0012758
104	207.6047697585353	0.9834761
105	203.6962301195294	0.9102454
106	199.78769048052348	0.9190275
107	195.87915084151754	1.0037551
108	191.97061120251163	1.0671853
109	188.06207156350573	1.0598246
110	184.15353192449982	1.033248
111	180.2449922854939	0.9404103
112	176.33645264648797	1.0197965
113	172.42791300748206	1.0505092
114	168.51937336847615	1.0863804
115	164.61083372947024	0.9020344
116	160.7022940904643	1.0275799
117	156.7937544514584	1.0434611
118	152.8852148124525	0.9355469
119	148.97667517344658	1.0204387
120	145.06813553444064	0.9956581
121	141.15959589543473	1.0225639
122	137.25105625642883	0.9765934
123	133.3425166174229	1.0591528
124	129.43397697841698	1.0469943
125	125.52543733941108	0.95727223
126	121.61689770040516	0.9510494
127	117.70835806139925	0.9925317
128	113.79981842239333	0.98791623
129	109.89127878338742	0.87071353
130	105.98273914438148	0.912877
131	102.07419950537557	1.0401032
132	98.16565986636965	1.0262182
133	94.25712022736374	1.041109
134	90.34858058835783	0.9662177
135	86.44004094935191	1.0593134
136	82.531501310346	1.0462568
137	78.62296167134008	1.1011164
138	74.71442203233417	1.1041384
139	70.80588239332825	0.9790519
140	66.89734275432234	0.9751349
141	62.988803115316415	1.0538648
142	59.0802634763105	1.0644484
143	55.171723837304576	1.0083525
144	51.26318419829866	1.0334036
145	47.354644559292744	0.8564995
146	43.44610492028683	0.95896107
147	39.53756528128091	1.0411774
148	35.629025642275	1.0378622
149	31.720486003269087	0.9653707
150	27.811946364263168	1.1083933
151	23.903406725257256	1.0468341
152	19.99486708625134	1.0154978
153	16.08632744724542	1.1244261
154	12.177787808239508	1.043551
155	8.26924816923359	0.94750464
156	4.360708530227674	0.5517057
157	0.452168891221758	0.635066
158	-3.456370747784158	1.0038338
159	-7.364910386790074	0.8140751
160	-11.27345002579599	0.76766634
161	-15.181989664801906	0.90943
162	-19.09052930380782	0.9768576
163	-22.99906894281374	1.0239671
164	-26.907608581819655	0.9859831
165	-30.81614822082557	1.1025125
166	-34.72468785983149	0.9242822
167	-38.63322749883741	0.9800726
168	-42.54176713784332	0.9742415
169	-46.45030677689956	0.9267397
170	-50.358846415905475	0.8835151
171	-54.26738605491139	0.9676454
172	-58.175925693917314	0.93787956
173	-62.08446533292323	0.8859292
174	-65.99300497192914	1.0101024
175	-69.90154461093505	0.9732429
176	-73.81008424994096	0.94163173
177	-77.7186238889469	1.0903833
178	-81.6271635279528	1.0877097
179	-85.53570316695873	1.0047714
180	-89.44424280596463	0.9795719
181	-93.35278244497054	0.98341316
182	-97.26132208397647	0.9681117
183	-101.16986172298238	0.99978805
184	-105.0784013619883	1.0701234
185	-108.98694100099421	0.99301976
186	-112.89548064000013	0.9192396
187	-116.80402027900604	1.0736777
188	-120.71255991801196	1.1161377
189	-124.62109955701787	0.96003366
190	-128.5296391960238	1.0114928
191	-132.4381788350297	0.89720917
192	-136.34671847403564	1.0276088
193	-140.25525811304155	1.0902879
194	-144.1637977520475	1.0009168
195	-148.0723373910534	0.9371889
196	-151.9808770300593	0.9360055
197	-155.8894166690652	1.0858035
198	-159.79795630807115	0.9456146
199	-163.70649594707706	1.0032169
200	-167.61503558608297	1.0296551
201	-171.52357522508888	0.9377123
202	-175.43211486409479	0.9772415
203	-179.34065450310072	0.9844375
204	-183.24919414210663	1.0207586
205	-187.15773378111254	0.9960806
206	-191.06627342011845	0.9557657
207	-194.9748130591244	1.0118535
208	-198.8833526981303	1.0091592
209	-202.7918923371362	1.0221725
210	-206.7004319761421	0.9824028
211	-210.60897161514802	1.14102
212	-214.51751125415396	1.0311828
213	-218.42605089315987	0.9521871
214	-222.33459053216578	1.0914235
215	-226.24313017117169	0.9730597
216	-230.15166981017762	1.0436016
217	-234.06020944918353	1.009367
218	-237.96874908818944	1.033429
219	-241.87728872719535	0.95615685
220	-245.78582836620132	0.9631832
221	-249.69436800520722	1.0240291
222	-253.60290764421313	1.0390114
223	-257.511447283219	0.9392707
224	-261.41998692222495	0.97328335
225	-265.32852656123083	0.8934123
226	-269.23706620023677	1.0908147
227	-273.1456058392427	1.0540419
228	-277.0541454782486	0.98228824
229	-280.9626851172545	0.9949559
230	-284.8712247562604	1.139935
231	-288.77976439526634	1.0709342
232	-292.6883040342722	0.84271747
233	-296.59684367327816	0.98648024
234	-300.50538331228404	0.9581967
235	-304.41392295129	0.97431684
236	-308.3224625902959	1.0187888
237	-312.2310022293018	1.0241429
238	-316.1395418683078	1.0094287
239	-320.04808150731367	0.9846145
240	-323.9566211463196	0.9970552
241	-327.86516078532554	0.9717389
242	-331.7737004243314	1.0417129
243	-335.68224006333736	1.0
244	-339.5907797023433	1.0
245	-343.4993193413492	1.0
246	-347.4078589803551	1.0
247	-351.316398619361	1.0
248	-355.22493825836693	1.0
249	-359.13347789737287	1.0
250	-363.04201753637875	1.0
251	-366.9505571753847	1.0
252	-370.85909681439057	1.0
253	-374.7676364533965	1.0
254	-378.67617609240244	1.0
255	-382.5847157314083	1.0
256	-386.49325537041426	1.0
257	-390.40179500942014	1.0
258	-394.3103346484261	1.0
259	-398.218874287432	1.0
260	-402.1274139264379	1.0
261	-406.03595356544383	1.0
262	-409.94449320444977	1.0
263	-413.85303284345565	1.0
264	-417.7615724824616	1.0
265	-421.67011212146747	1.0
266	-425.5786517604734	1.0
267	-429.48719139947934	1.0
268	-433.3957310384852	1.0
269	-437.30427067749116	1.0
