	velocity	Amplitude
0	613.9769924419203	0.9690824
1	610.0684528029143	1.0205187
2	606.1599131639085	1.0639321
3	602.2513735249025	0.91408575
4	598.3428338858967	0.94104826
5	594.4342942468907	0.976656
6	590.5257546078847	1.0419114
7	586.6172149688789	0.9988391
8	582.7086753298729	1.0115863
9	578.800135690867	0.96544355
10	574.8915960518611	1.0204362
11	570.9830564128551	1.0923102
12	567.0745167738493	1.0435513
13	563.1659771348434	0.9458514
14	559.2574374958374	1.0427495
15	555.3488978568315	0.9865419
16	551.4403582178256	1.0012594
17	547.5318185788198	0.9435024
18	543.6232789398138	1.0272489
19	539.7147393008079	1.0061203
20	535.806199661802	0.9389046
21	531.897660022796	0.9806182
22	527.9891203837901	0.9695057
23	524.0805807447842	0.98725843
24	520.1720411057782	0.9946573
25	516.2635014667724	0.9724533
26	512.3549618277665	0.9811157
27	508.44642218876055	0.9947633
28	504.5378825497546	0.95705396
29	500.62934291074873	1.0142164
30	496.7208032717428	1.0642576
31	492.8122636327369	0.94736546
32	488.903723993731	1.0225003
33	484.99518435472504	0.97767013
34	481.08664471571916	1.028568
35	477.1781050767132	0.99954474
36	473.26956543770734	0.9461457
37	469.3610257987014	1.0225879
38	465.45248615969547	1.0382537
39	461.5439465206896	0.98671997
40	457.6354068816836	0.9780396
41	453.72686724267766	1.012503
42	449.8183276036718	1.0148869
43	445.90978796466584	0.9277171
44	442.0012483256599	0.9989073
45	438.092708686654	0.9944801
46	434.1841690476481	1.0093573
47	430.2756294086422	1.061623
48	426.36708976963627	0.98332864
49	422.45855013063033	1.0162804
50	418.55001049162445	0.9731672
51	414.6414708526185	0.988803
52	410.73293121361263	0.95375437
53	406.8243915746067	0.9685135
54	402.91585193560076	0.99534094
55	399.0073122965949	0.99595296
56	395.09877265758894	0.92779547
57	391.1902330185327	1.0083348
58	387.2816933795268	1.0154105
59	383.3731537405209	0.99042886
60	379.464614101515	1.038769
61	375.55607446250906	1.0099348
62	371.6475348235031	0.966833
63	367.73899518449724	0.9824896
64	363.8304555454913	1.0085332
65	359.92191590648537	0.9826637
66	356.0133762674795	1.0031683
67	352.10483662847355	0.9154603
68	348.19629698946767	1.080263
69	344.28775735046173	1.0226488
70	340.3792177114558	1.0031103
71	336.4706780724499	0.9398511
72	332.562138433444	1.0168952
73	328.6535987944381	0.9667918
74	324.74505915543216	0.98910654
75	320.8365195164262	0.97560656
76	316.92797987742034	0.9900161
77	313.0194402384144	1.001722
78	309.1109005994085	1.0826252
79	305.2023609604026	1.0185502
80	301.29382132139665	1.0251989
81	297.38528168239077	0.99916005
82	293.47674204338483	1.0133393
83	289.5682024043789	1.050349
84	285.659662765373	1.0730224
85	281.7511231263671	0.9975386
86	277.84258348736114	0.9756956
87	273.9340438483552	1.0389192
88	270.0255042093493	0.9708955
89	266.1169645703434	1.0098346
90	262.2084249313375	1.0521868
91	258.29988529233157	1.0025489
92	254.39134565332563	0.9490821
93	250.48280601431972	1.0014762
94	246.57426637531378	0.9932798
95	242.66572673630787	0.99852836
96	238.75718709730197	1.013266
97	234.84864745829606	1.0648223
98	230.94010781929012	1.0404432
99	227.0315681802842	1.0469
100	223.1230285412783	0.9791761
101	219.2144889022724	1.0507985
102	215.30594926326648	1.0569355
103	211.39740962426055	1.0174601
104	207.48886998525464	0.98524356
105	203.58033034624873	0.99398124
106	199.67179070724282	1.0521706
107	195.76325106823688	1.0096049
108	191.85471142923097	1.0459399
109	187.94617179022507	0.9904237
110	184.03763215121916	1.0000782
111	180.12909251221325	0.98695266
112	176.2205528732073	0.98372966
113	172.3120132342014	1.0083348
114	168.4034735951955	1.0723594
115	164.49493395618958	1.0212128
116	160.58639431718365	0.9922716
117	156.67785467817774	1.0032364
118	152.76931503917183	0.97324795
119	148.86077540016592	0.9908158
120	144.95223576115998	1.0761949
121	141.04369612215407	0.9990485
122	137.13515648314817	1.0456052
123	133.22661684414223	1.0494972
124	129.31807720513632	0.9898521
125	125.40953756613041	1.0240449
126	121.50099792712449	1.0177809
127	117.59245828811858	0.9456966
128	113.68391864911266	0.96996033
129	109.77537901010675	0.9818282
130	105.86683937110081	1.0451463
131	101.9582997320949	0.96277755
132	98.04976009308898	1.0528421
133	94.14122045408307	0.9576691
134	90.23268081507716	1.0256436
135	86.32414117607124	0.91929704
136	82.41560153706533	1.0876269
137	78.5070618980594	0.9808132
138	74.5985222590535	0.95434314
139	70.68998262004757	0.9949433
140	66.78144298104166	0.9450664
141	62.872903342035755	1.0142233
142	58.96436370302984	1.0530137
143	55.055824064023916	0.98646647
144	51.147284425018	0.9685622
145	47.238744786012084	0.8515953
146	43.33020514700617	1.0055648
147	39.42166550800025	1.0232893
148	35.513125868994344	0.9689317
149	31.604586229988424	0.9682062
150	27.696046590982505	0.96288824
151	23.787506951976592	0.92744404
152	19.878967312970676	1.0256336
153	15.970427673964759	1.0314101
154	12.061888034958844	1.099202
155	8.153348395952927	0.9515688
156	4.244808756947011	0.6789759
157	0.3362691179410943	0.82191783
158	-3.572270521064822	0.9713873
159	-7.480810160070738	1.0219883
160	-11.389349799076653	0.9539178
161	-15.297889438082569	0.9935902
162	-19.206429077088483	0.8708723
163	-23.114968716094403	0.98267096
164	-27.02350835510032	0.9334598
165	-30.932047994106235	1.0525374
166	-34.84058763311215	0.98175335
167	-38.749127272118066	0.9407847
168	-42.65766691112398	1.0333365
169	-46.56620655018022	1.0842599
170	-50.474746189186135	1.046959
171	-54.38328582819205	0.8749127
172	-58.291825467197974	1.0019151
173	-62.20036510620389	1.0303047
174	-66.10890474520981	1.0127498
175	-70.01744438421572	1.0452703
176	-73.92598402322163	1.0321326
177	-77.83452366222757	1.0269306
178	-81.74306330123348	1.0034295
179	-85.6516029402394	0.9430544
180	-89.56014257924531	1.0002232
181	-93.46868221825122	1.0384737
182	-97.37722185725714	0.92950803
183	-101.28576149626305	1.027688
184	-105.19430113526897	0.9821187
185	-109.10284077427488	0.98461926
186	-113.0113804132808	0.9792878
187	-116.91992005228671	0.93440896
188	-120.82845969129264	1.059673
189	-124.73699933029854	1.0423826
190	-128.64553896930445	0.99143875
191	-132.55407860831036	0.9723642
192	-136.4626182473163	1.0412867
193	-140.3711578863222	1.0229284
194	-144.27969752532815	1.0102681
195	-148.18823716433405	0.99597603
196	-152.09677680333996	1.0359179
197	-156.00531644234587	0.9631572
198	-159.9138560813518	0.9744132
199	-163.82239572035772	0.96192604
200	-167.73093535936363	0.98461694
201	-171.63947499836954	0.9960039
202	-175.54801463737545	0.9112903
203	-179.45655427638138	1.035013
204	-183.3650939153873	0.9970098
205	-187.2736335543932	0.975613
206	-191.1821731933991	0.97184294
207	-195.09071283240505	1.0023744
208	-198.99925247141095	1.0251242
209	-202.90779211041686	1.03045
210	-206.81633174942277	0.9774014
211	-210.72487138842868	0.9617018
212	-214.63341102743462	1.0099043
213	-218.54195066644053	1.0331116
214	-222.45049030544644	0.9615779
215	-226.35902994445235	0.9963622
216	-230.26756958345828	1.0480157
217	-234.1761092224642	0.99739784
218	-238.0846488614701	1.0307363
219	-241.993188500476	1.0333722
220	-245.90172813948197	0.9660306
221	-249.81026777848788	1.0333459
222	-253.7188074174938	0.9985067
223	-257.6273470564997	0.9556219
224	-261.5358866955056	0.92764187
225	-265.4444263345115	0.94241345
226	-269.3529659735174	0.95302176
227	-273.26150561252337	0.995619
228	-277.17004525152925	1.0766506
229	-281.0785848905352	0.931267
230	-284.98712452954106	0.9853858
231	-288.895664168547	1.0157236
232	-292.8042038075529	1.0210105
233	-296.7127434465588	1.0375243
234	-300.6212830855647	1.0189843
235	-304.52982272457064	1.0083362
236	-308.4383623635766	1.077256
237	-312.34690200258245	1.0193971
238	-316.25544164158845	1.0664295
239	-320.1639812805943	1.0638787
240	-324.07252091960027	1.0079902
241	-327.9810605586062	0.994078
242	-331.8896001976121	1.0422976
243	-335.798139836618	1.0
244	-339.70667947562396	1.0
245	-343.61521911462984	1.0
246	-347.5237587536358	1.0
247	-351.43229839264166	1.0
248	-355.3408380316476	1.0
249	-359.24937767065353	1.0
250	-363.1579173096594	1.0
251	-367.06645694866535	1.0
252	-370.9749965876712	1.0
253	-374.88353622667717	1.0
254	-378.7920758656831	1.0
255	-382.700615504689	1.0
256	-386.6091551436949	1.0
257	-390.5176947827008	1.0
258	-394.42623442170674	1.0
259	-398.3347740607127	1.0
260	-402.24331369971856	1.0
261	-406.1518533387245	1.0
262	-410.06039297773043	1.0
263	-413.9689326167363	1.0
264	-417.87747225574225	1.0
265	-421.7860118947481	1.0
266	-425.69455153375407	1.0
267	-429.60309117276	1.0
268	-433.5116308117659	1.0
269	-437.4201704507718	1.0
