	velocity	Amplitude
0	613.9700585133995	0.995838
1	610.0615188743935	0.9760255
2	606.1529792353878	1.0104233
3	602.2444395963818	0.94005543
4	598.3358999573759	0.9826556
5	594.4273603183699	1.071181
6	590.5188206793639	1.0525808
7	586.6102810403581	0.96742105
8	582.7017414013521	1.0659572
9	578.7932017623463	0.9920153
10	574.8846621233404	1.0273677
11	570.9761224843344	1.0766114
12	567.0675828453285	0.9589642
13	563.1590432063226	0.9889126
14	559.2505035673166	0.9451499
15	555.3419639283107	1.0023997
16	551.4334242893049	1.045627
17	547.524884650299	1.0313451
18	543.616345011293	1.0724971
19	539.7078053722871	1.0376332
20	535.7992657332812	0.9150223
21	531.8907260942752	0.99816465
22	527.9821864552694	1.006148
23	524.0736468162635	0.9074325
24	520.1651071772575	1.0317947
25	516.2565675382516	0.92920244
26	512.3480278992457	1.0076834
27	508.4394882602398	0.98411816
28	504.53094862123385	0.923444
29	500.62240898222797	0.9097119
30	496.71386934322203	0.9632367
31	492.80532970421615	0.97400665
32	488.8967900652102	0.89991623
33	484.9882504262043	0.84096193
34	481.0797107871984	1.0715644
35	477.17117114819246	0.8932098
36	473.2626315091866	1.0660895
37	469.35409187018064	1.0869725
38	465.4455522311747	0.9697908
39	461.5370125921688	0.98115766
40	457.6284729531628	1.0132241
41	453.7199333141569	0.9620115
42	449.811393675151	1.0708265
43	445.9028540361451	0.9353607
44	441.99431439713914	0.9702534
45	438.08577475813325	0.91174734
46	434.1772351191273	0.9595771
47	430.26869548012144	0.9559576
48	426.3601558411155	0.95052624
49	422.45161620210956	1.1349077
50	418.5430765631037	0.9656117
51	414.63453692409774	1.0610495
52	410.72599728509186	0.9158555
53	406.8174576460859	0.96491903
54	402.90891800708	1.0293568
55	399.0003783680741	0.92246157
56	395.0918387290682	0.9831984
57	391.18329909001193	1.1682624
58	387.27475945100605	1.0813366
59	383.3662198120001	0.92371196
60	379.45768017299423	1.0846678
61	375.5491405339883	1.0495552
62	371.64060089498236	1.0018438
63	367.7320612559765	1.0497141
64	363.82352161697054	1.143845
65	359.9149819779646	1.0802792
66	356.0064423389587	0.9983248
67	352.0979026999528	1.0639658
68	348.1893630609469	0.9147851
69	344.28082342194097	0.9072169
70	340.372283782935	1.0852895
71	336.46374414392915	0.9712478
72	332.5552045049232	1.0376338
73	328.64666486591733	1.0163332
74	324.7381252269114	1.0993439
75	320.82958558790546	0.98484075
76	316.9210459488996	1.022537
77	313.01250630989364	0.83575594
78	309.10396667088776	1.0001657
79	305.1954270318818	0.9530937
80	301.2868873928759	1.0125971
81	297.37834775387	0.9441752
82	293.46980811486407	1.0570197
83	289.5612684758581	1.0624607
84	285.65272883685225	0.96580696
85	281.7441891978463	1.0825906
86	277.8356495588404	0.9683765
87	273.92710991983444	1.0585251
88	270.01857028082856	1.0022678
89	266.1100306418226	1.0163072
90	262.20149100281674	1.1044676
91	258.2929513638108	0.93252224
92	254.38441172480492	0.95001835
93	250.475872085799	0.91977745
94	246.56733244679307	1.0254332
95	242.65879280778717	0.98616517
96	238.75025316878126	1.1173205
97	234.84171352977535	1.0234277
98	230.9331738907694	1.0240545
99	227.0246342517635	0.985245
100	223.1160946127576	0.91806906
101	219.20755497375168	1.0126642
102	215.29901533474577	0.9800898
103	211.39047569573984	0.98079425
104	207.48193605673393	0.9799027
105	203.57339641772802	0.99445516
106	199.6648567787221	1.0013124
107	195.75631713971617	1.0161657
108	191.84777750071027	1.1421876
109	187.93923786170436	0.9908636
110	184.03069822269845	1.0724268
111	180.12215858369254	0.98660666
112	176.2136189446866	0.913134
113	172.3050793056807	0.95851624
114	168.39653966667478	1.1051365
115	164.48800002766887	0.971702
116	160.57946038866294	0.9993311
117	156.67092074965703	0.9964254
118	152.76238111065112	1.0212629
119	148.8538414716452	0.83956045
120	144.94530183263927	1.0367652
121	141.03676219363336	1.077015
122	137.12822255462746	1.0069001
123	133.21968291562152	1.027478
124	129.3111432766156	0.9336643
125	125.40260363760969	1.0221602
126	121.49406399860376	0.9477412
127	117.58552435959785	0.8645892
128	113.67698472059193	0.9999727
129	109.76844508158602	1.0007184
130	105.85990544258009	1.154136
131	101.95136580357418	1.091801
132	98.04282616456825	1.1079698
133	94.13428652556235	0.96291727
134	90.22574688655644	1.0206615
135	86.31720724755051	0.94699234
136	82.4086676085446	1.0240157
137	78.50012796953868	1.0483869
138	74.59158833053277	1.0074068
139	70.68304869152685	1.1856561
140	66.77450905252094	1.0160699
141	62.86596941351503	0.928777
142	58.957429774509116	1.0429636
143	55.04889013550319	0.9449917
144	51.14035049649728	1.0005143
145	47.23181085749136	0.93222404
146	43.323271218485445	0.9939079
147	39.41473157947953	1.0725666
148	35.50619194047362	0.9838699
149	31.597652301467697	0.883837
150	27.68911266246178	1.0271052
151	23.780573023455865	0.93530345
152	19.87203338444995	1.0314825
153	15.963493745444033	1.1189255
154	12.05495410643812	1.1202453
155	8.146414467432201	1.0463789
156	4.2378748284262855	0.6041881
157	0.3293351894203697	0.8638223
158	-3.5792044495855464	1.0183899
159	-7.487744088591462	1.0159868
160	-11.396283727597378	0.8885393
161	-15.304823366603294	0.818878
162	-19.21336300560921	0.8005501
163	-23.121902644615126	1.1461542
164	-27.030442283621042	0.966024
165	-30.938981922626958	1.0201634
166	-34.847521561632874	0.9368703
167	-38.75606120063879	1.191746
168	-42.664600839644706	0.91699433
169	-46.57314047870094	0.9885457
170	-50.48168011770686	1.0780026
171	-54.390219756712774	1.0487516
172	-58.2987593957187	1.0056255
173	-62.20729903472461	1.002835
174	-66.11583867373054	0.9938439
175	-70.02437831273645	1.062099
176	-73.93291795174235	0.93473643
177	-77.84145759074829	0.9101671
178	-81.7499972297542	0.8380237
179	-85.65853686876012	1.0614423
180	-89.56707650776603	1.0407883
181	-93.47561614677194	1.0083714
182	-97.38415578577786	0.97810477
183	-101.29269542478377	0.9892225
184	-105.2012350637897	0.98343796
185	-109.1097747027956	1.0197377
186	-113.01831434180153	1.0492569
187	-116.92685398080744	0.9368827
188	-120.83539361981336	1.0235785
189	-124.74393325881927	0.94867116
190	-128.65247289782516	1.0583148
191	-132.56101253683107	1.006232
192	-136.469552175837	1.0720266
193	-140.37809181484292	1.0037133
194	-144.28663145384886	0.9702564
195	-148.19517109285476	0.96944106
196	-152.10371073186067	0.91865385
197	-156.01225037086658	1.0600173
198	-159.92079000987252	1.0108165
199	-163.82932964887843	0.8890984
200	-167.73786928788434	0.9958816
201	-171.64640892689025	1.0660073
202	-175.55494856589615	1.1300161
203	-179.4634882049021	1.0367745
204	-183.372027843908	1.059671
205	-187.2805674829139	1.0632852
206	-191.18910712191982	1.0318834
207	-195.09764676092576	0.90244925
208	-199.00618639993166	0.9343734
209	-202.91472603893757	0.9997232
210	-206.82326567794348	1.1343666
211	-210.7318053169494	0.9872335
212	-214.64034495595533	1.1118408
213	-218.54888459496124	0.9920865
214	-222.45742423396715	1.0387248
215	-226.36596387297305	1.0740699
216	-230.274503511979	0.97778434
217	-234.1830431509849	1.212766
218	-238.0915827899908	1.1154817
219	-242.00012242899672	1.0454407
220	-245.90866206800268	0.9433518
221	-249.8172017070086	0.95510024
222	-253.7257413460145	1.0344614
223	-257.63428098502044	1.0066458
224	-261.5428206240264	1.0849451
225	-265.45136026303226	0.9148018
226	-269.3598999020382	1.1034085
227	-273.26843954104413	0.98034835
228	-277.17697918005	0.96030605
229	-281.08551881905595	1.0395468
230	-284.99405845806183	0.9835862
231	-288.90259809706777	0.92317784
232	-292.81113773607365	0.9908398
233	-296.7196773750796	0.979025
234	-300.62821701408546	0.9565902
235	-304.5367566530914	0.9610602
236	-308.44529629209734	1.0925415
237	-312.3538359311032	0.98269975
238	-316.2623755701092	1.0665514
239	-320.1709152091151	0.99965006
240	-324.07945484812103	0.93531674
241	-327.98799448712697	1.0432717
242	-331.89653412613285	0.95527536
243	-335.8050737651388	1.0
244	-339.7136134041447	1.0
245	-343.6221530431506	1.0
246	-347.53069268215654	1.0
247	-351.4392323211624	1.0
248	-355.34777196016836	1.0
249	-359.2563115991743	1.0
250	-363.1648512381802	1.0
251	-367.0733908771861	1.0
252	-370.981930516192	1.0
253	-374.89047015519793	1.0
254	-378.79900979420387	1.0
255	-382.70754943320975	1.0
256	-386.6160890722157	1.0
257	-390.52462871122157	1.0
258	-394.4331683502275	1.0
259	-398.34170798923344	1.0
260	-402.2502476282393	1.0
261	-406.15878726724526	1.0
262	-410.0673269062512	1.0
263	-413.9758665452571	1.0
264	-417.884406184263	1.0
265	-421.7929458232689	1.0
266	-425.70148546227483	1.0
267	-429.61002510128077	1.0
268	-433.51856474028665	1.0
269	-437.4271043792926	1.0
