	velocity	Amplitude
0	613.6153629284024	0.96124005
1	609.7068232893964	1.015264
2	605.7982836503907	1.0267941
3	601.8897440113847	0.9695325
4	597.9812043723788	0.9920112
5	594.0726647333728	1.0364151
6	590.1641250943668	0.9562359
7	586.255585455361	1.0305107
8	582.347045816355	1.0196464
9	578.4385061773492	1.0275849
10	574.5299665383433	0.9339049
11	570.6214268993373	0.98783875
12	566.7128872603314	1.0115155
13	562.8043476213255	1.0475112
14	558.8958079823195	1.0594436
15	554.9872683433136	1.0066935
16	551.0787287043078	0.99508005
17	547.1701890653019	0.9851869
18	543.2616494262959	0.9722801
19	539.35310978729	0.9723055
20	535.4445701482841	0.99633145
21	531.5360305092781	1.0243979
22	527.6274908702723	1.034076
23	523.7189512312664	1.0272896
24	519.8104115922604	0.96115625
25	515.9018719532545	1.0038017
26	511.99333231424856	0.99064034
27	508.0847926752426	1.0224853
28	504.1762530362367	0.9923644
29	500.2677133972308	1.0216869
30	496.35917375822487	1.047426
31	492.450634119219	1.0220354
32	488.54209448021305	1.0412685
33	484.6335548412071	0.95909256
34	480.72501520220123	0.99573374
35	476.8164755631953	1.0013385
36	472.9079359241894	0.9911062
37	468.9993962851835	1.016474
38	465.09085664617754	0.93513703
39	461.18231700717166	0.96584517
40	457.27377736816567	1.0231501
41	453.36523772915973	1.0207455
42	449.45669809015385	1.0421968
43	445.5481584511479	0.9715969
44	441.639618812142	1.0135275
45	437.7310791731361	0.99929106
46	433.82253953413016	1.0078478
47	429.9139998951243	0.99297875
48	426.00546025611834	1.0166539
49	422.0969206171124	1.0343658
50	418.1883809781065	0.972793
51	414.2798413391006	1.0246345
52	410.3713017000947	1.0119418
53	406.46276206108877	0.9838076
54	402.55422242208283	1.0000983
55	398.64568278307695	1.0411394
56	394.737143144071	0.9821889
57	390.82860350501477	1.0361968
58	386.9200638660089	1.0038638
59	383.01152422700295	0.99472207
60	379.10298458799707	0.9718008
61	375.19444494899113	0.9961448
62	371.2859053099852	0.9390791
63	367.3773656709793	1.0067327
64	363.4688260319734	0.94567096
65	359.56028639296744	1.0350199
66	355.65174675396156	0.93121
67	351.7432071149556	1.00679
68	347.83466747594974	1.010592
69	343.9261278369438	1.0397276
70	340.01758819793787	1.0280209
71	336.109048558932	1.0034248
72	332.20050891992605	0.97905046
73	328.29196928092017	0.9828977
74	324.38342964191423	1.014969
75	320.4748900029083	1.0260963
76	316.5663503639024	1.0205629
77	312.6578107248965	0.9869944
78	308.7492710858906	0.9559325
79	304.84073144688466	1.002778
80	300.9321918078787	0.999704
81	297.02365216887284	0.9899787
82	293.1151125298669	0.9644441
83	289.20657289086097	0.99234927
84	285.2980332518551	0.9805819
85	281.38949361284915	1.0249487
86	277.4809539738432	0.9758092
87	273.5724143348373	1.0050884
88	269.6638746958314	0.9884526
89	265.75533505682546	1.0149409
90	261.8467954178196	1.0285451
91	257.93825577881364	1.0219282
92	254.02971613980776	1.0065359
93	250.12117650080185	0.98953646
94	246.21263686179591	1.0137694
95	242.30409722279	1.0073115
96	238.3955575837841	1.0133607
97	234.4870179447782	0.94650173
98	230.57847830577225	0.9741035
99	226.66993866676634	0.9575046
100	222.76139902776043	1.0370795
101	218.85285938875452	0.9885614
102	214.94431974974862	1.0156753
103	211.03578011074268	0.93054044
104	207.12724047173677	0.97802395
105	203.21870083273086	1.0320709
106	199.31016119372495	0.9913115
107	195.40162155471901	0.98853445
108	191.4930819157131	1.031285
109	187.5845422767072	1.0481814
110	183.6760026377013	0.98167235
111	179.76746299869538	1.0005679
112	175.85892335968944	0.9433409
113	171.95038372068353	0.9699458
114	168.04184408167762	0.9972915
115	164.13330444267172	0.96740633
116	160.22476480366578	0.9866367
117	156.31622516465987	1.0416596
118	152.40768552565396	1.0096782
119	148.49914588664805	0.96734834
120	144.5906062476421	0.9749156
121	140.6820666086362	1.0214839
122	136.7735269696303	0.9801336
123	132.86498733062436	1.0085745
124	128.95644769161845	1.0203933
125	125.04790805261254	0.9744964
126	121.13936841360662	0.93268603
127	117.23082877460071	1.0130451
128	113.32228913559479	1.0193765
129	109.41374949658888	1.0013642
130	105.50520985758294	0.99748844
131	101.59667021857703	1.0019433
132	97.68813057957111	1.0241851
133	93.7795909405652	0.96985906
134	89.87105130155929	0.97470206
135	85.96251166255337	0.9547229
136	82.05397202354746	1.0003488
137	78.14543238454154	0.972255
138	74.23689274553563	1.0141387
139	70.3283531065297	1.0276045
140	66.4198134675238	0.98076993
141	62.51127382851788	1.0139846
142	58.60273418951196	0.99499404
143	54.69419455050604	1.0194694
144	50.785654911500124	1.0397738
145	46.87711527249421	0.99196947
146	42.96857563348829	0.9918165
147	39.06003599448238	0.9797814
148	35.15149635547647	0.95667994
149	31.242956716470548	0.98352885
150	27.33441707746463	1.0071124
151	23.425877438458716	0.96095854
152	19.5173377994528	1.0301194
153	15.608798160446883	1.0380214
154	11.700258521440968	1.1845546
155	7.791718882435051	1.1039389
156	3.883179243429135	0.70104575
157	-0.025360395576781547	0.8218644
158	-3.9339000345826975	0.96097684
159	-7.842439673588614	0.9708877
160	-11.750979312594529	0.9646657
161	-15.659518951600445	0.8670398
162	-19.56805859060636	0.9040869
163	-23.47659822961228	0.99311584
164	-27.385137868618195	0.99385107
165	-31.29367750762411	0.98723793
166	-35.202217146630026	0.95497525
167	-39.11075678563594	0.99968326
168	-43.01929642464186	0.96668255
169	-46.927836063698095	0.99646837
170	-50.83637570270401	0.95494074
171	-54.74491534170993	0.98960966
172	-58.65345498071585	1.0226605
173	-62.561994619721766	1.0356119
174	-66.47053425872768	1.0019088
175	-70.37907389773359	0.99256134
176	-74.2876135367395	1.006072
177	-78.19615317574544	1.0131434
178	-82.10469281475135	1.0171913
179	-86.01323245375727	1.035589
180	-89.92177209276318	0.97863054
181	-93.83031173176909	0.9923754
182	-97.73885137077501	0.9609437
183	-101.64739100978092	1.0089755
184	-105.55593064878684	0.9999474
185	-109.46447028779275	1.0208455
186	-113.37300992679867	0.9855688
187	-117.28154956580458	1.0420929
188	-121.1900892048105	1.0360254
189	-125.09862884381641	1.0210844
190	-129.00716848282232	0.9910673
191	-132.91570812182823	1.0118614
192	-136.82424776083417	0.98671
193	-140.73278739984008	1.0194851
194	-144.64132703884601	1.0346944
195	-148.54986667785192	0.9866748
196	-152.45840631685783	1.0143118
197	-156.36694595586374	0.9479361
198	-160.27548559486968	0.9936077
199	-164.1840252338756	0.99595714
200	-168.0925648728815	0.96837753
201	-172.0011045118874	1.0187695
202	-175.9096441508933	1.0397769
203	-179.81818378989925	1.0092568
204	-183.72672342890516	0.9325378
205	-187.63526306791107	1.0011566
206	-191.54380270691698	0.972141
207	-195.45234234592292	0.9983678
208	-199.36088198492882	0.98887205
209	-203.26942162393473	0.98019177
210	-207.17796126294064	1.0054791
211	-211.08650090194655	1.0185864
212	-214.9950405409525	1.0385122
213	-218.9035801799584	0.98708975
214	-222.8121198189643	0.9945429
215	-226.7206594579702	1.007379
216	-230.62919909697615	0.97450894
217	-234.53773873598206	0.9635199
218	-238.44627837498797	1.0328778
219	-242.35481801399388	0.9871611
220	-246.26335765299984	0.99997866
221	-250.17189729200575	1.0023929
222	-254.08043693101166	0.99208057
223	-257.9889765700176	1.0111002
224	-261.89751620902354	1.0104246
225	-265.8060558480294	1.0246179
226	-269.71459548703535	0.99590725
227	-273.6231351260413	0.99637246
228	-277.53167476504717	1.0531287
229	-281.4402144040531	1.0510113
230	-285.348754043059	0.9914626
231	-289.2572936820649	1.012847
232	-293.1658333210708	1.0194944
233	-297.07437296007674	1.0086961
234	-300.9829125990826	0.967883
235	-304.89145223808856	1.0196784
236	-308.7999918770945	1.0373867
237	-312.7085315161004	1.032703
238	-316.6170711551064	1.0177869
239	-320.52561079411225	1.0417987
240	-324.4341504331182	1.0058905
241	-328.3426900721241	0.9402191
242	-332.25122971113	0.96977323
243	-336.15976935013595	1.0
244	-340.0683089891419	1.0
245	-343.97684862814776	1.0
246	-347.8853882671537	1.0
247	-351.7939279061596	1.0
248	-355.7024675451655	1.0
249	-359.61100718417146	1.0
250	-363.51954682317734	1.0
251	-367.4280864621833	1.0
252	-371.33662610118915	1.0
253	-375.2451657401951	1.0
254	-379.153705379201	1.0
255	-383.0622450182069	1.0
256	-386.97078465721285	1.0
257	-390.8793242962187	1.0
258	-394.78786393522466	1.0
259	-398.6964035742306	1.0
260	-402.6049432132365	1.0
261	-406.5134828522424	1.0
262	-410.42202249124836	1.0
263	-414.33056213025424	1.0
264	-418.2391017692602	1.0
265	-422.14764140826605	1.0
266	-426.056181047272	1.0
267	-429.96472068627793	1.0
268	-433.8732603252838	1.0
269	-437.78179996428975	1.0
