	velocity	Amplitude
0	613.6731863161884	1.0019951
1	609.7646466771824	1.0416871
2	605.8561070381767	1.0240155
3	601.9475673991707	1.0355929
4	598.0390277601648	1.0008364
5	594.1304881211588	1.0149692
6	590.2219484821528	0.9646237
7	586.313408843147	1.0581517
8	582.404869204141	1.029216
9	578.4963295651352	0.9767041
10	574.5877899261293	0.96961784
11	570.6792502871233	0.9657996
12	566.7707106481174	1.047251
13	562.8621710091115	0.98601806
14	558.9536313701055	1.0127977
15	555.0450917310997	1.0428777
16	551.1365520920938	1.0042003
17	547.2280124530879	1.0074148
18	543.3194728140819	0.95279485
19	539.410933175076	0.95621943
20	535.5023935360701	0.95419854
21	531.5938538970642	0.9375613
22	527.6853142580583	1.031768
23	523.7767746190524	0.9326006
24	519.8682349800464	1.0210311
25	515.9596953410405	1.0239369
26	512.0511557020346	1.0262774
27	508.14261606302864	0.9460599
28	504.2340764240227	0.96966594
29	500.3255367850168	1.1059375
30	496.4169971460109	0.9996398
31	492.508457507005	1.0510727
32	488.59991786799907	0.90387
33	484.69137822899313	0.94096214
34	480.78283858998725	1.0145113
35	476.8742989509813	0.9568382
36	472.96575931197543	0.97118425
37	469.0572196729695	0.9584319
38	465.14868003396356	0.9904969
39	461.2401403949577	0.95858115
40	457.3316007559517	1.018848
41	453.42306111694575	0.9478992
42	449.51452147793987	0.96981585
43	445.60598183893393	0.94197947
44	441.697442199928	0.96606255
45	437.7889025609221	1.042441
46	433.8803629219162	1.0063912
47	429.9718232829103	1.0246514
48	426.06328364390436	0.99435645
49	422.1547440048984	1.0529141
50	418.24620436589254	1.0354742
51	414.3376647268866	0.9827355
52	410.4291250878807	0.98063225
53	406.5205854488748	0.9608435
54	402.61204580986885	1.0288103
55	398.70350617086297	1.0527402
56	394.794966531857	1.036746
57	390.8864268928008	1.0089997
58	386.9778872537949	0.9718488
59	383.06934761478897	1.0684906
60	379.1608079757831	1.0214072
61	375.25226833677715	1.00006
62	371.3437286977712	1.0279922
63	367.43518905876533	1.0263413
64	363.5266494197594	1.0003057
65	359.61810978075346	1.0000732
66	355.7095701417476	1.0128707
67	351.80103050274164	1.0096217
68	347.89249086373576	1.0032517
69	343.9839512247298	1.002979
70	340.0754115857239	0.995893
71	336.166871946718	0.9736063
72	332.25833230771207	1.037835
73	328.3497926687062	1.0094478
74	324.44125302970025	1.0070199
75	320.5327133906943	1.0065149
76	316.62417375168843	1.0076118
77	312.7156341126825	1.0441678
78	308.8070944736766	1.0575987
79	304.8985548346707	1.0202081
80	300.99001519566474	0.9993554
81	297.08147555665886	0.9599685
82	293.1729359176529	1.0401464
83	289.264396278647	1.0042534
84	285.3558566396411	1.0246525
85	281.44731700063517	1.0059669
86	277.53877736162923	0.97257495
87	273.6302377226233	0.9799509
88	269.7216980836174	0.9276852
89	265.8131584446115	0.98548245
90	261.9046188056056	1.0031303
91	257.99607916659966	1.0031867
92	254.08753952759375	1.0263547
93	250.17899988858784	1.0100256
94	246.2704602495819	1.0377673
95	242.361920610576	1.028728
96	238.45338097157008	0.9909339
97	234.54484133256418	1.0009202
98	230.63630169355824	1.0448824
99	226.72776205455233	0.9969247
100	222.81922241554642	1.0260533
101	218.9106827765405	1.0235709
102	215.0021431375346	0.9979336
103	211.09360349852867	0.9355763
104	207.18506385952276	0.9761425
105	203.27652422051685	1.0150898
106	199.36798458151094	0.9838222
107	195.459444942505	0.9789593
108	191.5509053034991	0.99007034
109	187.64236566449318	0.9891839
110	183.73382602548728	0.9657055
111	179.82528638648137	1.0045629
112	175.91674674747543	1.0039309
113	172.00820710846952	1.0180683
114	168.0996674694636	0.96611834
115	164.1911278304577	1.0080212
116	160.28258819145177	0.9080178
117	156.37404855244586	0.9581045
118	152.46550891343995	1.0043639
119	148.55696927443404	1.0407541
120	144.6484296354281	1.0276401
121	140.7398899964222	0.99333405
122	136.83135035741628	0.9926327
123	132.92281071841035	0.9890418
124	129.01427107940444	1.06984
125	125.10573144039854	0.9725733
126	121.19719180139262	0.9879654
127	117.28865216238671	1.0112488
128	113.38011252338079	0.9668352
129	109.47157288437488	0.9807551
130	105.56303324536894	1.0131214
131	101.65449360636303	0.9767798
132	97.74595396735711	0.97428995
133	93.8374143283512	1.0307944
134	89.92887468934529	1.0060328
135	86.02033505033937	1.030831
136	82.11179541133346	1.0793917
137	78.20325577232754	1.0344594
138	74.29471613332163	1.0106289
139	70.3861764943157	1.0118732
140	66.4776368553098	0.97402817
141	62.569097216303874	1.0015627
142	58.66055757729796	1.0138291
143	54.752017938292035	1.0129468
144	50.84347829928612	0.9598514
145	46.9349386602802	0.9607036
146	43.02639902127429	0.9779367
147	39.11785938226837	1.0310619
148	35.20931974326246	0.9937686
149	31.300780104256546	1.044932
150	27.392240465250627	0.96319604
151	23.483700826244714	1.0782039
152	19.5751611872388	1.039272
153	15.666621548232879	1.0889988
154	11.758081909226965	1.0198019
155	7.849542270221049	1.1165042
156	3.941002631215132	0.6698415
157	0.032462992209215835	0.7397337
158	-3.8760766467967	0.94999945
159	-7.784616285802616	0.87652636
160	-11.693155924808533	0.9713622
161	-15.601695563814449	0.91559404
162	-19.51023520282036	1.0151999
163	-23.41877484182628	1.0507251
164	-27.327314480832197	0.9905103
165	-31.235854119838113	1.01692
166	-35.14439375884403	0.9791072
167	-39.05293339784995	0.96318394
168	-42.961473036855864	1.0844012
169	-46.8700126759121	0.99060243
170	-50.77855231491802	0.9585303
171	-54.68709195392393	0.9816367
172	-58.595631592929855	0.9335804
173	-62.50417123193577	0.99982244
174	-66.41271087094168	1.005445
175	-70.32125050994759	1.0006518
176	-74.2297901489535	1.0360812
177	-78.13832978795944	0.98347276
178	-82.04686942696534	1.0148891
179	-85.95540906597127	0.9997523
180	-89.86394870497718	0.94293004
181	-93.77248834398308	1.0389726
182	-97.68102798298901	0.9718061
183	-101.58956762199492	1.0249684
184	-105.49810726100084	1.0239769
185	-109.40664690000675	0.94002867
186	-113.31518653901267	0.98514664
187	-117.22372617801858	1.0486226
188	-121.1322658170245	0.9994379
189	-125.04080545603041	1.0549208
190	-128.94934509503634	0.99202037
191	-132.85788473404224	1.0052501
192	-136.76642437304818	1.0361366
193	-140.6749640120541	0.9893497
194	-144.58350365106003	1.0003663
195	-148.49204329006594	0.98804736
196	-152.40058292907185	0.98507893
197	-156.30912256807775	1.0381708
198	-160.2176622070837	1.0416075
199	-164.1262018460896	1.0205867
200	-168.0347414850955	0.9842572
201	-171.94328112410142	0.94379413
202	-175.85182076310733	1.0022137
203	-179.76036040211326	0.95470184
204	-183.66890004111917	0.9761498
205	-187.57743968012508	1.0071607
206	-191.485979319131	0.95910144
207	-195.39451895813693	0.99803466
208	-199.30305859714284	0.9983422
209	-203.21159823614875	1.0049202
210	-207.12013787515465	0.9851195
211	-211.02867751416056	1.030921
212	-214.9372171531665	0.9986684
213	-218.8457567921724	1.0289596
214	-222.75429643117832	0.96720964
215	-226.66283607018423	1.0286862
216	-230.57137570919016	1.0166517
217	-234.47991534819607	0.9685121
218	-238.38845498720198	0.9991019
219	-242.2969946262079	1.0257971
220	-246.20553426521386	1.0031784
221	-250.11407390421977	1.0313894
222	-254.02261354322567	0.98263556
223	-257.9311531822316	0.9897683
224	-261.8396928212375	1.0258992
225	-265.7482324602434	1.0285404
226	-269.65677209924934	1.037311
227	-273.5653117382553	1.0016639
228	-277.47385137726116	0.9554306
229	-281.3823910162671	1.0300282
230	-285.290930655273	1.0772476
231	-289.1994702942789	0.99399114
232	-293.1080099332848	0.9834915
233	-297.0165495722907	0.99712723
234	-300.9250892112966	0.9890582
235	-304.83362885030255	1.0217332
236	-308.7421684893085	1.0313722
237	-312.65070812831436	1.0384551
238	-316.55924776732036	0.9889833
239	-320.46778740632624	1.0307776
240	-324.3763270453322	0.96813154
241	-328.2848666843381	1.0763224
242	-332.193406323344	1.0464919
243	-336.10194596234993	1.0
244	-340.01048560135587	1.0
245	-343.91902524036175	1.0
246	-347.8275648793677	1.0
247	-351.73610451837357	1.0
248	-355.6446441573795	1.0
249	-359.55318379638544	1.0
250	-363.4617234353913	1.0
251	-367.37026307439726	1.0
252	-371.27880271340314	1.0
253	-375.1873423524091	1.0
254	-379.095881991415	1.0
255	-383.0044216304209	1.0
256	-386.91296126942683	1.0
257	-390.8215009084327	1.0
258	-394.73004054743865	1.0
259	-398.6385801864446	1.0
260	-402.54711982545047	1.0
261	-406.4556594644564	1.0
262	-410.36419910346234	1.0
263	-414.2727387424682	1.0
264	-418.18127838147416	1.0
265	-422.08981802048004	1.0
266	-425.998357659486	1.0
267	-429.9068972984919	1.0
268	-433.8154369374978	1.0
269	-437.72397657650373	1.0
