	velocity	Amplitude
0	613.688336470483	0.99683833
1	609.779796831477	1.082007
2	605.8712571924713	1.0018463
3	601.9627175534653	1.0089738
4	598.0541779144594	1.0155021
5	594.1456382754534	1.0107355
6	590.2370986364474	0.9657966
7	586.3285589974416	1.00645
8	582.4200193584356	1.0121437
9	578.5114797194298	0.9493573
10	574.6029400804239	1.0105056
11	570.6944004414179	0.9964917
12	566.785860802412	1.0240761
13	562.8773211634061	0.95574856
14	558.9687815244001	1.0060806
15	555.0602418853942	1.0007443
16	551.1517022463884	1.0616385
17	547.2431626073825	0.9899571
18	543.3346229683765	0.9594302
19	539.4260833293706	1.0136464
20	535.5175436903647	0.95957476
21	531.6090040513587	0.98679465
22	527.7004644123529	1.0240221
23	523.791924773347	0.99991924
24	519.883385134341	0.96398795
25	515.9748454953351	1.0079415
26	512.0663058563292	1.0530775
27	508.1577662173233	1.0286653
28	504.24922657831735	0.9784628
29	500.34068693931147	1.0286947
30	496.43214730030553	0.97578233
31	492.52360766129965	1.0999966
32	488.6150680222937	0.99483293
33	484.7065283832878	1.042033
34	480.7979887442819	0.9866586
35	476.88944910527596	0.99402905
36	472.9809094662701	0.9589645
37	469.07236982726414	1.0519775
38	465.1638301882582	0.9736549
39	461.2552905492523	0.9557652
40	457.3467509102463	0.94035244
41	453.4382112712404	1.02105
42	449.5296716322345	1.0244029
43	445.6211319932286	1.0387758
44	441.71259235422264	0.98342675
45	437.80405271521676	0.99389625
46	433.8955130762108	1.0412368
47	429.98697343720494	1.0142025
48	426.078433798199	1.0063196
49	422.16989415919306	0.9483964
50	418.2613545201872	0.96548706
51	414.35281488118125	0.9746682
52	410.44427524217537	0.9332097
53	406.5357356031694	0.95484334
54	402.6271959641635	0.98910177
55	398.7186563251576	0.95877033
56	394.8101166861517	0.9377835
57	390.90157704709543	0.95926285
58	386.99303740808955	1.0187607
59	383.0844977690836	1.0181183
60	379.17595813007773	1.0133858
61	375.2674184910718	1.0466049
62	371.35887885206586	1.0111691
63	367.45033921306	0.9916907
64	363.54179957405404	1.0156958
65	359.6332599350481	0.96617794
66	355.7247202960422	1.0046376
67	351.8161806570363	1.0203534
68	347.9076410180304	1.0507594
69	343.99910137902447	1.0590433
70	340.09056174001853	0.96294
71	336.18202210101265	1.0173683
72	332.2734824620067	1.0439352
73	328.36494282300083	1.0435848
74	324.4564031839949	0.9748793
75	320.54786354498896	1.0092235
76	316.6393239059831	0.93960375
77	312.73078426697714	0.9306391
78	308.82224462797126	1.0824875
79	304.9137049889653	1.0227051
80	301.0051653499594	1.0025055
81	297.0966257109535	1.0919513
82	293.18808607194757	0.95645493
83	289.27954643294163	0.97081596
84	285.37100679393575	0.9511978
85	281.4624671549298	0.9889064
86	277.5539275159239	0.9915079
87	273.64538787691794	0.9795405
88	269.73684823791206	1.0379287
89	265.8283085989061	0.9802842
90	261.91976895990024	0.95231706
91	258.0112293208943	0.93775016
92	254.1026896818884	0.99913687
93	250.19415004288248	0.96082
94	246.28561040387655	1.0556339
95	242.37707076487064	0.969237
96	238.46853112586473	1.0245864
97	234.55999148685882	0.95275974
98	230.65145184785288	1.0995816
99	226.74291220884697	1.0409294
100	222.83437256984107	0.9485234
101	218.92583293083516	1.009656
102	215.01729329182925	0.9667335
103	211.1087536528233	0.9919494
104	207.2002140138174	1.0018686
105	203.2916743748115	1.0503793
106	199.38313473580558	1.0005288
107	195.47459509679965	0.97755224
108	191.56605545779374	0.9592737
109	187.65751581878783	1.0549405
110	183.74897617978192	1.0083492
111	179.840436540776	0.96189576
112	175.93189690177007	1.0470123
113	172.02335726276416	0.89410436
114	168.11481762375826	1.0024003
115	164.20627798475235	0.98497987
116	160.2977383457464	0.95382637
117	156.3891987067405	1.055069
118	152.4806590677346	1.0478007
119	148.57211942872868	1.062836
120	144.66357978972275	1.020519
121	140.75504015071684	0.9919253
122	136.84650051171093	0.9930945
123	132.937960872705	0.98698884
124	129.02942123369908	0.9801363
125	125.12088159469317	0.9711225
126	121.21234195568725	0.96776366
127	117.30380231668134	1.0094705
128	113.39526267767542	0.95648634
129	109.48672303866951	1.0008743
130	105.57818339966357	1.018808
131	101.66964376065766	1.022223
132	97.76110412165174	1.0571747
133	93.85256448264583	1.039193
134	89.94402484363992	1.0181786
135	86.035485204634	0.9983608
136	82.12694556562809	0.9622294
137	78.21840592662217	1.0148113
138	74.30986628761626	1.060314
139	70.40132664861034	0.9682432
140	66.49278700960443	0.9886153
141	62.58424737059852	0.97972935
142	58.6757077315926	1.0046133
143	54.76716809258668	1.0333666
144	50.858628453580764	0.9937015
145	46.95008881457485	0.9696825
146	43.04154917556893	1.0346988
147	39.133009536563016	0.96253914
148	35.22446989755711	0.9602078
149	31.315930258551184	0.9971873
150	27.407390619545264	0.9696351
151	23.498850980539352	1.0414312
152	19.590311341533436	0.9586475
153	15.681771702527518	1.0463722
154	11.773232063521604	1.041078
155	7.864692424515687	1.0653577
156	3.9561527855097713	0.76548123
157	0.0476131465038549	0.76728624
158	-3.8609264925020614	0.76879954
159	-7.769466131507977	0.9969827
160	-11.678005770513893	0.9980483
161	-15.58654540951981	0.98820126
162	-19.495085048525723	0.90388846
163	-23.403624687531643	0.9993499
164	-27.31216432653756	0.99955946
165	-31.220703965543475	1.0546186
166	-35.12924360454939	1.0219916
167	-39.0377832435553	1.0744303
168	-42.94632288256122	0.93692505
169	-46.854862521617456	1.0998938
170	-50.76340216062337	1.0603039
171	-54.67194179962929	1.0564471
172	-58.58048143863521	0.90978634
173	-62.48902107764113	1.009977
174	-66.39756071664705	0.9955905
175	-70.30610035565296	1.0460163
176	-74.21463999465887	0.9465369
177	-78.1231796336648	0.9620449
178	-82.03171927267071	0.9688216
179	-85.94025891167664	1.0307584
180	-89.84879855068255	0.98473907
181	-93.75733818968845	0.9729159
182	-97.66587782869438	0.9826595
183	-101.57441746770029	1.0196062
184	-105.48295710670621	1.0244052
185	-109.39149674571212	0.93476266
186	-113.30003638471804	0.9911704
187	-117.20857602372395	1.0020956
188	-121.11711566272987	1.0187061
189	-125.02565530173578	1.0004534
190	-128.9341949407417	0.9877746
191	-132.8427345797476	1.008524
192	-136.75127421875354	1.0439965
193	-140.65981385775945	0.97346795
194	-144.56835349676538	1.0082065
195	-148.4768931357713	1.0078064
196	-152.3854327747772	0.9778573
197	-156.2939724137831	1.0410582
198	-160.20251205278905	0.9702735
199	-164.11105169179496	0.9859442
200	-168.01959133080086	1.0223233
201	-171.92813096980677	1.0259286
202	-175.83667060881268	0.9581476
203	-179.74521024781862	1.0630502
204	-183.65374988682453	0.97155756
205	-187.56228952583044	1.0513046
206	-191.47082916483635	0.97458875
207	-195.37936880384228	0.95727473
208	-199.2879084428482	0.94446284
209	-203.1964480818541	0.95675546
210	-207.10498772086	0.99853337
211	-211.01352735986592	1.0144082
212	-214.92206699887186	0.96579856
213	-218.83060663787776	0.9361371
214	-222.73914627688367	0.9991554
215	-226.64768591588958	1.0255982
216	-230.55622555489552	0.96057993
217	-234.46476519390143	0.9579286
218	-238.37330483290734	1.0030991
219	-242.28184447191325	1.0028703
220	-246.1903841109192	0.9484933
221	-250.09892374992512	0.9336536
222	-254.00746338893103	0.9961765
223	-257.91600302793694	1.038951
224	-261.8245426669429	1.0495235
225	-265.73308230594876	1.0051335
226	-269.6416219449547	1.0167383
227	-273.55016158396063	0.9691294
228	-277.4587012229665	1.0551523
229	-281.36724086197245	1.0037516
230	-285.2757805009783	0.9518304
231	-289.18432013998427	1.1051595
232	-293.09285977899015	1.0182768
233	-297.0013994179961	1.0068411
234	-300.90993905700196	1.056233
235	-304.8184786960079	0.95529014
236	-308.72701833501384	1.0254976
237	-312.6355579740197	0.99128234
238	-316.5440976130257	1.0092002
239	-320.4526372520316	0.9933368
240	-324.36117689103753	1.0249523
241	-328.26971653004347	0.97554076
242	-332.17825616904935	1.0179807
243	-336.0867958080553	1.0
244	-339.9953354470612	1.0
245	-343.9038750860671	1.0
246	-347.81241472507304	1.0
247	-351.7209543640789	1.0
248	-355.62949400308486	1.0
249	-359.5380336420908	1.0
250	-363.4465732810967	1.0
251	-367.3551129201026	1.0
252	-371.2636525591085	1.0
253	-375.17219219811443	1.0
254	-379.08073183712037	1.0
255	-382.98927147612625	1.0
256	-386.8978111151322	1.0
257	-390.80635075413807	1.0
258	-394.714890393144	1.0
259	-398.62343003214994	1.0
260	-402.5319696711558	1.0
261	-406.44050931016176	1.0
262	-410.3490489491677	1.0
263	-414.2575885881736	1.0
264	-418.1661282271795	1.0
265	-422.0746678661854	1.0
266	-425.98320750519133	1.0
267	-429.89174714419727	1.0
268	-433.80028678320315	1.0
269	-437.7088264222091	1.0
