	velocity	Amplitude
0	613.1928607615351	1.0311179
1	609.2843211225291	0.9984405
2	605.3757814835234	0.9575422
3	601.4672418445174	1.0411614
4	597.5587022055115	1.0283482
5	593.6501625665055	1.0156196
6	589.7416229274995	1.0048268
7	585.8330832884938	1.013504
8	581.9245436494878	0.97126067
9	578.0160040104819	0.9917672
10	574.107464371476	0.9903295
11	570.19892473247	0.9885562
12	566.2903850934641	0.9909909
13	562.3818454544582	1.0052872
14	558.4733058154522	0.9827232
15	554.5647661764464	1.0166118
16	550.6562265374405	0.9910155
17	546.7476868984346	0.9887978
18	542.8391472594286	1.0314335
19	538.9306076204227	0.95814556
20	535.0220679814169	1.0076467
21	531.1135283424109	1.0142797
22	527.204988703405	0.9961188
23	523.2964490643991	0.9846956
24	519.3879094253931	0.97221243
25	515.4793697863872	0.9862732
26	511.57083014738134	0.9988941
27	507.6622905083754	0.9693406
28	503.75375086936947	0.9621429
29	499.8452112303636	0.9923331
30	495.93667159135765	0.9971189
31	492.02813195235177	1.0150342
32	488.11959231334583	1.0032935
33	484.2110526743399	1.021763
34	480.302513035334	0.9947832
35	476.3939733963281	1.0081135
36	472.4854337573222	0.9891057
37	468.57689411831626	1.0212948
38	464.6683544793103	0.9974597
39	460.75981484030444	1.0005494
40	456.85127520129845	1.0009881
41	452.9427355622925	1.0212175
42	449.03419592328663	0.9887381
43	445.1256562842807	0.9802552
44	441.21711664527476	1.0073605
45	437.3085770062689	0.9888595
46	433.40003736726294	1.0017358
47	429.49149772825706	0.9871403
48	425.5829580892511	0.9660797
49	421.6744184502452	0.97640896
50	417.7658788112393	0.9931036
51	413.85733917223337	1.0365521
52	409.9487995332275	0.9913109
53	406.04025989422155	0.95292735
54	402.1317202552156	0.9985885
55	398.22318061620973	1.0014066
56	394.3146409772038	1.0075918
57	390.40610133814755	1.0449991
58	386.49756169914167	1.0307237
59	382.58902206013573	0.99528104
60	378.68048242112985	0.98154896
61	374.7719427821239	0.9503691
62	370.863403143118	1.0092418
63	366.9548635041121	0.99290985
64	363.04632386510616	0.9964506
65	359.1377842261002	0.9829835
66	355.22924458709434	1.0214394
67	351.3207049480884	1.0023181
68	347.4121653090825	0.9902483
69	343.5036256700766	0.9668937
70	339.59508603107065	1.0049769
71	335.68654639206477	1.0167427
72	331.77800675305883	0.9620894
73	327.86946711405295	0.9680558
74	323.960927475047	1.0314702
75	320.0523878360411	1.0145633
76	316.1438481970352	1.0180961
77	312.23530855802926	0.980855
78	308.3267689190234	1.0079148
79	304.41822928001744	1.0628604
80	300.5096896410115	0.9953927
81	296.6011500020056	1.0136558
82	292.6926103629997	1.0463369
83	288.78407072399375	1.0015887
84	284.87553108498787	0.9276508
85	280.96699144598193	0.96997845
86	277.058451806976	1.045242
87	273.14991216797006	0.9803862
88	269.2413725289642	1.0109264
89	265.33283288995824	0.9628892
90	261.42429325095236	0.97375494
91	257.5157536119464	1.0499754
92	253.60721397294049	1.024369
93	249.69867433393458	1.0072601
94	245.79013469492864	1.0131282
95	241.88159505592273	1.0003917
96	237.97305541691682	1.0318316
97	234.0645157779109	1.0547217
98	230.15597613890498	0.9857116
99	226.24743649989907	1.0468259
100	222.33889686089316	1.025129
101	218.43035722188725	1.0021374
102	214.52181758288134	1.002295
103	210.6132779438754	0.99003464
104	206.7047383048695	0.9690701
105	202.79619866586359	0.95198
106	198.88765902685768	1.0299413
107	194.97911938785174	0.9926799
108	191.07057974884583	1.0183215
109	187.16204010983992	1.0248413
110	183.253500470834	1.0260942
111	179.3449608318281	0.9797697
112	175.43642119282217	0.9943471
113	171.52788155381626	0.9981688
114	167.61934191481035	1.0287579
115	163.71080227580444	0.9736421
116	159.8022626367985	0.99450016
117	155.8937229977926	0.9745182
118	151.98518335878668	0.9690032
119	148.07664371978078	1.0031615
120	144.16810408077484	1.0194073
121	140.25956444176893	1.0043484
122	136.35102480276302	0.99718827
123	132.44248516375708	0.9947878
124	128.53394552475118	1.0060253
125	124.62540588574527	0.99156094
126	120.71686624673934	0.98201394
127	116.80832660773343	1.0255561
128	112.89978696872751	1.0034333
129	108.9912473297216	1.0228078
130	105.08270769071567	0.98208874
131	101.17416805170976	0.9792875
132	97.26562841270383	1.0008854
133	93.35708877369792	0.99401945
134	89.44854913469202	0.9862673
135	85.54000949568609	1.0307506
136	81.63146985668018	0.9967639
137	77.72293021767426	0.99218166
138	73.81439057866835	1.0110766
139	69.90585093966243	1.0415161
140	65.99731130065652	1.0075394
141	62.08877166165061	1.0318313
142	58.180232022644695	1.0394214
143	54.27169238363877	0.98349893
144	50.363152744632856	0.99173486
145	46.45461310562694	0.9960147
146	42.546073466621024	0.97755104
147	38.63753382761511	1.047085
148	34.7289941886092	0.98496896
149	30.820454549603276	1.0196664
150	26.911914910597357	1.0121268
151	23.003375271591445	1.0358003
152	19.09483563258553	1.077851
153	15.186295993579611	1.0547063
154	11.277756354573697	1.1116747
155	7.369216715567781	0.98834044
156	3.460677076561864	0.84295374
157	-0.44786256244405215	0.8073252
158	-4.356402201449968	0.9871807
159	-8.264941840455885	0.9706043
160	-12.1734814794618	0.98321205
161	-16.082021118467715	1.0027099
162	-19.99056075747363	0.99873257
163	-23.89910039647955	0.9770884
164	-27.807640035485466	0.9599786
165	-31.716179674491382	1.0034504
166	-35.624719313497295	1.0543911
167	-39.53325895250321	0.99634445
168	-43.44179859150913	0.98175365
169	-47.35033823056536	1.0016688
170	-51.25887786957128	0.9765833
171	-55.167417508577195	0.94479173
172	-59.07595714758312	1.0386152
173	-62.984496786589034	1.0292087
174	-66.89303642559496	0.969721
175	-70.80157606460087	1.0159073
176	-74.71011570360677	1.0402755
177	-78.61865534261271	0.9742257
178	-82.52719498161862	0.9692154
179	-86.43573462062454	0.98019314
180	-90.34427425963045	0.9738246
181	-94.25281389863636	1.0051583
182	-98.16135353764228	1.0330149
183	-102.0698931766482	0.98275054
184	-105.97843281565412	0.98000765
185	-109.88697245466003	0.9979275
186	-113.79551209366595	1.0069056
187	-117.70405173267186	0.96122736
188	-121.61259137167778	1.0269532
189	-125.52113101068369	0.99319196
190	-129.4296706496896	0.994695
191	-133.3382102886955	1.0303563
192	-137.24674992770144	1.0065287
193	-141.15528956670735	0.95122665
194	-145.0638292057133	0.9684385
195	-148.9723688447192	0.99288476
196	-152.8809084837251	1.018951
197	-156.78944812273102	1.0183407
198	-160.69798776173695	1.0054744
199	-164.60652740074286	1.0241209
200	-168.51506703974877	1.033712
201	-172.42360667875468	1.008706
202	-176.3321463177606	1.0145048
203	-180.24068595676653	1.0226986
204	-184.14922559577244	1.0669575
205	-188.05776523477834	0.9995575
206	-191.96630487378425	0.99406105
207	-195.8748445127902	1.0018516
208	-199.7833841517961	0.9980349
209	-203.691923790802	1.0345973
210	-207.60046342980792	1.0531974
211	-211.50900306881383	1.0264428
212	-215.41754270781976	1.0240934
213	-219.32608234682567	0.99175125
214	-223.23462198583158	1.0117751
215	-227.1431616248375	0.9947566
216	-231.05170126384343	1.0017928
217	-234.96024090284934	1.0308477
218	-238.86878054185524	1.0527029
219	-242.77732018086115	0.9707547
220	-246.68585981986712	1.0391098
221	-250.59439945887303	0.9952291
222	-254.50293909787894	1.0069026
223	-258.4114787368848	0.9996317
224	-262.32001837589075	1.0366976
225	-266.22855801489663	1.0055285
226	-270.1370976539026	0.9873667
227	-274.0456372929085	0.9843148
228	-277.9541769319144	1.0072731
229	-281.8627165709203	1.0093949
230	-285.7712562099262	1.0237284
231	-289.67979584893214	1.0040646
232	-293.588335487938	1.0161986
233	-297.49687512694396	1.0066893
234	-301.40541476594984	0.9828246
235	-305.3139544049558	0.99672323
236	-309.2224940439617	0.9823365
237	-313.1310336829676	1.0032363
238	-317.0395733219736	0.9846286
239	-320.9481129609795	0.986163
240	-324.8566525999854	0.9633408
241	-328.76519223899135	0.9898294
242	-332.6737318779972	0.99060553
243	-336.58227151700316	1.0
244	-340.4908111560091	1.0
245	-344.399350795015	1.0
246	-348.3078904340209	1.0
247	-352.2164300730268	1.0
248	-356.12496971203274	1.0
249	-360.0335093510387	1.0
250	-363.94204899004455	1.0
251	-367.8505886290505	1.0
252	-371.7591282680564	1.0
253	-375.6676679070623	1.0
254	-379.57620754606825	1.0
255	-383.4847471850741	1.0
256	-387.39328682408006	1.0
257	-391.30182646308594	1.0
258	-395.2103661020919	1.0
259	-399.1189057410978	1.0
260	-403.0274453801037	1.0
261	-406.93598501910964	1.0
262	-410.8445246581156	1.0
263	-414.75306429712145	1.0
264	-418.6616039361274	1.0
265	-422.5701435751333	1.0
266	-426.4786832141392	1.0
267	-430.38722285314515	1.0
268	-434.295762492151	1.0
269	-438.20430213115696	1.0
