	velocity	Amplitude
0	612.8669064567176	1.0018513
1	608.9583668177116	1.0000404
2	605.0498271787059	0.9993363
3	601.1412875396999	1.0002596
4	597.232747900694	0.9999425
5	593.324208261688	1.001565
6	589.415668622682	1.0005925
7	585.5071289836762	0.99955857
8	581.5985893446702	1.000741
9	577.6900497056644	0.99800545
10	573.7815100666585	0.99944067
11	569.8729704276525	0.9991801
12	565.9644307886466	1.0023813
13	562.0558911496407	1.0041661
14	558.1473515106347	1.0026052
15	554.2388118716289	1.0004994
16	550.330272232623	0.99619085
17	546.4217325936171	0.9990404
18	542.5131929546111	1.0025117
19	538.6046533156052	0.99242073
20	534.6961136765993	1.0015016
21	530.7875740375933	1.0065535
22	526.8790343985875	1.0026146
23	522.9704947595816	0.99596
24	519.0619551205756	0.997325
25	515.1534154815697	1.0006107
26	511.24487584256383	0.9911345
27	507.3363362035579	1.0052025
28	503.42779656455195	1.0010002
29	499.5192569255461	0.9988697
30	495.61071728654014	0.9960569
31	491.70217764753426	1.0019121
32	487.7936380085283	1.0023395
33	483.8850983695224	1.0053921
34	479.9765587305165	1.0003124
35	476.06801909151056	1.0018612
36	472.1594794525047	1.0008585
37	468.25093981349875	1.0013455
38	464.3424001744928	1.0015962
39	460.43386053548693	0.99950665
40	456.52532089648093	0.9990974
41	452.616781257475	1.0002857
42	448.7082416184691	0.9976112
43	444.7997019794632	1.001952
44	440.89116234045724	1.0021374
45	436.98262270145136	1.0025108
46	433.0740830624454	1.0023834
47	429.16554342343954	1.0011685
48	425.2570037844336	1.0029743
49	421.34846414542767	0.9972022
50	417.4399245064218	0.9956344
51	413.53138486741585	0.995821
52	409.62284522841	1.0024642
53	405.71430558940403	1.0014164
54	401.8057659503981	0.9990621
55	397.8972263113922	0.9966054
56	393.9886866723863	0.9992118
57	390.08014703333004	1.0029737
58	386.17160739432416	0.99948466
59	382.2630677553182	1.0021198
60	378.35452811631234	0.9963223
61	374.4459884773064	0.99956894
62	370.53744883830046	0.9984353
63	366.6289091992946	0.998053
64	362.72036956028865	1.0012969
65	358.8118299212827	1.0002127
66	354.9032902822768	0.99950016
67	350.9947506432709	1.0041488
68	347.086211004265	0.9975072
69	343.1776713652591	0.99877185
70	339.26913172625314	0.99878705
71	335.36059208724726	0.99695176
72	331.4520524482413	0.9998661
73	327.54351280923544	0.9933887
74	323.6349731702295	0.9970506
75	319.72643353122356	0.9994208
76	315.8178938922177	0.99745554
77	311.90935425321175	0.9962744
78	308.00081461420586	1.0023599
79	304.0922749751999	0.9978067
80	300.183735336194	1.0014595
81	296.2751956971881	1.0023289
82	292.3666560581822	0.9994362
83	288.45811641917624	1.0016723
84	284.54957678017036	1.0027235
85	280.6410371411644	0.9979137
86	276.7324975021585	1.0024139
87	272.82395786315254	1.0003893
88	268.91541822414666	0.99764675
89	265.0068785851407	0.99963224
90	261.09833894613485	1.0003403
91	257.1897993071289	0.99515045
92	253.28125966812297	1.0025793
93	249.37272002911706	1.0007194
94	245.46418039011112	1.0007513
95	241.55564075110522	1.0007809
96	237.6471011120993	1.0019044
97	233.7385614730934	1.0007482
98	229.83002183408746	1.0018673
99	225.92148219508155	0.9989917
100	222.01294255607564	0.9998797
101	218.10440291706973	0.99514204
102	214.19586327806383	0.98722064
103	210.2873236390579	0.9934786
104	206.37878400005198	1.0017997
105	202.47024436104607	0.9988804
106	198.56170472204016	0.99965435
107	194.65316508303422	0.9963241
108	190.74462544402832	1.0011677
109	186.8360858050224	1.00101
110	182.9275461660165	0.99842364
111	179.0190065270106	0.9950073
112	175.11046688800465	1.0016537
113	171.20192724899874	0.9961134
114	167.29338760999283	1.0029942
115	163.38484797098693	1.002705
116	159.476308331981	1.0011921
117	155.56776869297508	0.9970483
118	151.65922905396917	1.0006665
119	147.75068941496326	1.0036693
120	143.84214977595732	0.9977618
121	139.93361013695142	1.00217
122	136.0250704979455	1.0056535
123	132.11653085893957	1.0030463
124	128.20799121993366	0.9980749
125	124.29945158092775	1.0013077
126	120.39091194192183	0.9956144
127	116.48237230291592	0.9982475
128	112.57383266391	0.99912965
129	108.66529302490409	0.9979567
130	104.75675338589815	0.99594086
131	100.84821374689224	0.99793595
132	96.93967410788632	1.0017499
133	93.03113446888041	0.99831426
134	89.1225948298745	1.0017556
135	85.21405519086858	0.9964434
136	81.30551555186267	0.9994662
137	77.39697591285675	1.0033337
138	73.48843627385084	1.0026833
139	69.57989663484491	0.99822533
140	65.671356995839	1.0028265
141	61.7628173568331	1.003268
142	57.85427771782718	1.0031127
143	53.94573807882126	0.99745363
144	50.03719843981534	0.9984951
145	46.128658800809426	0.99838156
146	42.22011916180351	0.9912188
147	38.311579522797594	0.9970029
148	34.403039883791685	0.99483997
149	30.494500244785765	0.9951059
150	26.585960605779846	1.0019555
151	22.677420966773933	1.0111859
152	18.768881327768018	1.0363755
153	14.860341688762098	1.0611684
154	10.951802049756186	1.0934029
155	7.043262410750268	1.0825118
156	3.1347227717443515	0.89402354
157	-0.7738168672615646	0.97042364
158	-4.682356506267481	0.98895824
159	-8.590896145273398	0.9981549
160	-12.499435784279314	0.9987266
161	-16.40797542328523	1.0023322
162	-20.316515062291142	1.001421
163	-24.22505470129706	0.99988276
164	-28.133594340302977	1.0007198
165	-32.04213397930889	0.99322075
166	-35.95067361831481	0.997896
167	-39.859213257320725	1.0055414
168	-43.76775289632664	1.001822
169	-47.67629253538288	1.0044312
170	-51.584832174388794	1.0015659
171	-55.49337181339471	1.0026877
172	-59.40191145240063	1.0012777
173	-63.31045109140655	1.0005999
174	-67.21899073041247	1.0011275
175	-71.12753036941838	1.0053643
176	-75.03607000842429	1.0061868
177	-78.94460964743023	0.99929845
178	-82.85314928643614	1.0029323
179	-86.76168892544206	1.0005056
180	-90.67022856444797	0.99657154
181	-94.57876820345388	0.9985096
182	-98.4873078424598	1.0020971
183	-102.39584748146571	1.0001004
184	-106.30438712047163	1.0017722
185	-110.21292675947754	0.99827933
186	-114.12146639848346	0.9983527
187	-118.03000603748937	1.0012556
188	-121.9385456764953	0.993396
189	-125.8470853155012	0.99559516
190	-129.7556249545071	1.0005491
191	-133.66416459351302	0.9994372
192	-137.57270423251896	0.99665195
193	-141.48124387152487	0.9983896
194	-145.3897835105308	1.0027615
195	-149.2983231495367	0.99760383
196	-153.20686278854262	1.000099
197	-157.11540242754853	0.99878657
198	-161.02394206655447	0.9988223
199	-164.93248170556038	0.9996758
200	-168.8410213445663	1.0005652
201	-172.7495609835722	1.0018128
202	-176.6581006225781	0.9996784
203	-180.56664026158404	0.99945104
204	-184.47517990058995	1.0023592
205	-188.38371953959586	0.998876
206	-192.29225917860177	1.0025556
207	-196.2007988176077	0.99863946
208	-200.1093384566136	0.997027
209	-204.01787809561952	0.9953534
210	-207.92641773462543	1.0003914
211	-211.83495737363134	0.99881476
212	-215.74349701263728	0.9993984
213	-219.6520366516432	1.0007018
214	-223.5605762906491	0.9994917
215	-227.469115929655	0.9986637
216	-231.37765556866094	0.9991717
217	-235.28619520766685	0.99796945
218	-239.19473484667276	0.99704176
219	-243.10327448567867	0.9992571
220	-247.01181412468463	0.9999205
221	-250.92035376369054	0.9960725
222	-254.82889340269645	1.0035021
223	-258.73743304170233	0.9984607
224	-262.64597268070827	1.0008196
225	-266.55451231971415	0.99864256
226	-270.4630519587201	0.99761343
227	-274.371591597726	1.0024229
228	-278.2801312367319	1.0007528
229	-282.18867087573784	1.0032588
230	-286.0972105147437	1.0006826
231	-290.00575015374966	1.0057235
232	-293.91428979275554	1.0013157
233	-297.8228294317615	0.9975646
234	-301.73136907076736	0.9977825
235	-305.6399087097733	1.0022709
236	-309.54844834877923	1.0002443
237	-313.4569879877851	1.0016198
238	-317.3655276267911	1.0019931
239	-321.274067265797	0.9964176
240	-325.1826069048029	0.9910275
241	-329.09114654380886	0.9984021
242	-332.99968618281474	0.99643505
243	-336.9082258218207	1.0
244	-340.8167654608266	1.0
245	-344.7253050998325	1.0
246	-348.63384473883843	1.0
247	-352.5423843778443	1.0
248	-356.45092401685025	1.0
249	-360.3594636558562	1.0
250	-364.26800329486207	1.0
251	-368.176542933868	1.0
252	-372.0850825728739	1.0
253	-375.9936222118798	1.0
254	-379.90216185088576	1.0
255	-383.81070148989164	1.0
256	-387.7192411288976	1.0
257	-391.62778076790346	1.0
258	-395.5363204069094	1.0
259	-399.44486004591533	1.0
260	-403.3533996849212	1.0
261	-407.26193932392715	1.0
262	-411.1704789629331	1.0
263	-415.07901860193897	1.0
264	-418.9875582409449	1.0
265	-422.8960978799508	1.0
266	-426.8046375189567	1.0
267	-430.71317715796266	1.0
268	-434.62171679696854	1.0
269	-438.5302564359745	1.0
