	velocity	Amplitude
0	613.32642936293	0.99439734
1	609.417889723924	1.0077429
2	605.5093500849182	1.0356457
3	601.6008104459122	1.0185496
4	597.6922708069063	0.99788487
5	593.7837311679003	0.92080814
6	589.8751915288943	1.0263761
7	585.9666518898886	0.93065494
8	582.0581122508826	1.0200804
9	578.1495726118767	1.0400058
10	574.2410329728708	1.0148259
11	570.3324933338648	1.0388008
12	566.4239536948589	0.97542834
13	562.5154140558531	0.9854475
14	558.6068744168471	0.96658415
15	554.6983347778412	1.0059
16	550.7897951388353	0.9860224
17	546.8812554998294	0.96078545
18	542.9727158608234	0.960765
19	539.0641762218175	0.95181113
20	535.1556365828117	0.97358257
21	531.2470969438057	1.024955
22	527.3385573047998	1.0073423
23	523.4300176657939	0.98455447
24	519.5214780267879	1.0034331
25	515.612938387782	1.0476515
26	511.70439874877616	0.95484537
27	507.7958591097702	1.016739
28	503.8873194707643	1.0310167
29	499.9787798317584	0.99409103
30	496.07024019275246	1.0642372
31	492.1617005537466	0.9692188
32	488.25316091474065	0.9948627
33	484.3446212757347	1.0525062
34	480.43608163672883	1.0175741
35	476.5275419977229	0.991876
36	472.619002358717	1.0165945
37	468.7104627197111	1.0344498
38	464.80192308070514	1.0060472
39	460.89338344169926	1.0169917
40	456.98484380269326	0.9930601
41	453.0763041636873	0.997987
42	449.16776452468144	1.0326989
43	445.2592248856755	1.0219513
44	441.35068524666957	1.0038325
45	437.4421456076637	0.98791975
46	433.53360596865775	0.9921875
47	429.6250663296519	1.008258
48	425.71652669064594	0.9846935
49	421.80798705164	1.0336576
50	417.8994474126341	1.0756636
51	413.9909077736282	1.066898
52	410.0823681346223	0.89669144
53	406.17382849561636	0.99968266
54	402.2652888566104	1.0361493
55	398.35674921760454	1.0337849
56	394.4482095785986	0.97008693
57	390.53966993954236	1.0017625
58	386.6311303005365	0.99828917
59	382.72259066153055	0.9807475
60	378.81405102252467	0.99357575
61	374.90551138351873	0.9928194
62	370.9969717445128	1.0012857
63	367.0884321055069	0.95587164
64	363.179892466501	0.9556621
65	359.27135282749504	1.0437348
66	355.36281318848916	0.98830694
67	351.4542735494832	1.0461935
68	347.54573391047734	1.0037286
69	343.6371942714714	0.9589098
70	339.72865463246546	0.95612127
71	335.8201149934596	1.0392692
72	331.91157535445365	0.9761222
73	328.00303571544777	0.98663306
74	324.0944960764418	0.9567715
75	320.1859564374359	1.0312505
76	316.27741679843	0.9858205
77	312.3688771594241	0.9507635
78	308.4603375204182	1.0378999
79	304.55179788141226	1.0282737
80	300.6432582424063	1.0090715
81	296.73471860340044	0.959945
82	292.8261789643945	1.0042413
83	288.91763932538856	0.9916825
84	285.0090996863827	1.0093915
85	281.10056004737675	1.0209186
86	277.1920204083708	0.97412443
87	273.28348076936487	1.0154718
88	269.374941130359	0.9907578
89	265.46640149135305	0.96138656
90	261.5578618523472	1.0260764
91	257.64932221334124	0.99051434
92	253.74078257433533	0.9605957
93	249.83224293532942	1.017741
94	245.92370329632348	0.93589824
95	242.01516365731757	0.9699886
96	238.10662401831166	1.008542
97	234.19808437930575	1.0499603
98	230.28954474029982	1.000384
99	226.3810051012939	0.97824734
100	222.472465462288	1.0097429
101	218.5639258232821	0.9993176
102	214.65538618427618	0.9764221
103	210.74684654527024	1.0147091
104	206.83830690626434	1.0403484
105	202.92976726725843	0.9851145
106	199.02122762825252	1.0069418
107	195.11268798924658	0.9972134
108	191.20414835024067	0.9967758
109	187.29560871123476	0.9783012
110	183.38706907222885	0.99439985
111	179.47852943322295	1.0460087
112	175.569989794217	0.9726424
113	171.6614501552111	1.0101988
114	167.7529105162052	0.9841248
115	163.84437087719928	0.98968124
116	159.93583123819334	1.0347694
117	156.02729159918744	0.9385887
118	152.11875196018153	0.9779547
119	148.21021232117562	0.9821089
120	144.30167268216968	1.008284
121	140.39313304316377	0.93195486
122	136.48459340415786	0.98958355
123	132.57605376515193	1.025772
124	128.66751412614602	1.0560291
125	124.75897448714011	0.97557944
126	120.85043484813419	0.9745414
127	116.94189520912828	0.9574605
128	113.03335557012235	0.99651074
129	109.12481593111644	1.0061483
130	105.2162762921105	0.9310537
131	101.3077366531046	1.0407223
132	97.39919701409868	1.0159291
133	93.49065737509277	1.057087
134	89.58211773608686	0.976333
135	85.67357809708093	1.0215946
136	81.76503845807503	1.0037792
137	77.8564988190691	1.0207193
138	73.9479591800632	0.9962084
139	70.03941954105727	0.9952736
140	66.13087990205136	1.0063239
141	62.22234026304545	0.9835722
142	58.31380062403954	1.0072577
143	54.405260985033614	1.0110983
144	50.4967213460277	1.0114757
145	46.58818170702178	0.9818603
146	42.679642068015866	1.0357538
147	38.77110242900995	1.0306085
148	34.86256279000404	0.98650306
149	30.95402315099812	1.0170512
150	27.0454835119922	1.0227965
151	23.136943872986286	1.0204306
152	19.22840423398037	1.0251962
153	15.319864594974455	1.0479865
154	11.41132495596854	1.0502673
155	7.5027853169626235	1.0536265
156	3.594245677956707	0.7852472
157	-0.3142939610492092	0.8227084
158	-4.222833600055125	1.0084481
159	-8.131373239061041	1.0235347
160	-12.039912878066957	1.0441256
161	-15.948452517072873	1.0167407
162	-19.85699215607879	1.017981
163	-23.76553179508471	0.922581
164	-27.674071434090624	0.9748757
165	-31.58261107309654	1.0228051
166	-35.49115071210245	0.9737496
167	-39.39969035110837	0.9916643
168	-43.308229990114285	1.0037246
169	-47.21676962917052	1.005009
170	-51.12530926817644	1.0352516
171	-55.03384890718235	1.0302409
172	-58.942388546188276	0.9410431
173	-62.85092818519419	1.0269742
174	-66.75946782420012	1.0026697
175	-70.66800746320602	1.0330675
176	-74.57654710221193	1.0595511
177	-78.48508674121787	0.9830592
178	-82.39362638022378	0.95923173
179	-86.3021660192297	0.9729623
180	-90.21070565823561	0.96918786
181	-94.11924529724152	0.97004825
182	-98.02778493624744	1.000575
183	-101.93632457525335	0.952838
184	-105.84486421425927	1.0324074
185	-109.75340385326518	1.0204253
186	-113.6619434922711	0.99109113
187	-117.57048313127702	1.0453243
188	-121.47902277028294	1.0328703
189	-125.38756240928885	0.99485034
190	-129.29610204829476	1.0117917
191	-133.20464168730066	1.0704669
192	-137.1131813263066	0.9668436
193	-141.0217209653125	1.0396162
194	-144.93026060431845	1.0163978
195	-148.83880024332436	0.973415
196	-152.74733988233027	1.0214818
197	-156.65587952133617	0.9898826
198	-160.5644191603421	1.0263848
199	-164.47295879934802	0.9491082
200	-168.38149843835393	1.0286517
201	-172.29003807735984	1.0263203
202	-176.19857771636575	1.0202701
203	-180.10711735537168	1.0145361
204	-184.0156569943776	1.0044402
205	-187.9241966333835	0.98877484
206	-191.8327362723894	0.9811986
207	-195.74127591139535	1.0382905
208	-199.64981555040126	0.96113825
209	-203.55835518940717	1.0214933
210	-207.46689482841307	0.96198726
211	-211.37543446741898	0.98731893
212	-215.28397410642492	0.9454221
213	-219.19251374543083	0.97831494
214	-223.10105338443674	1.0154699
215	-227.00959302344265	0.9846899
216	-230.91813266244858	1.0495316
217	-234.8266723014545	0.952211
218	-238.7352119404604	0.965244
219	-242.6437515794663	0.9441352
220	-246.55229121847228	1.0080308
221	-250.4608308574782	1.0310405
222	-254.3693704964841	0.9829925
223	-258.27791013549	0.9970414
224	-262.18644977449594	1.0431099
225	-266.0949894135018	0.99882567
226	-270.00352905250776	0.9759716
227	-273.9120686915137	0.95331895
228	-277.8206083305196	1.0170702
229	-281.7291479695255	0.9779599
230	-285.6376876085314	1.0224645
231	-289.54622724753733	0.9888336
232	-293.4547668865432	0.9917974
233	-297.36330652554915	1.0404553
234	-301.27184616455503	0.9652607
235	-305.18038580356097	1.0307617
236	-309.0889254425669	0.95974696
237	-312.9974650815728	0.99281394
238	-316.9060047205788	1.0307918
239	-320.81454435958466	0.990228
240	-324.7230839985906	1.0097929
241	-328.63162363759653	0.9680124
242	-332.5401632766024	0.99910265
243	-336.44870291560835	1.0
244	-340.3572425546143	1.0
245	-344.26578219362017	1.0
246	-348.1743218326261	1.0
247	-352.082861471632	1.0
248	-355.9914011106379	1.0
249	-359.89994074964386	1.0
250	-363.80848038864974	1.0
251	-367.7170200276557	1.0
252	-371.62555966666156	1.0
253	-375.5340993056675	1.0
254	-379.44263894467343	1.0
255	-383.3511785836793	1.0
256	-387.25971822268525	1.0
257	-391.16825786169113	1.0
258	-395.07679750069707	1.0
259	-398.985337139703	1.0
260	-402.8938767787089	1.0
261	-406.8024164177148	1.0
262	-410.71095605672076	1.0
263	-414.61949569572664	1.0
264	-418.5280353347326	1.0
265	-422.43657497373846	1.0
266	-426.3451146127444	1.0
267	-430.25365425175033	1.0
268	-434.1621938907562	1.0
269	-438.07073352976215	1.0
