	velocity	Amplitude
0	612.9454176642158	1.0058498
1	609.0368780252098	1.0913225
2	605.1283383862041	0.9982809
3	601.2197987471981	1.0266396
4	597.3112591081922	0.99234736
5	593.4027194691862	1.041757
6	589.4941798301802	1.0253818
7	585.5856401911744	0.9154015
8	581.6771005521684	0.96397334
9	577.7685609131626	0.9707171
10	573.8600212741567	0.978766
11	569.9514816351507	0.9727548
12	566.0429419961448	1.0167818
13	562.1344023571389	1.0451969
14	558.2258627181329	0.98365754
15	554.317323079127	1.025964
16	550.4087834401212	1.0224501
17	546.5002438011153	1.0118598
18	542.5917041621093	1.0126554
19	538.6831645231034	0.9334614
20	534.7746248840975	0.99547046
21	530.8660852450915	0.93133867
22	526.9575456060857	1.0070955
23	523.0490059670798	0.99302
24	519.1404663280738	0.9506732
25	515.2319266890679	1.092243
26	511.323387050062	1.0251386
27	507.4148474110561	0.9788611
28	503.50630777205015	1.0606751
29	499.59776813304427	1.0372895
30	495.68922849403833	1.0050858
31	491.78068885503245	1.0185701
32	487.8721492160265	1.0005044
33	483.9636095770206	0.94591236
34	480.0550699380147	0.9219914
35	476.14653029900876	0.9814838
36	472.2379906600029	1.0288998
37	468.32945102099694	0.92977184
38	464.420911381991	0.92865187
39	460.5123717429851	1.0499768
40	456.60383210397913	1.0269959
41	452.6952924649732	0.9636054
42	448.7867528259673	0.9479325
43	444.8782131869614	0.9372311
44	440.96967354795544	0.96874744
45	437.06113390894956	0.9056815
46	433.1525942699436	0.9967333
47	429.24405463093774	1.0340159
48	425.3355149919318	1.1209339
49	421.42697535292587	1.0041634
50	417.51843571392	0.95658153
51	413.60989607491405	0.94969934
52	409.70135643590817	0.9785766
53	405.79281679690223	0.9709166
54	401.8842771578963	0.94413304
55	397.9757375188904	1.0310444
56	394.0671978798845	1.0656977
57	390.15865824082823	0.92148167
58	386.25011860182235	1.0521154
59	382.3415789628164	0.98152757
60	378.43303932381053	0.98211
61	374.5244996848046	1.0059614
62	370.61596004579866	1.0234957
63	366.7074204067928	1.0217628
64	362.79888076778684	1.0013564
65	358.8903411287809	1.0411338
66	354.981801489775	1.0655775
67	351.0732618507691	0.9868953
68	347.1647222117632	1.0427507
69	343.25618257275727	0.9546479
70	339.34764293375133	1.0071636
71	335.43910329474545	0.9469663
72	331.5305636557395	1.0087112
73	327.62202401673363	0.9830548
74	323.7134843777277	0.9500583
75	319.80494473872176	1.0270195
76	315.8964050997159	1.0809128
77	311.98786546070994	1.0335077
78	308.07932582170406	0.9833426
79	304.1707861826981	0.9548837
80	300.2622465436922	0.9827938
81	296.3537069046863	1.027982
82	292.44516726568037	0.9885845
83	288.53662762667443	1.0064336
84	284.62808798766855	1.0479931
85	280.7195483486626	0.98769647
86	276.8110087096567	1.0703548
87	272.90246907065074	0.9923241
88	268.99392943164486	1.0155326
89	265.0853897926389	0.91908604
90	261.17685015363304	1.023117
91	257.2683105146271	1.100093
92	253.35977087562117	0.91895515
93	249.45123123661526	1.006564
94	245.54269159760932	0.9942791
95	241.6341519586034	0.98460305
96	237.7256123195975	1.0341858
97	233.8170726805916	1.0778431
98	229.90853304158566	1.0611748
99	225.99999340257975	0.9543565
100	222.09145376357384	1.041157
101	218.18291412456793	0.96229243
102	214.27437448556202	0.97790045
103	210.36583484655608	0.99211836
104	206.45729520755017	1.0426152
105	202.54875556854427	1.0438156
106	198.64021592953836	0.8786217
107	194.73167629053242	1.0307926
108	190.8231366515265	1.037677
109	186.9145970125206	1.0024104
110	183.0060573735147	1.0265703
111	179.09751773450878	1.0559733
112	175.18897809550285	0.9732719
113	171.28043845649694	1.0412128
114	167.37189881749103	1.0418115
115	163.46335917848512	1.0166903
116	159.55481953947918	1.0027274
117	155.64627990047327	1.0989115
118	151.73774026146737	0.9469536
119	147.82920062246146	1.0112809
120	143.92066098345552	0.97758186
121	140.0121213444496	0.99779105
122	136.1035817054437	1.0378711
123	132.19504206643776	1.0225811
124	128.28650242743186	1.0148584
125	124.37796278842595	1.0022824
126	120.46942314942002	1.0139158
127	116.56088351041411	1.0083339
128	112.65234387140819	0.99733895
129	108.74380423240228	0.9386016
130	104.83526459339635	0.93981975
131	100.92672495439044	1.0630003
132	97.01818531538451	1.0348148
133	93.1096456763786	1.0100522
134	89.2011060373727	0.9849896
135	85.29256639836677	1.0427586
136	81.38402675936086	1.037675
137	77.47548712035494	1.0346144
138	73.56694748134903	1.0756207
139	69.65840784234311	1.0270565
140	65.7498682033372	0.9677383
141	61.841328564331285	0.96248585
142	57.93278892532537	1.0841086
143	54.024249286319446	0.96982145
144	50.11570964731353	1.1423448
145	46.207170008307614	1.0131699
146	42.2986303693017	0.9761432
147	38.39009073029578	1.0598956
148	34.48155109128987	0.9512097
149	30.573011452283954	0.96943504
150	26.664471813278034	1.0310463
151	22.75593217427212	1.0058366
152	18.847392535266206	0.9758725
153	14.93885289626029	1.031995
154	11.030313257254374	0.99302626
155	7.121773618248458	1.0057505
156	3.2132339792425415	0.7291698
157	-0.6953056597633747	0.7616838
158	-4.603845298769291	1.0471307
159	-8.512384937775206	0.9522043
160	-12.420924576781122	1.0594269
161	-16.329464215787038	0.9945562
162	-20.238003854792954	1.0188497
163	-24.146543493798873	0.9802021
164	-28.05508313280479	0.89734733
165	-31.963622771810705	0.903905
166	-35.87216241081662	1.0553681
167	-39.78070204982254	0.9979597
168	-43.68924168882845	1.0416076
169	-47.59778132788469	1.0192999
170	-51.506320966890605	0.99992204
171	-55.41486060589652	0.93084425
172	-59.323400244902444	0.992332
173	-63.23193988390836	1.0085021
174	-67.14047952291428	1.035951
175	-71.04901916192019	1.00883
176	-74.9575588009261	1.0605608
177	-78.86609843993203	1.0041734
178	-82.77463807893794	0.98979217
179	-86.68317771794386	0.9992058
180	-90.59171735694977	0.9986196
181	-94.50025699595568	0.9690854
182	-98.4087966349616	1.0115249
183	-102.31733627396751	1.0421634
184	-106.22587591297344	1.0294881
185	-110.13441555197934	0.94560385
186	-114.04295519098527	0.97139925
187	-117.95149482999118	0.9699731
188	-121.8600344689971	1.0389787
189	-125.76857410800301	1.0478832
190	-129.67711374700892	0.9791671
191	-133.58565338601483	0.9788536
192	-137.49419302502076	1.0272129
193	-141.40273266402667	1.016415
194	-145.3112723030326	0.9582347
195	-149.21981194203852	1.1058593
196	-153.12835158104443	1.0293598
197	-157.03689122005034	0.9401378
198	-160.94543085905627	0.9212082
199	-164.85397049806218	1.0121298
200	-168.7625101370681	1.0054615
201	-172.671049776074	0.98109674
202	-176.5795894150799	1.0214821
203	-180.48812905408585	1.0005237
204	-184.39666869309175	0.994884
205	-188.30520833209766	0.93308514
206	-192.21374797110357	1.0966649
207	-196.1222876101095	0.96210647
208	-200.03082724911542	0.9935219
209	-203.93936688812133	1.0267547
210	-207.84790652712724	0.99386686
211	-211.75644616613314	0.9999504
212	-215.66498580513908	1.0087855
213	-219.573525444145	1.0084575
214	-223.4820650831509	0.98624253
215	-227.3906047221568	0.9447496
216	-231.29914436116275	1.0176415
217	-235.20768400016865	0.9906856
218	-239.11622363917456	1.0494012
219	-243.02476327818047	1.0337299
220	-246.93330291718644	1.012499
221	-250.84184255619235	0.9762075
222	-254.75038219519826	1.0100236
223	-258.65892183420414	1.03105
224	-262.5674614732101	0.978944
225	-266.47600111221595	0.9482868
226	-270.3845407512219	1.0851612
227	-274.29308039022783	0.9754508
228	-278.2016200292337	0.95411736
229	-282.11015966823965	1.0223873
230	-286.0186993072455	0.97566
231	-289.92723894625146	1.0329883
232	-293.83577858525734	0.9339264
233	-297.7443182242633	1.0065868
234	-301.65285786326916	1.0503784
235	-305.5613975022751	0.95841837
236	-309.46993714128104	1.004092
237	-313.3784767802869	0.9197298
238	-317.2870164192929	0.9984365
239	-321.1955560582988	1.0162947
240	-325.10409569730473	0.9616936
241	-329.01263533631067	0.976658
242	-332.92117497531655	1.008881
243	-336.8297146143225	1.0
244	-340.7382542533284	1.0
245	-344.6467938923343	1.0
246	-348.55533353134024	1.0
247	-352.4638731703461	1.0
248	-356.37241280935206	1.0
249	-360.280952448358	1.0
250	-364.1894920873639	1.0
251	-368.0980317263698	1.0
252	-372.0065713653757	1.0
253	-375.91511100438163	1.0
254	-379.82365064338757	1.0
255	-383.73219028239345	1.0
256	-387.6407299213994	1.0
257	-391.54926956040526	1.0
258	-395.4578091994112	1.0
259	-399.36634883841714	1.0
260	-403.274888477423	1.0
261	-407.18342811642896	1.0
262	-411.0919677554349	1.0
263	-415.0005073944408	1.0
264	-418.9090470334467	1.0
265	-422.8175866724526	1.0
266	-426.72612631145853	1.0
267	-430.63466595046447	1.0
268	-434.54320558947035	1.0
269	-438.4517452284763	1.0
