	velocity	Amplitude
0	613.2328990992455	0.94936323
1	609.3243594602395	0.9872547
2	605.4158198212338	1.0656167
3	601.5072801822278	1.0015651
4	597.5987405432219	0.8386201
5	593.6902009042159	1.0111449
6	589.7816612652099	0.8381911
7	585.8731216262041	0.95873636
8	581.9645819871981	0.7961782
9	578.0560423481922	1.0349667
10	574.1475027091864	1.1257336
11	570.2389630701804	1.1223081
12	566.3304234311745	1.0071105
13	562.4218837921686	1.1137413
14	558.5133441531626	0.9472316
15	554.6048045141567	0.94099
16	550.6962648751509	1.0372277
17	546.787725236145	1.0040717
18	542.879185597139	1.019763
19	538.9706459581331	1.049651
20	535.0621063191272	0.91226625
21	531.1535666801212	0.88566977
22	527.2450270411153	0.86986107
23	523.3364874021095	1.1887921
24	519.4279477631035	0.86853755
25	515.5194081240976	0.9964935
26	511.6108684850917	1.1081121
27	507.7023288460858	0.9669638
28	503.79378920707984	0.96497405
29	499.88524956807396	1.0605905
30	495.976709929068	1.0218128
31	492.06817029006214	0.9126849
32	488.1596306510562	1.1012393
33	484.25109101205027	0.9440584
34	480.3425513730444	1.038918
35	476.43401173403845	1.1183968
36	472.52547209503257	1.0267729
37	468.61693245602663	1.0963687
38	464.7083928170207	0.94157773
39	460.7998531780148	1.1412548
40	456.8913135390088	0.96664333
41	452.9827739000029	0.90054345
42	449.074234260997	1.0941632
43	445.16569462199107	1.0905948
44	441.2571549829851	1.051027
45	437.34861534397925	1.0082883
46	433.4400757049733	0.8924372
47	429.53153606596743	0.99683833
48	425.6229964269615	0.89745647
49	421.71445678795556	0.9742564
50	417.8059171489497	0.97988886
51	413.89737750994374	1.117511
52	409.98883787093786	0.95088917
53	406.0802982319319	1.1667973
54	402.171758592926	1.134745
55	398.2632189539201	0.9688694
56	394.35467931491416	1.0523912
57	390.4461396758579	1.0488857
58	386.53760003685204	1.1459788
59	382.6290603978461	1.0324445
60	378.7205207588402	1.1526853
61	374.8119811198343	0.917511
62	370.90344148082835	0.9571218
63	366.99490184182247	1.2569705
64	363.08636220281653	1.083404
65	359.1778225638106	1.0158122
66	355.2692829248047	0.9251641
67	351.3607432857988	1.0380118
68	347.4522036467929	0.9980329
69	343.54366400778696	0.9935255
70	339.635124368781	0.94161165
71	335.72658472977514	0.95258063
72	331.8180450907692	0.9881304
73	327.9095054517633	0.9024496
74	324.0009658127574	0.83738214
75	320.09242617375145	1.1425638
76	316.18388653474557	1.0050644
77	312.27534689573963	1.0815314
78	308.36680725673375	1.0752673
79	304.4582676177278	1.0707843
80	300.5497279787219	1.0064651
81	296.641188339716	1.0866463
82	292.73264870071006	0.9180924
83	288.8241090617041	1.0093858
84	284.91556942269824	0.9680162
85	281.0070297836923	0.91746235
86	277.09849014468637	0.879641
87	273.18995050568043	1.0266148
88	269.28141086667455	1.1911961
89	265.3728712276686	1.0849226
90	261.46433158866273	1.016756
91	257.5557919496568	0.86831474
92	253.6472523106509	1.0631266
93	249.738712671645	0.9299492
94	245.83017303263907	0.92616767
95	241.92163339363316	1.0983903
96	238.01309375462725	0.8671287
97	234.10455411562134	1.0092227
98	230.1960144766154	1.0289296
99	226.2874748376095	0.9541568
100	222.37893519860359	0.89871716
101	218.47039555959768	1.0386986
102	214.56185592059177	1.1618108
103	210.65331628158583	0.9876257
104	206.74477664257992	0.98073584
105	202.836237003574	0.9804035
106	198.9276973645681	1.0477847
107	195.01915772556217	0.9763849
108	191.11061808655626	0.99536735
109	187.20207844755035	1.0499411
110	183.29353880854444	0.916554
111	179.38499916953853	1.0264947
112	175.4764595305326	1.0244511
113	171.56791989152669	1.0139205
114	167.65938025252078	1.0424236
115	163.75084061351487	1.1738931
116	159.84230097450893	0.93383634
117	155.93376133550302	1.0461578
118	152.0252216964971	1.0839475
119	148.1166820574912	1.014638
120	144.20814241848527	1.0004886
121	140.29960277947936	1.0413109
122	136.39106314047345	0.9067787
123	132.4825235014675	0.98720455
124	128.5739838624616	0.98556226
125	124.66544422345568	0.8346252
126	120.75690458444976	0.9839774
127	116.84836494544385	0.91391134
128	112.93982530643792	0.96457845
129	109.03128566743202	1.0500315
130	105.12274602842608	0.99243045
131	101.21420638942017	1.169587
132	97.30566675041425	0.89745873
133	93.39712711140834	1.0607278
134	89.48858747240243	0.9424237
135	85.5800478333965	0.96376365
136	81.6715081943906	1.016019
137	77.76296855538467	0.9048013
138	73.85442891637877	0.9381743
139	69.94588927737284	0.9988991
140	66.03734963836693	1.1127659
141	62.128809999361025	0.94750285
142	58.22027036035511	1.0168202
143	54.311730721349186	0.94375896
144	50.40319108234327	0.9658847
145	46.494651443337354	0.96622336
146	42.58611180433144	1.017501
147	38.67757216532552	0.8556911
148	34.76903252631961	1.0072218
149	30.86049288731369	1.0794983
150	26.95195324830777	0.9753376
151	23.043413609301858	1.0161372
152	19.134873970295942	1.1146196
153	15.226334331290026	1.317614
154	11.31779469228411	1.1361068
155	7.409255053278194	1.2376072
156	3.500715414272278	1.0998089
157	-0.4078242247336384	0.83766073
158	-4.3163638637395545	0.52286834
159	-8.22490350274547	0.933775
160	-12.133443141751385	1.0011344
161	-16.0419827807573	1.035985
162	-19.950522419763217	1.0786608
163	-23.859062058769137	0.98402023
164	-27.767601697775053	1.2674282
165	-31.67614133678097	1.0682889
166	-35.58468097578688	0.8977374
167	-39.4932206147928	0.84887296
168	-43.40176025379871	0.9215961
169	-47.31029989285495	0.98830545
170	-51.218839531860866	0.9698771
171	-55.12737917086678	1.0222307
172	-59.035918809872705	1.1513512
173	-62.94445844887862	1.1612152
174	-66.85299808788454	1.0252197
175	-70.76153772689045	0.94609636
176	-74.67007736589636	0.98207814
177	-78.5786170049023	1.0343808
178	-82.48715664390821	1.0067391
179	-86.39569628291413	1.0835007
180	-90.30423592192004	1.0912694
181	-94.21277556092595	0.87714523
182	-98.12131519993187	0.9248155
183	-102.02985483893778	1.0237784
184	-105.9383944779437	0.9347389
185	-109.84693411694961	0.88090086
186	-113.75547375595553	1.1787041
187	-117.66401339496144	1.0897571
188	-121.57255303396737	1.086155
189	-125.48109267297328	0.8898556
190	-129.38963231197917	0.86366874
191	-133.29817195098508	1.0738393
192	-137.20671158999102	1.0650581
193	-141.11525122899693	0.90782344
194	-145.02379086800286	1.1259718
195	-148.93233050700877	0.9559966
196	-152.84087014601468	0.9020606
197	-156.7494097850206	1.0485921
198	-160.65794942402653	0.76536894
199	-164.56648906303244	1.0054488
200	-168.47502870203834	1.0871477
201	-172.38356834104425	0.747237
202	-176.29210798005016	0.8361881
203	-180.2006476190561	0.99302465
204	-184.109187258062	0.9620103
205	-188.01772689706792	0.98337626
206	-191.92626653607383	1.0330575
207	-195.83480617507976	1.1285759
208	-199.74334581408567	0.9191593
209	-203.65188545309158	0.9434769
210	-207.5604250920975	1.1102833
211	-211.4689647311034	1.0858529
212	-215.37750437010934	1.0857359
213	-219.28604400911524	1.0321298
214	-223.19458364812115	1.0912586
215	-227.10312328712706	1.0678221
216	-231.011662926133	1.0153577
217	-234.9202025651389	1.0924275
218	-238.82874220414482	1.0740486
219	-242.73728184315073	0.88314813
220	-246.6458214821567	0.9618519
221	-250.5543611211626	1.0838797
222	-254.4629007601685	0.9178277
223	-258.37144039917445	1.0422552
224	-262.2799800381804	0.91944087
225	-266.18851967718626	1.0026636
226	-270.0970593161922	0.99491113
227	-274.00559895519814	0.9235988
228	-277.914138594204	1.0960171
229	-281.82267823320996	1.1345583
230	-285.73121787221584	0.99952245
231	-289.6397575112218	1.1620541
232	-293.54829715022765	0.91541123
233	-297.4568367892336	0.8602856
234	-301.3653764282395	1.0236768
235	-305.2739160672454	1.0280597
236	-309.18245570625135	1.1328537
237	-313.0909953452572	0.9466455
238	-316.9995349842632	0.94600654
239	-320.9080746232691	0.8453349
240	-324.81661426227504	0.9303897
241	-328.725153901281	1.0928817
242	-332.63369354028686	0.9598205
243	-336.5422331792928	1.0
244	-340.45077281829873	1.0
245	-344.3593124573046	1.0
246	-348.26785209631055	1.0
247	-352.17639173531643	1.0
248	-356.08493137432237	1.0
249	-359.9934710133283	1.0
250	-363.9020106523342	1.0
251	-367.8105502913401	1.0
252	-371.719089930346	1.0
253	-375.62762956935194	1.0
254	-379.5361692083579	1.0
255	-383.44470884736376	1.0
256	-387.3532484863697	1.0
257	-391.2617881253756	1.0
258	-395.1703277643815	1.0
259	-399.07886740338745	1.0
260	-402.98740704239333	1.0
261	-406.89594668139927	1.0
262	-410.8044863204052	1.0
263	-414.7130259594111	1.0
264	-418.621565598417	1.0
265	-422.5301052374229	1.0
266	-426.43864487642884	1.0
267	-430.3471845154348	1.0
268	-434.25572415444066	1.0
269	-438.1642637934466	1.0
