	velocity	Amplitude
0	613.5083568855052	0.9639833
1	609.5998172464992	0.97844076
2	605.6912776074935	1.0324429
3	601.7827379684875	1.0026996
4	597.8741983294816	1.0163515
5	593.9656586904756	1.006285
6	590.0571190514696	0.9901217
7	586.1485794124638	0.9973159
8	582.2400397734579	0.97334576
9	578.331500134452	1.0063528
10	574.4229604954461	0.971974
11	570.5144208564401	0.98472655
12	566.6058812174342	0.9838247
13	562.6973415784283	1.0623767
14	558.7888019394223	0.97902644
15	554.8802623004165	0.9990217
16	550.9717226614106	1.015798
17	547.0631830224047	0.9413083
18	543.1546433833987	0.9967724
19	539.2461037443928	0.97893935
20	535.337564105387	1.0059693
21	531.429024466381	0.99613893
22	527.5204848273751	1.0042129
23	523.6119451883692	1.0071877
24	519.7034055493632	1.0057484
25	515.7948659103573	0.9941367
26	511.8863262713515	1.0848197
27	507.97778663234556	1.0239958
28	504.0692469933396	1.029727
29	500.16070735433374	0.98337793
30	496.2521677153278	1.0036126
31	492.3436280763219	1.00355
32	488.435088437316	0.9907085
33	484.52654879831005	0.9993666
34	480.61800915930417	1.0127636
35	476.7094695202982	0.9698866
36	472.80092988129235	0.97860336
37	468.8923902422864	0.98397535
38	464.9838506032805	1.0138797
39	461.0753109642746	1.0262802
40	457.1667713252686	1.0328519
41	453.25823168626266	1.0055826
42	449.3496920472568	0.9894181
43	445.44115240825084	0.99975395
44	441.5326127692449	0.9571482
45	437.624073130239	1.0272522
46	433.7155334912331	0.9543098
47	429.8069938522272	0.96448195
48	425.89845421322127	0.9693014
49	421.98991457421533	1.0046967
50	418.08137493520945	0.9903538
51	414.1728352962035	0.98280275
52	410.26429565719764	0.98102796
53	406.3557560181917	1.0481876
54	402.44721637918576	0.9648416
55	398.5386767401799	0.9937633
56	394.63013710117394	0.97944957
57	390.7215974621177	1.0064361
58	386.8130578231118	1.0072917
59	382.9045181841059	1.0433193
60	378.9959785451	1.0108055
61	375.08743890609406	1.0105938
62	371.1788992670881	1.0517257
63	367.27035962808225	1.017751
64	363.3618199890763	1.0243703
65	359.4532803500704	0.9726651
66	355.5447407110645	1.0425118
67	351.63620107205855	1.0281869
68	347.7276614330527	1.0021268
69	343.81912179404674	0.98329747
70	339.9105821550408	0.9750122
71	336.0020425160349	0.9864026
72	332.093502877029	1.0566466
73	328.1849632380231	1.0289768
74	324.27642359901716	0.9983863
75	320.3678839600112	1.039425
76	316.45934432100535	1.040292
77	312.5508046819994	0.9825652
78	308.64226504299353	1.0218002
79	304.7337254039876	1.0463678
80	300.82518576498165	0.9611512
81	296.9166461259758	1.0306479
82	293.00810648696984	0.981348
83	289.0995668479639	1.0030506
84	285.191027208958	1.0194932
85	281.2824875699521	0.9806127
86	277.37394793094614	1.0057046
87	273.4654082919402	0.96594316
88	269.5568686529343	0.9797051
89	265.6483290139284	1.0028089
90	261.7397893749225	1.0031596
91	257.8312497359166	0.94478375
92	253.92271009691063	0.978552
93	250.01417045790473	0.92351997
94	246.1056308188988	0.9887261
95	242.19709117989288	0.9779895
96	238.28855154088697	1.0210586
97	234.38001190188106	1.0089365
98	230.47147226287512	0.99376696
99	226.56293262386922	1.039389
100	222.6543929848633	1.0390456
101	218.7458533458574	0.99478024
102	214.8373137068515	0.99425507
103	210.92877406784555	0.9733614
104	207.02023442883964	0.9574348
105	203.11169478983373	1.0363028
106	199.20315515082783	1.0139332
107	195.2946155118219	1.00363
108	191.38607587281598	1.0185516
109	187.47753623381007	0.9843286
110	183.56899659480416	0.9650954
111	179.66045695579825	1.0175486
112	175.75191731679232	1.033875
113	171.8433776777864	1.0431917
114	167.9348380387805	0.9692364
115	164.0262983997746	0.9860237
116	160.11775876076865	0.9858226
117	156.20921912176274	0.98696196
118	152.30067948275683	1.0292549
119	148.39213984375093	1.0112098
120	144.483600204745	0.974879
121	140.57506056573908	1.0101246
122	136.66652092673317	0.95648175
123	132.75798128772723	0.97561854
124	128.84944164872132	1.0255225
125	124.94090200971543	1.0839223
126	121.0323623707095	1.0102643
127	117.1238227317036	1.04349
128	113.21528309269767	1.0109348
129	109.30674345369177	1.0355576
130	105.39820381468583	1.0414096
131	101.48966417567992	1.0187923
132	97.581124536674	1.0187126
133	93.67258489766809	0.9929648
134	89.76404525866218	1.0066743
135	85.85550561965626	1.0115521
136	81.94696598065035	0.97739524
137	78.03842634164442	0.9969651
138	74.12988670263852	1.0391484
139	70.22134706363259	1.0394881
140	66.31280742462668	1.0275742
141	62.40426778562076	1.0162876
142	58.495728146614844	0.98019755
143	54.58718850760892	1.0095297
144	50.678648868603005	1.0110056
145	46.77010922959709	1.0187002
146	42.86156959059117	0.9648134
147	38.95302995158526	0.95339274
148	35.04449031257935	1.0053353
149	31.135950673573433	1.0298948
150	27.227411034567513	0.9610778
151	23.3188713955616	0.99539995
152	19.410331756555685	0.9950513
153	15.501792117549765	1.0691365
154	11.593252478543851	1.0140511
155	7.6847128395379345	0.97068864
156	3.7761732005320185	0.6687308
157	-0.13236643847389779	0.7936625
158	-4.040906077479814	1.0163404
159	-7.94944571648573	0.9582369
160	-11.857985355491646	0.8626157
161	-15.766524994497562	0.9308762
162	-19.675064633503474	0.93651265
163	-23.583604272509394	1.0020367
164	-27.49214391151531	0.9955268
165	-31.400683550521226	0.97360855
166	-35.309223189527145	0.98153543
167	-39.21776282853306	0.9364283
168	-43.12630246753898	0.9725711
169	-47.034842106595214	0.98848605
170	-50.94338174560113	1.0112568
171	-54.851921384607046	0.98030233
172	-58.76046102361297	1.0210414
173	-62.669000662618885	1.0132176
174	-66.5775403016248	0.96081513
175	-70.4860799406307	0.99320215
176	-74.39461957963661	0.9686766
177	-78.30315921864255	1.0212091
178	-82.21169885764846	0.972471
179	-86.12023849665438	1.018076
180	-90.02877813566029	1.0125182
181	-93.9373177746662	1.0544523
182	-97.84585741367212	0.9913507
183	-101.75439705267803	1.0333174
184	-105.66293669168395	0.9997911
185	-109.57147633068986	0.9934053
186	-113.48001596969578	0.96983165
187	-117.3885556087017	1.0355018
188	-121.29709524770762	1.0131333
189	-125.20563488671353	0.99494296
190	-129.11417452571945	1.0347297
191	-133.02271416472536	0.98793167
192	-136.9312538037313	0.9258221
193	-140.8397934427372	0.9307256
194	-144.74833308174314	1.0491712
195	-148.65687272074905	0.9864985
196	-152.56541235975496	0.966754
197	-156.47395199876087	1.0069114
198	-160.3824916377668	0.98102516
199	-164.2910312767727	1.0361385
200	-168.19957091577862	1.0228755
201	-172.10811055478453	0.99111414
202	-176.01665019379044	0.9935988
203	-179.92518983279638	0.9698652
204	-183.8337294718023	0.9518105
205	-187.7422691108082	1.0158337
206	-191.6508087498141	0.98316836
207	-195.55934838882004	1.0105537
208	-199.46788802782595	0.9644203
209	-203.37642766683186	1.0045671
210	-207.28496730583777	0.9855443
211	-211.19350694484368	0.99983597
212	-215.1020465838496	1.0096047
213	-219.01058622285552	0.9788813
214	-222.91912586186143	1.0046176
215	-226.82766550086734	1.0368725
216	-230.73620513987328	0.9814485
217	-234.6447447788792	0.9573933
218	-238.5532844178851	0.99942183
219	-242.461824056891	0.9894985
220	-246.37036369589697	0.9948005
221	-250.27890333490288	0.9761439
222	-254.1874429739088	0.99365824
223	-258.09598261291467	1.0491629
224	-262.0045222519206	0.9727546
225	-265.9130618909265	1.0383188
226	-269.8216015299324	1.001314
227	-273.73014116893836	1.0150344
228	-277.63868080794424	1.0198236
229	-281.5472204469502	0.97093093
230	-285.45576008595606	1.0315548
231	-289.364299724962	1.0023271
232	-293.2728393639679	0.9778681
233	-297.1813790029738	0.9836384
234	-301.0899186419797	1.0214766
235	-304.99845828098563	0.99402076
236	-308.90699791999157	1.0496433
237	-312.81553755899745	1.0217953
238	-316.72407719800344	0.9799678
239	-320.6326168370093	0.9717567
240	-324.54115647601526	0.999705
241	-328.4496961150212	1.0011196
242	-332.3582357540271	1.0546856
243	-336.266775393033	1.0
244	-340.17531503203895	1.0
245	-344.08385467104483	1.0
246	-347.99239431005077	1.0
247	-351.90093394905665	1.0
248	-355.8094735880626	1.0
249	-359.7180132270685	1.0
250	-363.6265528660744	1.0
251	-367.53509250508034	1.0
252	-371.4436321440862	1.0
253	-375.35217178309216	1.0
254	-379.2607114220981	1.0
255	-383.169251061104	1.0
256	-387.0777907001099	1.0
257	-390.9863303391158	1.0
258	-394.89486997812173	1.0
259	-398.80340961712767	1.0
260	-402.71194925613355	1.0
261	-406.6204888951395	1.0
262	-410.5290285341454	1.0
263	-414.4375681731513	1.0
264	-418.34610781215724	1.0
265	-422.2546474511631	1.0
266	-426.16318709016906	1.0
267	-430.071726729175	1.0
268	-433.9802663681809	1.0
269	-437.8888060071868	1.0
