	velocity	Amplitude
0	613.4806641646131	0.9891627
1	609.5721245256071	0.98236614
2	605.6635848866014	1.0302153
3	601.7550452475954	0.96861213
4	597.8465056085895	1.0088165
5	593.9379659695835	1.0071211
6	590.0294263305775	0.97667044
7	586.1208866915717	0.9594143
8	582.2123470525657	1.0249497
9	578.3038074135599	0.9842758
10	574.395267774554	0.9726577
11	570.486728135548	1.0300071
12	566.5781884965421	1.0208353
13	562.6696488575362	0.9785292
14	558.7611092185302	0.9473143
15	554.8525695795244	0.9595862
16	550.9440299405185	0.9468442
17	547.0354903015126	0.98248905
18	543.1269506625066	1.0318086
19	539.2184110235007	0.99393725
20	535.3098713844948	1.0526295
21	531.4013317454888	1.0025628
22	527.492792106483	1.042429
23	523.5842524674771	1.0242736
24	519.6757128284711	1.0611482
25	515.7671731894652	0.9940551
26	511.85863355045933	1.0225972
27	507.9500939114534	0.97517633
28	504.04155427244746	0.99759513
29	500.1330146334416	1.0037678
30	496.22447499443564	0.9625831
31	492.31593535542976	1.0148844
32	488.4073957164238	1.0404528
33	484.4988560774179	1.0671489
34	480.590316438412	0.97222877
35	476.68177679940607	0.9790038
36	472.7732371604002	0.97522163
37	468.86469752139425	1.019958
38	464.9561578823883	0.9677417
39	461.04761824338243	0.9950979
40	457.13907860437644	1.0575087
41	453.2305389653705	0.9822994
42	449.3219993263646	1.0214838
43	445.4134596873587	1.0013376
44	441.50492004835274	0.9665513
45	437.59638040934686	0.98111814
46	433.6878407703409	0.9202813
47	429.77930113133505	0.9942646
48	425.8707614923291	0.9957839
49	421.9622218533232	1.033794
50	418.0536822143173	1.0270227
51	414.14514257531135	1.0116414
52	410.2366029363055	0.9810163
53	406.32806329729954	1.0317808
54	402.4195236582936	1.026574
55	398.5109840192877	0.9932245
56	394.6024443802818	0.97765595
57	390.69390474122554	0.9711397
58	386.78536510221966	0.98116964
59	382.8768254632137	0.99179226
60	378.96828582420784	1.0494524
61	375.0597461852019	0.975614
62	371.15120654619597	1.0019647
63	367.2426669071901	1.0157092
64	363.33412726818415	1.0332537
65	359.4255876291782	1.015494
66	355.51704799017233	1.0397019
67	351.6085083511664	0.9911542
68	347.6999687121605	1.033005
69	343.7914290731546	1.0049579
70	339.88288943414864	0.9586305
71	335.97434979514276	1.0085785
72	332.0658101561368	0.99086154
73	328.15727051713094	0.96128064
74	324.248730878125	1.0302129
75	320.34019123911906	0.9831952
76	316.4316516001132	1.01635
77	312.52311196110725	1.0202506
78	308.61457232210137	0.9998937
79	304.70603268309543	1.026603
80	300.7974930440895	1.0352927
81	296.8889534050836	1.013512
82	292.9804137660777	1.0186795
83	289.07187412707174	0.98905826
84	285.16333448806586	0.95828974
85	281.2547948490599	1.0138959
86	277.346255210054	0.9650232
87	273.43771557104805	1.0086029
88	269.52917593204216	0.9757818
89	265.6206362930362	0.9663085
90	261.71209665403035	1.0241252
91	257.8035570150244	1.035236
92	253.8950173760185	0.9759007
93	249.9864777370126	0.99558383
94	246.07793809800665	1.010377
95	242.16939845900075	0.99253625
96	238.26085881999484	1.0234473
97	234.35231918098893	1.0488749
98	230.443779541983	1.0268654
99	226.53523990297708	0.96570945
100	222.62670026397117	0.9955108
101	218.71816062496526	1.0169065
102	214.80962098595936	0.97299874
103	210.90108134695342	1.0130084
104	206.9925417079475	1.0116816
105	203.0840020689416	0.95751286
106	199.1754624299357	1.0145669
107	195.26692279092975	1.010796
108	191.35838315192385	0.9658935
109	187.44984351291794	0.9741603
110	183.54130387391203	1.0012115
111	179.63276423490612	1.0063924
112	175.72422459590018	1.0897781
113	171.81568495689427	0.9446418
114	167.90714531788836	1.0362535
115	163.99860567888246	0.9602382
116	160.09006603987652	1.03041
117	156.1815264008706	0.9895721
118	152.2729867618647	1.0801262
119	148.3644471228588	1.0079589
120	144.45590748385285	1.0133828
121	140.54736784484695	1.0158421
122	136.63882820584104	0.9917689
123	132.7302885668351	0.9793012
124	128.8217489278292	1.0275156
125	124.9132092888233	0.9941304
126	121.00466964981737	0.9894315
127	117.09613001081146	0.96220475
128	113.18759037180554	1.0118071
129	109.27905073279963	1.0608045
130	105.3705110937937	0.99794364
131	101.46197145478779	0.99261993
132	97.55343181578186	1.005657
133	93.64489217677595	1.0031269
134	89.73635253777005	1.0252326
135	85.82781289876412	1.0040202
136	81.91927325975821	0.96938455
137	78.01073362075229	0.9543398
138	74.10219398174638	1.0185015
139	70.19365434274046	1.0150917
140	66.28511470373455	1.0009173
141	62.37657506472863	0.9984653
142	58.46803542572271	1.0146401
143	54.55949578671679	0.9903462
144	50.65095614771087	0.9882216
145	46.742416508704956	0.9962422
146	42.83387686969904	0.98259723
147	38.925337230693124	1.0224518
148	35.016797591687215	0.9785248
149	31.1082579526813	1.0041416
150	27.19971831367538	1.0066104
151	23.291178674669467	1.0054855
152	19.38263903566355	1.009337
153	15.474099396657632	1.0552849
154	11.565559757651718	1.0600117
155	7.657020118645801	0.8966216
156	3.748480479639885	0.79779303
157	-0.1600591593660315	0.6565905
158	-4.068598798371948	0.85440683
159	-7.977138437377864	0.8456046
160	-11.88567807638378	0.80808866
161	-15.794217715389696	0.96110624
162	-19.702757354395608	0.9726079
163	-23.611296993401528	0.9699288
164	-27.519836632407443	1.0545244
165	-31.42837627141336	0.9884651
166	-35.33691591041928	1.0586677
167	-39.245455549425195	1.1651098
168	-43.15399518843111	1.1664404
169	-47.06253482748735	1.1319689
170	-50.97107446649326	1.1078715
171	-54.87961410549918	1.0436862
172	-58.7881537445051	0.94309723
173	-62.69669338351102	0.99383116
174	-66.60523302251693	1.0055147
175	-70.51377266152284	1.0034728
176	-74.42231230052874	0.9922186
177	-78.33085193953468	0.9913989
178	-82.23939157854059	1.0168855
179	-86.14793121754651	0.9909601
180	-90.05647085655242	0.96891594
181	-93.96501049555833	0.99522465
182	-97.87355013456425	1.0002916
183	-101.78208977357016	0.99699575
184	-105.69062941257609	0.9497436
185	-109.599169051582	0.97589076
186	-113.50770869058792	1.0246269
187	-117.41624832959383	0.9736053
188	-121.32478796859975	0.97387666
189	-125.23332760760566	0.98430514
190	-129.14186724661158	1.0218109
191	-133.0504068856175	1.0388613
192	-136.95894652462343	1.0376351
193	-140.86748616362934	0.9640058
194	-144.77602580263527	0.9727921
195	-148.68456544164118	1.0180595
196	-152.5931050806471	1.0067141
197	-156.501644719653	0.9909988
198	-160.41018435865894	0.99776936
199	-164.31872399766485	1.0633332
200	-168.22726363667076	1.0311298
201	-172.13580327567666	0.9994501
202	-176.04434291468257	0.9751634
203	-179.9528825536885	0.96176296
204	-183.86142219269442	0.9934555
205	-187.76996183170033	0.93021417
206	-191.67850147070624	1.0122904
207	-195.58704110971217	1.0069917
208	-199.49558074871808	0.95349634
209	-203.404120387724	1.0042195
210	-207.3126600267299	0.9947126
211	-211.2211996657358	0.9650638
212	-215.12973930474175	0.9945778
213	-219.03827894374766	1.0221044
214	-222.94681858275356	0.993223
215	-226.85535822175947	1.0184247
216	-230.7638978607654	1.0183411
217	-234.67243749977132	0.98312855
218	-238.58097713877723	1.0605327
219	-242.48951677778314	0.9792472
220	-246.3980564167891	0.93903303
221	-250.306596055795	1.0560019
222	-254.21513569480092	0.9664559
223	-258.12367533380683	1.0320004
224	-262.03221497281277	0.97028285
225	-265.94075461181865	0.9340522
226	-269.8492942508246	0.9916625
227	-273.7578338898305	1.0306484
228	-277.6663735288364	1.0390317
229	-281.57491316784234	0.94395286
230	-285.4834528068482	1.0403161
231	-289.39199244585416	1.037337
232	-293.30053208486004	1.0220613
233	-297.209071723866	1.0045997
234	-301.11761136287186	1.0121781
235	-305.0261510018778	0.99293196
236	-308.93469064088373	0.99039435
237	-312.8432302798896	1.0047016
238	-316.7517699188956	0.9909522
239	-320.6603095579015	0.9779855
240	-324.5688491969074	1.008104
241	-328.47738883591336	0.96878237
242	-332.38592847491924	0.97720337
243	-336.2944681139252	1.0
244	-340.2030077529311	1.0
245	-344.111547391937	1.0
246	-348.02008703094293	1.0
247	-351.9286266699488	1.0
248	-355.83716630895475	1.0
249	-359.7457059479607	1.0
250	-363.65424558696657	1.0
251	-367.5627852259725	1.0
252	-371.4713248649784	1.0
253	-375.3798645039843	1.0
254	-379.28840414299026	1.0
255	-383.19694378199614	1.0
256	-387.1054834210021	1.0
257	-391.01402306000796	1.0
258	-394.9225626990139	1.0
259	-398.83110233801983	1.0
260	-402.7396419770257	1.0
261	-406.64818161603165	1.0
262	-410.5567212550376	1.0
263	-414.46526089404347	1.0
264	-418.3738005330494	1.0
265	-422.2823401720553	1.0
266	-426.1908798110612	1.0
267	-430.09941945006716	1.0
268	-434.00795908907304	1.0
269	-437.916498728079	1.0
