	velocity	Amplitude
0	613.4843481388375	1.0163738
1	609.5758084998315	0.99669206
2	605.6672688608257	0.99694955
3	601.7587292218197	1.0138663
4	597.8501895828139	1.002295
5	593.9416499438079	1.0090262
6	590.0331103048019	1.0039206
7	586.1245706657961	1.0019493
8	582.2160310267901	0.9973516
9	578.3074913877842	0.99271476
10	574.3989517487784	0.9933753
11	570.4904121097724	0.9937481
12	566.5818724707665	1.0032268
13	562.6733328317606	0.99059755
14	558.7647931927546	1.0016323
15	554.8562535537487	1.003666
16	550.9477139147428	0.9999833
17	547.039174275737	1.0060108
18	543.130634636731	1.0012046
19	539.2220949977251	1.0136739
20	535.3135553587192	1.0098264
21	531.4050157197132	1.0099933
22	527.4964760807073	0.9895841
23	523.5879364417015	0.9870078
24	519.6793968026955	0.99473923
25	515.7708571636896	0.99125695
26	511.8623175246837	1.0000589
27	507.95377788567777	0.9965441
28	504.04523824667183	0.9996244
29	500.13669860766595	0.99260765
30	496.22815896866	1.0016128
31	492.31961932965413	1.0025321
32	488.4110796906482	0.9837433
33	484.50254005164226	1.0064533
34	480.5940004126364	1.0103276
35	476.68546077363044	1.001173
36	472.77692113462456	1.0105553
37	468.8683814956186	1.0066787
38	464.9598418566127	0.99047035
39	461.0513022176068	0.98912907
40	457.1427625786008	1.008447
41	453.2342229395949	1.0110459
42	449.325683300589	0.9992917
43	445.41714366158305	0.9957067
44	441.5086040225771	0.98640496
45	437.60006438357124	1.0087161
46	433.6915247445653	0.9979043
47	429.7829851055594	0.99927115
48	425.8744454665535	0.9891207
49	421.96590582754754	1.0165474
50	418.05736618854166	0.9864335
51	414.1488265495357	0.9799363
52	410.24028691052985	1.0195216
53	406.3317472715239	1.0073087
54	402.423207632518	0.995416
55	398.5146679935121	0.99489814
56	394.60612835450615	0.9992036
57	390.6975887154499	0.98412853
58	386.78904907644403	0.99084854
59	382.8805094374381	0.9995694
60	378.9719697984322	0.992267
61	375.0634301594263	1.0199736
62	371.15489052042034	1.0019482
63	367.24635088141446	1.0037793
64	363.3378112424085	0.99984854
65	359.4292716034026	1.00006
66	355.5207319643967	0.9846394
67	351.61219232539077	0.99810106
68	347.7036526863849	1.0020924
69	343.79511304737895	0.9971367
70	339.886573408373	1.0202469
71	335.97803376936713	1.0031173
72	332.0694941303612	0.9975744
73	328.1609544913553	0.9918753
74	324.2524148523494	1.0019108
75	320.34387521334344	1.0063124
76	316.43533557433756	0.9945115
77	312.5267959353316	1.0052338
78	308.61825629632574	0.9981446
79	304.7097166573198	0.99295014
80	300.80117701831387	1.0033487
81	296.892637379308	0.9987206
82	292.98409774030205	0.98378617
83	289.0755581012961	1.0134256
84	285.16701846229023	1.0093505
85	281.2584788232843	0.9959758
86	277.34993918427836	0.9958915
87	273.4413995452724	0.9953809
88	269.53285990626654	0.9920444
89	265.6243202672606	1.0219866
90	261.7157806282547	1.0107718
91	257.8072409892488	0.98804283
92	253.89870135024285	1.0026481
93	249.99016171123694	0.99706346
94	246.081622072231	0.9929347
95	242.1730824332251	1.0054486
96	238.26454279421918	0.9946708
97	234.35600315521327	1.0094011
98	230.44746351620734	0.97594726
99	226.53892387720143	0.98397607
100	222.63038423819552	1.0061924
101	218.7218445991896	1.0017195
102	214.8133049601837	0.98920494
103	210.90476532117776	1.0010793
104	206.99622568217185	0.99457616
105	203.08768604316595	1.0127326
106	199.17914640416004	1.0108138
107	195.2706067651541	1.0035517
108	191.3620671261482	1.0191483
109	187.45352748714228	1.0069953
110	183.54498784813637	0.9911033
111	179.63644820913046	0.99964213
112	175.72790857012453	1.0157951
113	171.81936893111862	1.0088373
114	167.9108292921127	0.99978197
115	164.0022896531068	1.0088724
116	160.09375001410086	1.014075
117	156.18521037509495	1.0227753
118	152.27667073608905	1.0012884
119	148.36813109708314	0.99577916
120	144.4595914580772	0.9880715
121	140.5510518190713	1.013203
122	136.64251218006538	0.999787
123	132.73397254105944	0.9923952
124	128.82543290205354	1.0064836
125	124.91689326304763	1.0001487
126	121.0083536240417	1.0113109
127	117.0998139850358	0.9944547
128	113.19127434602987	0.9830168
129	109.28273470702396	0.9949758
130	105.37419506801803	0.99853677
131	101.46565542901212	1.0002599
132	97.5571157900062	0.9819394
133	93.64857615100028	0.9820439
134	89.74003651199438	1.0066657
135	85.83149687298845	1.0070201
136	81.92295723398254	1.0005288
137	78.01441759497662	1.012397
138	74.10587795597071	0.99120665
139	70.19733831696479	1.0119201
140	66.28879867795888	1.0241499
141	62.380259038952964	1.0061224
142	58.47171939994705	1.0091956
143	54.563179760941125	0.9931367
144	50.65464012193521	1.0199629
145	46.74610048292929	0.9925719
146	42.83756084392338	1.011776
147	38.92902120491746	0.9808707
148	35.02048156591155	1.0099491
149	31.111941926905633	0.985817
150	27.203402287899713	0.99908644
151	23.2948626488938	1.0030317
152	19.386323009887885	1.0026664
153	15.47778337088197	1.029133
154	11.569243731876053	1.037736
155	7.660704092870137	0.8658891
156	3.752164453864221	0.7667877
157	-0.1563751851416953	0.72147655
158	-4.064914824147611	0.7455877
159	-7.973454463153527	0.9244258
160	-11.881994102159442	0.98607534
161	-15.790533741165358	1.009466
162	-19.699073380171274	0.990605
163	-23.607613019177194	0.99740565
164	-27.51615265818311	1.0099726
165	-31.424692297189026	0.9881798
166	-35.33323193619494	0.98644376
167	-39.24177157520086	0.99974644
168	-43.15031121420677	0.9886745
169	-47.05885085326301	0.9961375
170	-50.967390492268926	0.99350303
171	-54.87593013127484	1.00218
172	-58.784469770280765	1.012265
173	-62.69300940928668	1.0037792
174	-66.6015490482926	1.0020007
175	-70.5100886872985	1.0071112
176	-74.41862832630441	1.0086029
177	-78.32716796531035	1.0200037
178	-82.23570760431626	0.99809456
179	-86.14424724332218	1.0132949
180	-90.05278688232809	0.9995942
181	-93.961326521334	0.9913932
182	-97.86986616033992	0.98584074
183	-101.77840579934583	1.017071
184	-105.68694543835176	1.0005432
185	-109.59548507735767	1.0005088
186	-113.50402471636359	1.0004961
187	-117.4125643553695	0.9998874
188	-121.32110399437542	1.0047582
189	-125.22964363338133	1.0064254
190	-129.13818327238724	0.99387187
191	-133.04672291139315	1.0019344
192	-136.95526255039908	0.985452
193	-140.863802189405	0.983883
194	-144.77234182841093	0.9935013
195	-148.68088146741684	1.0106862
196	-152.58942110642275	0.99431765
197	-156.49796074542866	0.9962804
198	-160.4065003844346	1.0006347
199	-164.3150400234405	1.0041285
200	-168.2235796624464	1.0037503
201	-172.13211930145232	1.0137057
202	-176.04065894045823	0.9925999
203	-179.94919857946417	1.0116118
204	-183.85773821847008	0.995425
205	-187.76627785747598	1.013559
206	-191.6748174964819	0.9766291
207	-195.58335713548783	0.9903946
208	-199.49189677449374	1.0024245
209	-203.40043641349965	1.003332
210	-207.30897605250556	0.9799031
211	-211.21751569151147	1.0024977
212	-215.1260553305174	1.0043393
213	-219.0345949695233	0.99413645
214	-222.94313460852922	0.9993375
215	-226.85167424753513	0.99744546
216	-230.76021388654107	1.0121893
217	-234.66875352554698	0.9956581
218	-238.57729316455288	0.98843133
219	-242.4858328035588	0.9949733
220	-246.39437244256476	0.98702776
221	-250.30291208157067	1.0301996
222	-254.21145172057658	1.0104842
223	-258.11999135958246	0.9938595
224	-262.0285309985884	0.9957731
225	-265.9370706375943	0.9931702
226	-269.8456102766002	1.0024102
227	-273.75414991560615	0.985218
228	-277.66268955461203	0.9965629
229	-281.57122919361797	0.98635286
230	-285.47976883262385	0.99601674
231	-289.3883084716298	1.0167028
232	-293.29684811063566	1.0044131
233	-297.2053877496416	0.9965587
234	-301.1139273886475	1.0146425
235	-305.0224670276534	1.0131013
236	-308.93100666665936	0.98083806
237	-312.83954630566524	1.0112395
238	-316.74808594467123	1.0070026
239	-320.6566255836771	1.0084661
240	-324.56516522268305	0.9903434
241	-328.473704861689	0.99757
242	-332.38224450069487	1.0018477
243	-336.2907841397008	1.0
244	-340.19932377870674	1.0
245	-344.1078634177126	1.0
246	-348.01640305671856	1.0
247	-351.92494269572444	1.0
248	-355.8334823347304	1.0
249	-359.7420219737363	1.0
250	-363.6505616127422	1.0
251	-367.55910125174813	1.0
252	-371.467640890754	1.0
253	-375.37618052975995	1.0
254	-379.2847201687659	1.0
255	-383.19325980777177	1.0
256	-387.1017994467777	1.0
257	-391.0103390857836	1.0
258	-394.9188787247895	1.0
259	-398.82741836379546	1.0
260	-402.73595800280134	1.0
261	-406.6444976418073	1.0
262	-410.5530372808132	1.0
263	-414.4615769198191	1.0
264	-418.37011655882503	1.0
265	-422.2786561978309	1.0
266	-426.18719583683685	1.0
267	-430.0957354758428	1.0
268	-434.00427511484867	1.0
269	-437.9128147538546	1.0
