	velocity	Amplitude
0	614.3898687921509	0.95897067
1	610.4813291531449	1.0132705
2	606.5727895141391	0.9982829
3	602.6642498751331	1.0270913
4	598.7557102361272	0.94607294
5	594.8471705971212	0.9861682
6	590.9386309581153	1.0217415
7	587.0300913191095	1.1509298
8	583.1215516801035	0.86580867
9	579.2130120410976	0.92873
10	575.3044724020917	1.0397508
11	571.3959327630857	0.93595076
12	567.4873931240799	0.9645668
13	563.578853485074	1.0863011
14	559.670313846068	0.9474717
15	555.7617742070621	1.0717804
16	551.8532345680562	0.9880656
17	547.9446949290503	1.0059178
18	544.0361552900443	1.0166861
19	540.1276156510385	0.8950698
20	536.2190760120326	0.91472906
21	532.3105363730266	1.0213535
22	528.4019967340207	1.0544082
23	524.4934570950148	0.9626775
24	520.5849174560088	1.0485722
25	516.676377817003	1.0377327
26	512.7678381779971	1.0817152
27	508.85929853899114	1.103832
28	504.9507588999852	1.0018082
29	501.0422192609793	0.9783645
30	497.1336796219734	1.0255058
31	493.2251399829675	0.96969914
32	489.31660034396157	0.821485
33	485.40806070495563	0.92753315
34	481.49952106594975	1.1969806
35	477.5909814269438	0.8833403
36	473.68244178793793	1.038221
37	469.773902148932	1.0116326
38	465.86536250992606	1.053841
39	461.9568228709202	1.0678077
40	458.0482832319142	1.0272479
41	454.13974359290825	1.0095841
42	450.23120395390237	1.0178285
43	446.32266431489643	0.94213
44	442.4141246758905	0.9175977
45	438.5055850368846	0.96229976
46	434.5970453978787	0.96678936
47	430.6885057588728	0.94443536
48	426.77996611986686	0.8356043
49	422.8714264808609	1.1449368
50	418.96288684185504	1.0049547
51	415.0543472028491	0.9347048
52	411.1458075638432	1.021988
53	407.2372679248373	0.9098079
54	403.32872828583135	0.90226626
55	399.42018864682547	1.003834
56	395.5116490078195	1.0499809
57	391.6031093687633	1.0807937
58	387.6945697297574	1.0383035
59	383.78603009075147	0.9487477
60	379.8774904517456	0.9221006
61	375.96895081273965	1.0351229
62	372.0604111737337	1.025965
63	368.15187153472783	0.9136221
64	364.2433318957219	1.1316702
65	360.33479225671596	1.0168651
66	356.4262526177101	1.0319182
67	352.51771297870414	0.89034456
68	348.60917333969826	1.0966518
69	344.7006337006923	0.95923233
70	340.7920940616864	0.8767801
71	336.8835544226805	1.0363797
72	332.97501478367457	1.0567431
73	329.0664751446687	0.8365276
74	325.15793550566275	0.9830006
75	321.2493958666568	0.99347633
76	317.34085622765093	1.0534351
77	313.432316588645	0.9909232
78	309.5237769496391	1.0634401
79	305.6152373106332	1.0256892
80	301.70669767162724	1.0382569
81	297.79815803262136	0.9378632
82	293.8896183936154	1.0810852
83	289.9810787546095	1.001363
84	286.0725391156036	1.0726396
85	282.16399947659767	1.1154917
86	278.25545983759173	1.1021435
87	274.3469201985858	0.9796921
88	270.4383805595799	1.0514396
89	266.529840920574	0.91690135
90	262.6213012815681	1.0165441
91	258.71276164256216	0.86307514
92	254.80422200355625	0.9323406
93	250.89568236455034	1.0517973
94	246.9871427255444	0.9813586
95	243.0786030865385	1.037671
96	239.17006344753258	1.0059245
97	235.26152380852668	1.1048852
98	231.35298416952074	1.0615978
99	227.44444453051483	0.9326565
100	223.53590489150892	1.023947
101	219.627365252503	1.0021175
102	215.7188256134971	0.9535927
103	211.81028597449117	1.0367625
104	207.90174633548526	0.8966934
105	203.99320669647935	0.99723905
106	200.08466705747344	1.0238477
107	196.1761274184675	1.017561
108	192.2675877794616	1.1215217
109	188.35904814045568	1.066202
110	184.45050850144978	1.0412062
111	180.54196886244387	0.95501906
112	176.63342922343793	0.81141514
113	172.72488958443202	0.8891585
114	168.8163499454261	0.93254983
115	164.9078103064202	0.95820194
116	160.99927066741427	1.1110262
117	157.09073102840836	1.0769894
118	153.18219138940245	1.0688549
119	149.27365175039654	0.9556105
120	145.3651121113906	0.97734386
121	141.4565724723847	0.97561723
122	137.54803283337878	1.0360001
123	133.63949319437285	1.0653841
124	129.73095355536694	1.0167854
125	125.82241391636104	1.0827173
126	121.91387427735512	0.9753889
127	118.00533463834921	1.1030787
128	114.09679499934329	0.93376964
129	110.18825536033738	1.002934
130	106.27971572133144	0.95053244
131	102.37117608232553	1.0381066
132	98.46263644331961	1.0271649
133	94.5540968043137	0.9167506
134	90.64555716530779	0.8680246
135	86.73701752630187	0.9758312
136	82.82847788729596	0.9769633
137	78.91993824829004	1.0006222
138	75.01139860928413	1.0647249
139	71.1028589702782	0.8707843
140	67.1943193312723	1.0347784
141	63.285779692266374	0.9436165
142	59.37724005326046	1.0290247
143	55.468700414254535	0.85905695
144	51.56016077524862	0.9206251
145	47.6516211362427	1.0371345
146	43.74308149723679	1.0348371
147	39.83454185823087	1.0834262
148	35.92600221922496	0.8589161
149	32.017462580219046	0.8849631
150	28.108922941213127	0.99013954
151	24.200383302207214	0.98345757
152	20.2918436632013	0.90819734
153	16.38330402419538	0.889781
154	12.474764385189467	1.032214
155	8.566224746183549	1.2075132
156	4.657685107177633	0.8120129
157	0.7491454681717162	0.13563897
158	-3.1593941708342	0.9548016
159	-7.067933809840116	1.1334605
160	-10.976473448846033	1.0224541
161	-14.885013087851949	0.9165682
162	-18.79355272685786	0.9435766
163	-22.70209236586378	0.92596054
164	-26.610632004869696	1.0802193
165	-30.519171643875612	1.0033743
166	-34.42771128288153	0.7707367
167	-38.33625092188745	1.0380697
168	-42.244790560893364	1.0527564
169	-46.1533301999496	0.93059576
170	-50.061869838955516	1.057644
171	-53.97040947796143	0.94973654
172	-57.878949116967355	0.9075458
173	-61.78748875597327	0.90994406
174	-65.69602839497918	0.89883745
175	-69.60456803398509	0.9362715
176	-73.513107672991	0.94853085
177	-77.42164731199694	1.0733697
178	-81.33018695100284	0.98540586
179	-85.23872659000877	0.9962557
180	-89.14726622901468	1.0871547
181	-93.05580586802058	1.0773162
182	-96.96434550702651	1.0585166
183	-100.87288514603242	1.1148359
184	-104.78142478503834	0.9500156
185	-108.68996442404425	1.1005472
186	-112.59850406305017	0.89196926
187	-116.50704370205608	0.96999794
188	-120.415583341062	1.0713652
189	-124.32412298006791	0.9340613
190	-128.23266261907384	1.1087745
191	-132.14120225807974	0.9549922
192	-136.04974189708568	1.0581204
193	-139.9582815360916	0.97149307
194	-143.86682117509753	0.84814346
195	-147.77536081410344	1.0470551
196	-151.68390045310935	0.94362897
197	-155.59244009211525	1.0361696
198	-159.5009797311212	1.0310552
199	-163.4095193701271	0.9794978
200	-167.318059009133	0.96473587
201	-171.22659864813892	0.9668214
202	-175.13513828714483	1.050732
203	-179.04367792615076	1.1287423
204	-182.95221756515667	1.0484846
205	-186.86075720416258	1.010209
206	-190.7692968431685	0.94089717
207	-194.67783648217443	0.99332684
208	-198.58637612118034	1.0060601
209	-202.49491576018625	0.95210236
210	-206.40345539919215	1.0371768
211	-210.31199503819806	1.0744727
212	-214.220534677204	1.0654873
213	-218.1290743162099	1.0072838
214	-222.03761395521582	1.1155658
215	-225.94615359422173	1.0645179
216	-229.85469323322766	0.9017064
217	-233.76323287223357	0.9940429
218	-237.67177251123948	1.0897698
219	-241.5803121502454	0.9680733
220	-245.48885178925136	0.9717218
221	-249.39739142825727	0.9284717
222	-253.30593106726317	0.94498914
223	-257.2144707062691	0.93441284
224	-261.123010345275	1.078154
225	-265.0315499842809	1.1111587
226	-268.94008962328684	1.1449019
227	-272.8486292622928	0.9897353
228	-276.75716890129866	1.048202
229	-280.6657085403046	1.066167
230	-284.5742481793105	1.0578986
231	-288.4827878183164	1.1391977
232	-292.3913274573223	0.9673178
233	-296.2998670963282	1.0684975
234	-300.2084067353341	0.85267174
235	-304.11694637434005	1.0282183
236	-308.025486013346	0.8391989
237	-311.93402565235186	0.9880175
238	-315.84256529135786	0.8792226
239	-319.75110493036374	0.98924196
240	-323.6596445693697	1.0255538
241	-327.5681842083756	0.9906561
242	-331.4767238473815	1.0915769
243	-335.38526348638743	1.0
244	-339.29380312539337	1.0
245	-343.20234276439925	1.0
246	-347.1108824034052	1.0
247	-351.01942204241107	1.0
248	-354.927961681417	1.0
249	-358.83650132042294	1.0
250	-362.7450409594288	1.0
251	-366.65358059843476	1.0
252	-370.56212023744064	1.0
253	-374.4706598764466	1.0
254	-378.3791995154525	1.0
255	-382.2877391544584	1.0
256	-386.19627879346433	1.0
257	-390.1048184324702	1.0
258	-394.01335807147615	1.0
259	-397.9218977104821	1.0
260	-401.83043734948797	1.0
261	-405.7389769884939	1.0
262	-409.64751662749984	1.0
263	-413.5560562665057	1.0
264	-417.46459590551166	1.0
265	-421.37313554451754	1.0
266	-425.2816751835235	1.0
267	-429.1902148225294	1.0
268	-433.0987544615353	1.0
269	-437.00729410054123	1.0
