	velocity	Amplitude
0	612.8907488601337	0.94509774
1	608.9822092211277	0.9986975
2	605.073669582122	0.8948849
3	601.165129943116	0.7753277
4	597.2565903041101	0.94772846
5	593.3480506651041	0.7566051
6	589.4395110260981	1.2791524
7	585.5309713870923	1.0035477
8	581.6224317480863	0.9795393
9	577.7138921090805	0.9601874
10	573.8053524700746	0.8428914
11	569.8968128310686	0.8833451
12	565.9882731920627	1.0815741
13	562.0797335530568	1.1593845
14	558.1711939140508	1.17857
15	554.262654275045	1.0425439
16	550.3541146360391	1.1217803
17	546.4455749970332	1.0950106
18	542.5370353580272	0.9935826
19	538.6284957190213	0.8776519
20	534.7199560800154	1.0574584
21	530.8114164410094	1.2689117
22	526.9028768020036	1.1172203
23	522.9943371629977	0.9964858
24	519.0857975239917	1.1161004
25	515.1772578849858	1.0243145
26	511.2687182459799	1.1483165
27	507.360178606974	0.9525686
28	503.45163896796805	0.8232378
29	499.54309932896217	1.2353717
30	495.63455968995623	1.0057319
31	491.72602005095035	0.9227995
32	487.8174804119444	1.1149869
33	483.9089407729385	1.1137363
34	480.0004011339326	0.7858548
35	476.09186149492666	0.89046264
36	472.1833218559208	0.93842614
37	468.27478221691484	0.9124029
38	464.3662425779089	1.0152755
39	460.457702938903	0.73465735
40	456.54916329989703	0.70826936
41	452.6406236608911	1.2052406
42	448.7320840218852	0.92631227
43	444.8235443828793	0.79902035
44	440.91500474387334	1.1511675
45	437.00646510486746	1.0851974
46	433.0979254658615	0.96117413
47	429.18938582685564	1.1277581
48	425.2808461878497	1.124523
49	421.37230654884377	0.8197806
50	417.4637669098379	0.9640954
51	413.55522727083195	1.000556
52	409.64668763182607	0.8369266
53	405.73814799282013	1.2047198
54	401.8296083538142	0.9932467
55	397.9210687148083	0.90891033
56	394.0125290758024	1.0764127
57	390.10398943674613	1.0257086
58	386.19544979774025	1.0239913
59	382.2869101587343	1.1062227
60	378.37837051972843	0.80855495
61	374.4698308807225	0.8934578
62	370.56129124171656	1.1173406
63	366.6527516027107	1.0337079
64	362.74421196370474	1.0378731
65	358.8356723246988	1.0642866
66	354.9271326856929	0.9248258
67	351.018593046687	0.80970186
68	347.1100534076811	0.88390446
69	343.20151376867517	1.0035558
70	339.29297412966923	1.0882907
71	335.38443449066335	1.040609
72	331.4758948516574	1.2012568
73	327.56735521265153	1.1193211
74	323.6588155736456	0.9835461
75	319.75027593463966	0.8292512
76	315.8417362956338	1.0338274
77	311.93319665662784	1.0657257
78	308.02465701762196	0.9513486
79	304.116117378616	0.9246834
80	300.2075777396101	1.1873105
81	296.2990381006042	1.0378401
82	292.39049846159827	0.885801
83	288.48195882259233	0.9838673
84	284.57341918358645	1.1150277
85	280.6648795445805	0.9085871
86	276.7563399055746	1.0266461
87	272.84780026656864	0.8856712
88	268.93926062756276	0.8959646
89	265.0307209885568	0.88537854
90	261.12218134955094	0.96909547
91	257.213641710545	1.0950356
92	253.3051020715391	1.0069885
93	249.3965624325332	1.1740137
94	245.48802279352725	0.9046648
95	241.57948315452134	1.1026628
96	237.67094351551543	1.1205223
97	233.76240387650952	1.0334067
98	229.8538642375036	0.8838077
99	225.94532459849768	0.8562294
100	222.03678495949177	1.0572718
101	218.12824532048586	1.085784
102	214.21970568147995	0.96196175
103	210.311166042474	1.0463556
104	206.4026264034681	1.0852861
105	202.4940867644622	0.967814
106	198.5855471254563	1.2504766
107	194.67700748645035	1.1539469
108	190.76846784744444	1.0846006
109	186.85992820843853	0.88561636
110	182.95138856943262	1.1176168
111	179.04284893042671	1.1183306
112	175.13430929142078	0.95772207
113	171.22576965241487	0.87301713
114	167.31723001340896	0.83025
115	163.40869037440305	1.0416346
116	159.5001507353971	1.3672802
117	155.5916110963912	0.79479486
118	151.6830714573853	0.79698837
119	147.7745318183794	0.91435504
120	143.86599217937345	0.93550426
121	139.95745254036754	0.944117
122	136.04891290136163	0.7860445
123	132.1403732623557	0.81644315
124	128.2318336233498	0.8732436
125	124.32329398434388	1.1272577
126	120.41475434533795	0.84503347
127	116.50621470633205	1.1318297
128	112.59767506732612	1.0018637
129	108.68913542832021	0.8966234
130	104.78059578931428	1.0816286
131	100.87205615030837	1.1561439
132	96.96351651130244	1.0440278
133	93.05497687229654	1.0812224
134	89.14643723329063	1.2236722
135	85.2378975942847	1.0504528
136	81.3293579552788	1.2356168
137	77.42081831627287	1.1019228
138	73.51227867726696	1.2055115
139	69.60373903826104	0.92481863
140	65.69519939925513	0.90864575
141	61.78665976024922	0.96477747
142	57.878120121243306	1.0571742
143	53.96958048223738	1.2159442
144	50.06104084323147	1.1728357
145	46.15250120422555	0.89808327
146	42.243961565219635	0.9842327
147	38.33542192621372	0.8808863
148	34.42688228720781	1.0693129
149	30.518342648201887	1.1697052
150	26.609803009195968	1.0328293
151	22.701263370190055	0.7030613
152	18.79272373118414	1.0976876
153	14.884184092178224	0.8434707
154	10.975644453172308	0.60549617
155	7.067104814166392	0.76732063
156	3.1585651751604753	0.26952818
157	-0.7499744638454409	0.9278998
158	-4.658514102851357	0.6614836
159	-8.567053741857272	1.432201
160	-12.475593380863188	1.1025395
161	-16.384133019869104	0.9563967
162	-20.29267265887502	0.8739442
163	-24.20121229788094	0.97861946
164	-28.109751936886855	0.96691126
165	-32.01829157589277	1.059431
166	-35.926831214898684	1.1956695
167	-39.8353708539046	0.998213
168	-43.743910492910516	0.8347988
169	-47.65245013196675	0.8592483
170	-51.56098977097267	0.89753515
171	-55.469529409978584	0.89325935
172	-59.37806904898451	1.055027
173	-63.28660868799042	0.9816345
174	-67.19514832699635	0.9106786
175	-71.10368796600225	1.1363224
176	-75.01222760500816	1.1147875
177	-78.9207672440141	0.9234593
178	-82.82930688302001	1.0302674
179	-86.73784652202593	1.0156096
180	-90.64638616103184	1.0313605
181	-94.55492580003775	0.72155917
182	-98.46346543904367	0.99645174
183	-102.37200507804958	0.9893805
184	-106.2805447170555	0.9988442
185	-110.18908435606141	1.0416846
186	-114.09762399506734	1.1841309
187	-118.00616363407325	1.1349208
188	-121.91470327307917	1.0695082
189	-125.82324291208508	0.8798966
190	-129.731782551091	1.0995965
191	-133.6403221900969	0.91741914
192	-137.54886182910283	0.9262074
193	-141.45740146810874	1.0318378
194	-145.36594110711468	1.0562437
195	-149.2744807461206	0.90502053
196	-153.1830203851265	0.753726
197	-157.0915600241324	1.140117
198	-161.00009966313834	0.8600007
199	-164.90863930214425	1.1036679
200	-168.81717894115016	0.86384773
201	-172.72571858015607	1.0910183
202	-176.63425821916198	0.92861384
203	-180.54279785816792	1.04529
204	-184.45133749717382	0.92105633
205	-188.35987713617973	1.1500504
206	-192.26841677518564	0.8196797
207	-196.17695641419158	1.0048376
208	-200.0854960531975	1.1139816
209	-203.9940356922034	1.1686443
210	-207.9025753312093	1.2394443
211	-211.81111497021521	1.2526451
212	-215.71965460922115	1.1274455
213	-219.62819424822706	1.0389181
214	-223.53673388723297	1.0713918
215	-227.44527352623888	1.0518371
216	-231.35381316524482	1.1613994
217	-235.26235280425072	0.9266598
218	-239.17089244325663	0.99669206
219	-243.07943208226254	1.0352432
220	-246.9879717212685	0.9796693
221	-250.89651136027442	0.7770495
222	-254.80505099928033	1.1324196
223	-258.71359063828623	0.78053886
224	-262.6221302772922	0.8598547
225	-266.53066991629805	0.86077076
226	-270.439209555304	0.8742083
227	-274.3477491943099	0.8539392
228	-278.2562888333158	1.1210172
229	-282.16482847232174	0.9634751
230	-286.0733681113276	1.1104984
231	-289.98190775033356	0.93589437
232	-293.89044738933944	0.8242344
233	-297.7989870283454	1.0832227
234	-301.70752666735126	1.0369209
235	-305.6160663063572	0.95092225
236	-309.52460594536313	1.1474866
237	-313.433145584369	1.0969579
238	-317.341685223375	1.0523556
239	-321.2502248623809	1.232252
240	-325.1587645013868	1.0763859
241	-329.06730414039276	1.2313273
242	-332.97584377939864	0.8977431
243	-336.8843834184046	1.0
244	-340.7929230574105	1.0
245	-344.7014626964164	1.0
246	-348.61000233542234	1.0
247	-352.5185419744282	1.0
248	-356.42708161343415	1.0
249	-360.3356212524401	1.0
250	-364.244160891446	1.0
251	-368.1527005304519	1.0
252	-372.0612401694578	1.0
253	-375.9697798084637	1.0
254	-379.87831944746966	1.0
255	-383.78685908647554	1.0
256	-387.6953987254815	1.0
257	-391.60393836448736	1.0
258	-395.5124780034933	1.0
259	-399.42101764249924	1.0
260	-403.3295572815051	1.0
261	-407.23809692051105	1.0
262	-411.146636559517	1.0
263	-415.0551761985229	1.0
264	-418.9637158375288	1.0
265	-422.8722554765347	1.0
266	-426.7807951155406	1.0
267	-430.68933475454656	1.0
268	-434.59787439355244	1.0
269	-438.5064140325584	1.0
