	velocity	Amplitude
0	614.3948166244118	0.9547119
1	610.4862769854058	1.1920092
2	606.5777373464	1.1394931
3	602.669197707394	0.9161218
4	598.7606580683881	1.184798
5	594.8521184293821	0.98940563
6	590.9435787903761	0.9668399
7	587.0350391513704	0.9329461
8	583.1264995123644	0.97489554
9	579.2179598733585	1.1366585
10	575.3094202343526	1.0269305
11	571.4008805953466	0.9078052
12	567.4923409563407	0.9365166
13	563.5838013173349	0.9446993
14	559.6752616783289	1.0643506
15	555.766722039323	0.9395504
16	551.8581824003171	1.1292142
17	547.9496427613112	0.91286266
18	544.0411031223052	0.9416258
19	540.1325634832994	1.035689
20	536.2240238442935	1.1331037
21	532.3154842052875	0.97303146
22	528.4069445662816	0.9421437
23	524.4984049272757	0.967719
24	520.5898652882697	1.1851536
25	516.6813256492638	1.0691034
26	512.772786010258	1.0619682
27	508.8642463712521	0.91008866
28	504.95570673224614	0.93239725
29	501.04716709324026	0.91238636
30	497.1386274542343	0.9497659
31	493.23008781522844	0.937763
32	489.3215481762225	1.0452237
33	485.41300853721657	1.0969892
34	481.5044688982107	1.0308658
35	477.59592925920475	0.84770745
36	473.68738962019887	1.0088475
37	469.77884998119293	0.9997872
38	465.870310342187	1.1567242
39	461.9617707031811	1.0528237
40	458.0532310641751	1.0350662
41	454.1446914251692	0.95224214
42	450.2361517861633	1.0626205
43	446.32761214715737	1.0720032
44	442.41907250815143	1.1004636
45	438.51053286914555	0.98817277
46	434.6019932301396	0.7815805
47	430.69345359113373	1.0245236
48	426.7849139521278	1.0404931
49	422.87637431312186	1.2000239
50	418.967834674116	0.9558737
51	415.05929503511004	0.99509436
52	411.15075539610416	0.9652698
53	407.2422157570982	0.96673775
54	403.3336761180923	0.91716063
55	399.4251364790864	0.8622127
56	395.51659684008047	1.1701539
57	391.6080572010242	1.0183938
58	387.69951756201834	1.0658032
59	383.7909779230124	1.0397862
60	379.8824382840065	0.8633689
61	375.9738986450006	0.9572938
62	372.06535900599465	1.047842
63	368.15681936698877	1.0416034
64	364.24827972798283	0.97075546
65	360.3397400889769	1.1174585
66	356.431200449971	0.93541306
67	352.5226608109651	0.7756509
68	348.6141211719592	0.8252717
69	344.70558153295326	0.990064
70	340.7970418939473	1.0227253
71	336.88850225494144	0.9484925
72	332.9799626159355	0.8761458
73	329.0714229769296	0.9108048
74	325.1628833379237	1.1731787
75	321.25434369891775	1.2598689
76	317.34580405991187	0.9496136
77	313.43726442090593	0.89227307
78	309.52872478190005	0.9253819
79	305.6201851428941	1.0886098
80	301.7116455038882	0.9027487
81	297.8031058648823	1.0522847
82	293.89456622587636	1.0769278
83	289.9860265868704	0.8703816
84	286.07748694786454	1.0313884
85	282.1689473088586	0.9421251
86	278.26040766985267	0.9887301
87	274.35186803084673	1.1363368
88	270.44332839184085	0.9536441
89	266.5347887528349	1.0202196
90	262.62624911382903	1.0482687
91	258.7177094748231	1.1868556
92	254.8091698358172	1.1020145
93	250.90063019681128	0.8506106
94	246.99209055780534	1.054673
95	243.08355091879943	0.98941904
96	239.17501127979352	0.92031604
97	235.2664716407876	1.0071012
98	231.35793200178168	0.94429415
99	227.44939236277577	0.84131104
100	223.54085272376986	1.1141573
101	219.63231308476395	0.88466036
102	215.72377344575804	1.1718664
103	211.8152338067521	0.8875734
104	207.9066941677462	1.0605603
105	203.9981545287403	1.0155227
106	200.08961488973438	1.1617686
107	196.18107525072844	0.8103884
108	192.27253561172253	0.9161433
109	188.36399597271662	1.1511209
110	184.4554563337107	1.205614
111	180.5469166947048	0.9885502
112	176.63837705569887	0.9472245
113	172.72983741669296	0.97628874
114	168.82129777768705	1.1900921
115	164.91275813868114	1.0134014
116	161.0042184996752	0.90985644
117	157.0956788606693	0.9374921
118	153.1871392216634	0.8240584
119	149.27859958265748	1.067672
120	145.37005994365154	0.9746724
121	141.46152030464563	0.91570055
122	137.55298066563972	0.9798476
123	133.64444102663379	0.9654565
124	129.73590138762788	0.8422738
125	125.82736174862195	1.1758332
126	121.91882210961603	0.8487655
127	118.01028247061012	1.1297475
128	114.1017428316042	0.99090296
129	110.19320319259829	0.96369463
130	106.28466355359235	0.98212355
131	102.37612391458644	0.9198139
132	98.46758427558052	1.0000622
133	94.55904463657461	1.0654645
134	90.6505049975687	0.95486957
135	86.74196535856278	1.0185872
136	82.83342571955687	1.0683061
137	78.92488608055095	0.8660616
138	75.01634644154504	1.0779948
139	71.10780680253912	1.000631
140	67.19926716353321	0.9963582
141	63.2907275245273	1.0212208
142	59.382187885521375	1.0447775
143	55.47364824651545	0.9162625
144	51.56510860750954	1.0031475
145	47.65656896850362	0.9967384
146	43.74802932949771	1.2816495
147	39.83948969049179	1.0682472
148	35.93095005148588	1.140855
149	32.022410412479964	0.9720722
150	28.113870773474044	1.0762984
151	24.205331134468132	0.9163802
152	20.296791495462216	1.0978355
153	16.3882518564563	1.1457301
154	12.479712217450384	1.0302207
155	8.571172578444468	0.9909622
156	4.66263293943855	0.9186467
157	0.7540933004326347	0.40171796
158	-3.1544463385732815	1.1577613
159	-7.062985977579197	1.5241036
160	-10.971525616585113	1.3631654
161	-14.88006525559103	1.2262865
162	-18.788604894596943	0.9371643
163	-22.697144533602863	1.067028
164	-26.60568417260878	0.86899155
165	-30.514223811614695	0.800217
166	-34.42276345062061	0.8760289
167	-38.33130308962653	0.7298978
168	-42.23984272863244	0.89676446
169	-46.14838236768868	0.97763854
170	-50.05692200669459	0.9476967
171	-53.965461645700515	0.97805405
172	-57.87400128470644	0.987384
173	-61.78254092371235	0.7915762
174	-65.69108056271827	1.0614654
175	-69.59962020172418	0.9439878
176	-73.50815984073009	0.9829394
177	-77.41669947973602	1.021599
178	-81.32523911874193	0.8367615
179	-85.23377875774786	0.96588796
180	-89.14231839675377	1.1024033
181	-93.05085803575967	0.9666142
182	-96.9593976747656	0.9513666
183	-100.8679373137715	1.1313962
184	-104.77647695277743	0.9790896
185	-108.68501659178334	1.0816611
186	-112.59355623078926	0.86872745
187	-116.50209586979517	1.0331888
188	-120.4106355088011	0.9346311
189	-124.319175147807	0.9583442
190	-128.2277147868129	1.0332695
191	-132.1362544258188	1.0356212
192	-136.04479406482474	1.280673
193	-139.95333370383065	1.1110961
194	-143.8618733428366	1.0620807
195	-147.7704129818425	1.0259373
196	-151.6789526208484	0.91452134
197	-155.58749225985432	0.7938587
198	-159.49603189886025	1.181227
199	-163.40457153786616	0.85344154
200	-167.31311117687207	1.1607286
201	-171.22165081587798	0.85732895
202	-175.1301904548839	1.0377592
203	-179.03873009388982	1.0083075
204	-182.94726973289573	0.9543823
205	-186.85580937190164	1.023392
206	-190.76434901090755	1.007719
207	-194.6728886499135	0.9508976
208	-198.5814282889194	0.86611307
209	-202.4899679279253	0.85936546
210	-206.39850756693122	0.9400534
211	-210.30704720593712	0.882178
212	-214.21558684494306	1.1360645
213	-218.12412648394897	1.0264003
214	-222.03266612295488	0.9546939
215	-225.9412057619608	1.0277832
216	-229.84974540096673	0.8088642
217	-233.75828503997263	0.81645465
218	-237.66682467897854	0.80831575
219	-241.57536431798445	1.2357166
220	-245.48390395699042	0.9634027
221	-249.39244359599633	1.1119202
222	-253.30098323500224	1.0707717
223	-257.20952287400814	1.0027236
224	-261.1180625130141	1.0299157
225	-265.02660215201996	0.9811781
226	-268.9351417910259	1.0232667
227	-272.84368143003184	0.9032663
228	-276.7522210690377	0.9970627
229	-280.66076070804365	0.9019851
230	-284.56930034704953	1.1275688
231	-288.47783998605547	0.84107584
232	-292.38637962506135	1.0453613
233	-296.2949192640673	0.99101216
234	-300.20345890307317	1.0106393
235	-304.1119985420791	0.9028818
236	-308.02053818108504	1.0170822
237	-311.9290778200909	0.9813377
238	-315.8376174590969	0.98242
239	-319.7461570981028	0.9733737
240	-323.65469673710874	0.868073
241	-327.5632363761147	1.0258393
242	-331.47177601512055	1.0603554
243	-335.3803156541265	1.0
244	-339.2888552931324	1.0
245	-343.1973949321383	1.0
246	-347.10593457114425	1.0
247	-351.0144742101501	1.0
248	-354.92301384915606	1.0
249	-358.831553488162	1.0
250	-362.7400931271679	1.0
251	-366.6486327661738	1.0
252	-370.5571724051797	1.0
253	-374.46571204418564	1.0
254	-378.3742516831916	1.0
255	-382.28279132219745	1.0
256	-386.1913309612034	1.0
257	-390.0998706002093	1.0
258	-394.0084102392152	1.0
259	-397.91694987822115	1.0
260	-401.825489517227	1.0
261	-405.73402915623296	1.0
262	-409.6425687952389	1.0
263	-413.5511084342448	1.0
264	-417.4596480732507	1.0
265	-421.3681877122566	1.0
266	-425.27672735126254	1.0
267	-429.1852669902685	1.0
268	-433.09380662927435	1.0
269	-437.0023462682803	1.0
