	velocity	Amplitude
0	613.8301156266355	1.0044789
1	609.9215759876295	1.0007365
2	606.0130363486237	0.9899271
3	602.1044967096177	0.9873826
4	598.1959570706118	1.0284092
5	594.2874174316058	0.9773676
6	590.3788777925998	1.0229589
7	586.4703381535941	1.0120088
8	582.5617985145881	1.0327013
9	578.6532588755822	0.95654297
10	574.7447192365763	1.0247641
11	570.8361795975703	0.9968892
12	566.9276399585644	1.0175426
13	563.0191003195586	0.9988437
14	559.1105606805526	0.985378
15	555.2020210415467	0.986437
16	551.2934814025408	1.0021502
17	547.3849417635349	1.0015244
18	543.4764021245289	0.9837831
19	539.567862485523	1.0044422
20	535.6593228465172	1.0068583
21	531.7507832075112	0.9834723
22	527.8422435685053	1.0139964
23	523.9337039294994	1.0533098
24	520.0251642904934	0.9679854
25	516.1166246514875	1.0259919
26	512.2080850124817	1.009476
27	508.2995453734758	1.0136678
28	504.39100573446984	0.9858891
29	500.48246609546396	1.0100298
30	496.573926456458	0.9947507
31	492.66538681745214	1.0046587
32	488.7568471784462	0.9789787
33	484.84830753944027	1.0117316
34	480.9397679004344	1.0133246
35	477.03122826142845	0.9993688
36	473.1226886224226	0.97072446
37	469.21414898341664	1.010097
38	465.3056093444107	0.9880141
39	461.3970697054048	0.99449515
40	457.4885300663988	0.99710834
41	453.5799904273929	1.0156921
42	449.671450788387	0.9903556
43	445.76291114938107	0.9946215
44	441.85437151037513	1.0260035
45	437.94583187136925	1.000388
46	434.0372922323633	0.99060994
47	430.12875259335743	0.9737803
48	426.2202129543515	0.9916273
49	422.31167331534556	0.99855787
50	418.4031336763397	0.9450926
51	414.49459403733374	1.0255582
52	410.58605439832786	0.9963738
53	406.6775147593219	1.0016929
54	402.768975120316	1.0018244
55	398.8604354813101	1.0024575
56	394.95189584230417	1.033038
57	391.0433562032479	1.0002843
58	387.13481656424204	1.0132153
59	383.2262769252361	0.97106695
60	379.3177372862302	1.0047516
61	375.4091976472243	1.0118519
62	371.50065800821835	1.0223082
63	367.59211836921247	0.9974618
64	363.68357873020653	1.0089663
65	359.7750390912006	0.96937686
66	355.8664994521947	0.9781741
67	351.9579598131888	0.98201174
68	348.0494201741829	0.9297278
69	344.14088053517696	1.0168512
70	340.232340896171	0.96086323
71	336.32380125716514	0.9908441
72	332.4152616181592	0.9776578
73	328.5067219791533	1.0294981
74	324.5981823401474	0.9797663
75	320.68964270114145	0.97790295
76	316.78110306213557	0.990268
77	312.87256342312963	0.9831485
78	308.96402378412375	1.0118726
79	305.0554841451178	0.9889303
80	301.1469445061119	1.0283787
81	297.238404867106	1.0045837
82	293.32986522810006	1.0030918
83	289.4213255890941	0.99572295
84	285.51278595008824	0.9848173
85	281.6042463110823	1.0066122
86	277.69570667207637	0.996041
87	273.78716703307043	1.0151813
88	269.87862739406455	1.0059117
89	265.9700877550586	1.0036166
90	262.06154811605273	1.0519775
91	258.1530084770468	0.99645734
92	254.24446883804086	1.0164822
93	250.33592919903495	1.0098184
94	246.427389560029	1.0566349
95	242.5188499210231	0.96997166
96	238.6103102820172	1.0077052
97	234.7017706430113	1.0211182
98	230.79323100400535	1.0077657
99	226.88469136499944	1.0072422
100	222.97615172599353	0.9804384
101	219.06761208698762	1.0260634
102	215.1590724479817	1.0000756
103	211.25053280897578	0.9698588
104	207.34199316996987	1.0005505
105	203.43345353096396	1.0139378
106	199.52491389195805	0.9897834
107	195.6163742529521	1.0030124
108	191.7078346139462	0.97730625
109	187.7992949749403	1.0069726
110	183.8907553359344	1.0069525
111	179.98221569692848	1.0063974
112	176.07367605792254	1.0043759
113	172.16513641891663	0.9918031
114	168.25659677991072	0.98692775
115	164.3480571409048	1.0224245
116	160.43951750189888	0.9968082
117	156.53097786289297	1.0120004
118	152.62243822388706	1.001531
119	148.71389858488115	1.0066224
120	144.8053589458752	1.0289011
121	140.8968193068693	0.97128284
122	136.9882796678634	0.95701975
123	133.07974002885746	1.003689
124	129.17120038985155	1.0077336
125	125.26266075084565	1.0185354
126	121.35412111183973	1.0034171
127	117.44558147283382	1.0061699
128	113.5370418338279	1.0024247
129	109.62850219482199	0.99912107
130	105.71996255581605	0.99166375
131	101.81142291681014	0.989397
132	97.90288327780422	1.0124449
133	93.99434363879831	1.011744
134	90.0858039997924	1.0008558
135	86.17726436078648	0.9948903
136	82.26872472178057	1.0002872
137	78.36018508277465	1.0039306
138	74.45164544376874	1.005228
139	70.54310580476282	0.9648101
140	66.63456616575691	1.0322547
141	62.72602652675099	0.9885407
142	58.817486887745076	1.0074441
143	54.90894724873915	0.9718822
144	51.00040760973324	1.0066521
145	47.09186797072732	0.98292017
146	43.183328331721405	1.0058258
147	39.27478869271549	0.988537
148	35.36624905370958	0.98725694
149	31.457709414703658	1.0297956
150	27.549169775697738	1.0393221
151	23.640630136691826	1.0127182
152	19.73209049768591	1.0199296
153	15.823550858679992	0.99634147
154	11.915011219674078	0.9879725
155	8.006471580668162	1.0061474
156	4.097931941662245	0.7957487
157	0.18939230265632884	0.85422164
158	-3.7191473363495873	0.9345834
159	-7.627686975355504	0.9185666
160	-11.53622661436142	0.94767034
161	-15.444766253367336	0.98777074
162	-19.35330589237325	1.025556
163	-23.26184553137917	1.0030026
164	-27.170385170385085	1.0246146
165	-31.078924809391	0.98169464
166	-34.98746444839691	0.9805296
167	-38.89600408740283	1.0283072
168	-42.804543726408745	0.98684114
169	-46.71308336546498	0.97505105
170	-50.6216230044709	0.98238724
171	-54.530162643476814	1.0000416
172	-58.43870228248274	0.995373
173	-62.34724192148865	0.9919069
174	-66.25578156049457	1.0126717
175	-70.16432119950048	0.9443589
176	-74.07286083850639	1.0003226
177	-77.98140047751232	0.97637194
178	-81.88994011651823	0.9868682
179	-85.79847975552416	0.9889921
180	-89.70701939453006	0.9629461
181	-93.61555903353597	0.9863281
182	-97.5240986725419	1.0099982
183	-101.4326383115478	1.0098683
184	-105.34117795055373	1.0341258
185	-109.24971758955964	1.0271875
186	-113.15825722856556	1.0112851
187	-117.06679686757147	1.0434898
188	-120.97533650657739	1.0401039
189	-124.8838761455833	1.0145147
190	-128.79241578458922	0.9654401
191	-132.70095542359513	0.9903697
192	-136.60949506260107	1.0081201
193	-140.51803470160698	1.054821
194	-144.42657434061292	1.0053878
195	-148.33511397961882	0.9970344
196	-152.24365361862473	0.9929202
197	-156.15219325763064	0.9856971
198	-160.06073289663658	1.0071661
199	-163.9692725356425	1.025449
200	-167.8778121746484	1.0016129
201	-171.7863518136543	0.9913499
202	-175.69489145266022	0.9973688
203	-179.60343109166615	0.97828734
204	-183.51197073067206	0.98334897
205	-187.42051036967797	0.99671865
206	-191.32905000868388	0.97944355
207	-195.23758964768982	1.0107954
208	-199.14612928669573	0.9832894
209	-203.05466892570163	0.9958822
210	-206.96320856470754	0.9906773
211	-210.87174820371345	1.0031663
212	-214.7802878427194	0.9908179
213	-218.6888274817253	0.9789524
214	-222.5973671207312	1.0266434
215	-226.50590675973712	1.0052866
216	-230.41444639874305	0.995573
217	-234.32298603774896	1.0174702
218	-238.23152567675487	0.9953286
219	-242.14006531576078	0.9966128
220	-246.04860495476674	1.001935
221	-249.95714459377265	0.984599
222	-253.86568423277856	0.992314
223	-257.77422387178444	1.0338798
224	-261.6827635107904	1.0026416
225	-265.59130314979626	1.0023184
226	-269.4998427888022	1.0365381
227	-273.40838242780814	1.0055054
228	-277.316922066814	1.0260842
229	-281.22546170581995	0.99707067
230	-285.13400134482583	0.96732605
231	-289.04254098383177	1.0025007
232	-292.95108062283765	1.0486213
233	-296.8596202618436	0.98444116
234	-300.76815990084947	1.004482
235	-304.6766995398554	0.98319083
236	-308.58523917886134	1.005854
237	-312.4937788178672	0.9876035
238	-316.4023184568732	0.99048364
239	-320.3108580958791	0.9924499
240	-324.21939773488504	1.0114475
241	-328.127937373891	0.9781026
242	-332.03647701289685	0.9950842
243	-335.9450166519028	1.0
244	-339.8535562909087	1.0
245	-343.7620959299146	1.0
246	-347.67063556892055	1.0
247	-351.5791752079264	1.0
248	-355.48771484693236	1.0
249	-359.3962544859383	1.0
250	-363.3047941249442	1.0
251	-367.2133337639501	1.0
252	-371.121873402956	1.0
253	-375.03041304196194	1.0
254	-378.9389526809679	1.0
255	-382.84749231997375	1.0
256	-386.7560319589797	1.0
257	-390.66457159798557	1.0
258	-394.5731112369915	1.0
259	-398.48165087599745	1.0
260	-402.3901905150033	1.0
261	-406.29873015400926	1.0
262	-410.2072697930152	1.0
263	-414.1158094320211	1.0
264	-418.024349071027	1.0
265	-421.9328887100329	1.0
266	-425.84142834903884	1.0
267	-429.7499679880448	1.0
268	-433.65850762705065	1.0
269	-437.5670472660566	1.0
