	velocity	Amplitude
0	613.8896832881135	0.9916614
1	609.9811436491075	1.0065027
2	606.0726040101017	1.0120765
3	602.1640643710957	0.98541534
4	598.2555247320898	0.9754645
5	594.3469850930838	0.98321474
6	590.4384454540779	0.99680483
7	586.5299058150721	1.0077561
8	582.6213661760661	1.0119164
9	578.7128265370602	0.97861636
10	574.8042868980543	0.99281985
11	570.8957472590483	0.9781555
12	566.9872076200425	0.96412534
13	563.0786679810366	1.0068997
14	559.1701283420306	1.0073782
15	555.2615887030247	1.0112718
16	551.3530490640188	1.019135
17	547.4445094250129	1.0020533
18	543.535969786007	0.99706006
19	539.6274301470011	1.0251325
20	535.7188905079952	0.9788647
21	531.8103508689892	0.98740995
22	527.9018112299833	1.0352303
23	523.9932715909774	0.9955284
24	520.0847319519714	0.99057347
25	516.1761923129656	1.0087289
26	512.2676526739597	1.0087587
27	508.35911303495374	1.0082853
28	504.4505733959478	0.997087
29	500.5420337569419	1.0209546
30	496.633494117936	1.0114805
31	492.7249544789301	1.0054929
32	488.81641483992416	1.0235351
33	484.9078752009182	0.98198026
34	480.99933556191235	0.9861785
35	477.0907959229064	0.9973492
36	473.18225628390053	1.0043025
37	469.2737166448946	0.9929904
38	465.36517700588865	1.0071588
39	461.4566373668828	0.97842336
40	457.5480977278768	1.0123818
41	453.63955808887084	0.986351
42	449.73101844986496	0.9851571
43	445.822478810859	1.0053773
44	441.9139391718531	1.0250845
45	438.0053995328472	1.0160705
46	434.09685989384127	1.0259068
47	430.1883202548354	0.99257565
48	426.27978061582945	1.0308846
49	422.3712409768235	1.0058033
50	418.46270133781763	0.97862107
51	414.5541616988117	1.0100068
52	410.6456220598058	1.000565
53	406.7370824207999	1.0248321
54	402.82854278179394	0.98439306
55	398.92000314278806	0.9975286
56	395.0114635037821	1.0140557
57	391.1029238647259	1.0049974
58	387.19438422572	1.0024395
59	383.28584458671406	1.0089362
60	379.3773049477082	1.0240673
61	375.46876530870225	1.0009707
62	371.5602256696963	0.98486364
63	367.6516860306904	1.0099407
64	363.7431463916845	1.0367616
65	359.83460675267855	0.9891077
66	355.9260671136727	0.99393696
67	352.01752747466674	1.0081761
68	348.10898783566086	1.0095656
69	344.2004481966549	0.9941133
70	340.291908557649	1.0118157
71	336.3833689186431	0.97141665
72	332.47482927963716	0.97729176
73	328.5662896406313	1.0358683
74	324.65775000162535	0.98961264
75	320.7492103626194	1.0016352
76	316.8406707236135	1.0042825
77	312.9321310846076	1.0217531
78	309.0235914456017	1.0349317
79	305.1150518065958	0.98767763
80	301.20651216758984	0.98594755
81	297.29797252858395	1.0041016
82	293.389432889578	1.0126803
83	289.4808932505721	1.0262798
84	285.5723536115662	0.9920881
85	281.66381397256026	1.0209751
86	277.7552743335543	0.9770378
87	273.8467346945484	1.0175905
88	269.9381950555425	0.97538006
89	266.02965541653657	1.0175107
90	262.1211157775307	0.9990849
91	258.21257613852475	0.9862012
92	254.30403649951887	1.0387511
93	250.39549686051296	1.0420784
94	246.48695722150703	0.995215
95	242.57841758250112	0.98037255
96	238.6698779434952	1.0238795
97	234.7613383044893	0.9896472
98	230.85279866548336	0.9906406
99	226.94425902647745	0.994495
100	223.03571938747154	1.038658
101	219.12717974846564	0.98215896
102	215.21864010945973	1.015172
103	211.3101004704538	1.0046434
104	207.40156083144788	1.0032973
105	203.49302119244197	1.0011868
106	199.58448155343606	1.0252428
107	195.67594191443013	0.9876389
108	191.76740227542422	1.0260999
109	187.8588626364183	1.0263901
110	183.9503229974124	1.0004629
111	180.0417833584065	0.975207
112	176.13324371940055	0.9649493
113	172.22470408039464	0.9823791
114	168.31616444138874	1.0038314
115	164.40762480238283	0.9943019
116	160.4990851633769	0.9957275
117	156.59054552437098	0.99978316
118	152.68200588536507	0.9719756
119	148.77346624635916	0.99088323
120	144.86492660735323	0.99211264
121	140.95638696834732	1.0124284
122	137.0478473293414	1.029523
123	133.13930769033547	0.9935629
124	129.23076805132956	0.9933977
125	125.32222841232365	0.99986404
126	121.41368877331773	1.009306
127	117.50514913431182	0.99478316
128	113.5966094953059	0.9749203
129	109.68806985629999	0.999574
130	105.77953021729405	0.977203
131	101.87099057828814	1.0034169
132	97.96245093928222	1.0075907
133	94.05391130027631	0.9857508
134	90.1453716612704	1.0182838
135	86.23683202226448	1.0109286
136	82.32829238325857	0.9866003
137	78.41975274425265	0.95865583
138	74.51121310524674	0.99971145
139	70.60267346624082	0.98946863
140	66.69413382723491	0.99903744
141	62.78559418822899	1.000188
142	58.877054549223075	0.99768084
143	54.96851491021715	1.0181638
144	51.059975271211236	1.005085
145	47.15143563220532	1.0169841
146	43.242895993199404	0.9854632
147	39.33435635419349	1.0140934
148	35.42581671518758	1.005465
149	31.517277076181657	1.0095509
150	27.608737437175737	1.0066504
151	23.700197798169825	0.9724459
152	19.79165815916391	1.0025091
153	15.883118520157993	1.0217688
154	11.974578881152079	1.0413439
155	8.06603924214616	1.0468643
156	4.157499603140245	0.9304994
157	0.24895996413432847	0.89965886
158	-3.659579674871588	0.97765994
159	-7.568119313877504	1.0149512
160	-11.476658952883419	1.0024159
161	-15.385198591889335	1.0130588
162	-19.29373823089525	1.004656
163	-23.20227786990117	0.97397184
164	-27.110817508907086	0.97381926
165	-31.019357147913002	1.0315592
166	-34.927896786918915	1.0014727
167	-38.83643642592483	0.96769804
168	-42.744976064930746	0.9742525
169	-46.65351570398698	1.015973
170	-50.5620553429929	1.0178989
171	-54.470594981998815	0.98800904
172	-58.37913462100474	1.009798
173	-62.287674260010654	1.0156553
174	-66.19621389901657	0.9667366
175	-70.10475353802248	1.0087631
176	-74.01329317702839	1.0002692
177	-77.92183281603432	0.9769024
178	-81.83037245504023	0.99853086
179	-85.73891209404616	1.0073664
180	-89.64745173305207	1.0204616
181	-93.55599137205797	0.9923811
182	-97.4645310110639	1.0091853
183	-101.3730706500698	1.0089694
184	-105.28161028907573	1.0247271
185	-109.19014992808164	0.99543226
186	-113.09868956708756	1.0197136
187	-117.00722920609347	1.0156962
188	-120.9157688450994	1.0212116
189	-124.8243084841053	0.99321127
190	-128.7328481231112	1.0003617
191	-132.64138776211712	1.0482608
192	-136.54992740112306	1.0012258
193	-140.45846704012897	0.9843854
194	-144.3670066791349	0.99631953
195	-148.2755463181408	0.97993505
196	-152.18408595714672	0.984815
197	-156.09262559615263	0.9995321
198	-160.00116523515857	0.98765427
199	-163.90970487416448	0.9924496
200	-167.81824451317038	0.9890146
201	-171.7267841521763	0.98936796
202	-175.6353237911822	1.0064591
203	-179.54386343018814	1.017414
204	-183.45240306919405	0.99482244
205	-187.36094270819996	0.9944779
206	-191.26948234720587	0.97192717
207	-195.1780219862118	1.0193436
208	-199.0865616252177	0.9948001
209	-202.99510126422362	0.97548497
210	-206.90364090322953	0.96057683
211	-210.81218054223544	1.0146354
212	-214.72072018124138	0.9921529
213	-218.62925982024728	0.9723394
214	-222.5377994592532	1.0004563
215	-226.4463390982591	0.97980815
216	-230.35487873726504	0.9771583
217	-234.26341837627095	0.9876654
218	-238.17195801527686	0.9913963
219	-242.08049765428277	1.0040066
220	-245.98903729328873	0.9859819
221	-249.89757693229464	1.009612
222	-253.80611657130055	1.0111798
223	-257.7146562103065	0.9743274
224	-261.6231958493124	1.0208572
225	-265.5317354883183	0.97465605
226	-269.44027512732424	1.0253577
227	-273.3488147663302	0.99695176
228	-277.25735440533606	1.0328118
229	-281.165894044342	0.9969697
230	-285.0744336833479	1.024584
231	-288.9829733223538	0.98555887
232	-292.8915129613597	1.0117862
233	-296.80005260036563	1.0055808
234	-300.7085922393715	0.98224336
235	-304.61713187837745	0.9813965
236	-308.5256715173834	0.99706537
237	-312.43421115638927	0.99073476
238	-316.34275079539526	0.9685544
239	-320.25129043440114	0.97145927
240	-324.1598300734071	0.9748473
241	-328.068369712413	0.9872771
242	-331.9769093514189	1.0029254
243	-335.88544899042483	1.0
244	-339.79398862943077	1.0
245	-343.70252826843665	1.0
246	-347.6110679074426	1.0
247	-351.51960754644847	1.0
248	-355.4281471854544	1.0
249	-359.33668682446034	1.0
250	-363.2452264634662	1.0
251	-367.15376610247216	1.0
252	-371.06230574147804	1.0
253	-374.970845380484	1.0
254	-378.8793850194899	1.0
255	-382.7879246584958	1.0
256	-386.69646429750173	1.0
257	-390.6050039365076	1.0
258	-394.51354357551355	1.0
259	-398.4220832145195	1.0
260	-402.33062285352537	1.0
261	-406.2391624925313	1.0
262	-410.14770213153724	1.0
263	-414.0562417705431	1.0
264	-417.96478140954906	1.0
265	-421.87332104855494	1.0
266	-425.7818606875609	1.0
267	-429.6904003265668	1.0
268	-433.5989399655727	1.0
269	-437.50747960457863	1.0
