	velocity	Amplitude
0	613.2615849444725	1.0051512
1	609.3530453054665	1.0033972
2	605.4445056664607	1.0045986
3	601.5359660274547	0.99854034
4	597.6274263884488	0.9986671
5	593.7188867494428	1.0086335
6	589.8103471104369	0.9947299
7	585.9018074714311	0.99728096
8	581.9932678324251	0.99006593
9	578.0847281934192	0.9852353
10	574.1761885544133	0.99684936
11	570.2676489154073	1.0061624
12	566.3591092764015	1.0024363
13	562.4505696373956	1.0016316
14	558.5420299983896	1.010248
15	554.6334903593837	1.0005952
16	550.7249507203778	0.9997724
17	546.8164110813719	0.99824995
18	542.907871442366	1.0040872
19	538.9993318033601	0.9961017
20	535.0907921643542	1.0247551
21	531.1822525253482	1.0011611
22	527.2737128863423	1.0010684
23	523.3651732473364	1.0019873
24	519.4566336083304	1.0039066
25	515.5480939693246	1.0081573
26	511.6395543303187	1.0142598
27	507.73101469131274	1.0068339
28	503.8224750523068	0.9938166
29	499.9139354133009	0.9865327
30	496.005395774295	0.99815303
31	492.0968561352891	1.0013375
32	488.18831649628316	1.0039079
33	484.2797768572772	0.9975873
34	480.37123721827135	1.004233
35	476.4626975792654	0.9911385
36	472.55415794025953	0.9961098
37	468.6456183012536	0.9869893
38	464.73707866224765	1.001695
39	460.8285390232418	1.0064999
40	456.9199993842358	1.0017624
41	453.01145974522984	0.9975358
42	449.10292010622396	1.0082022
43	445.194380467218	1.0068185
44	441.2858408282121	1.0100442
45	437.3773011892062	1.0075945
46	433.46876155020027	1.0104998
47	429.5602219111944	1.0049276
48	425.65168227218845	1.0025356
49	421.7431426331825	1.0115365
50	417.83460299417663	0.98897636
51	413.9260633551707	0.9992421
52	410.0175237161648	1.0203531
53	406.1089840771589	0.9828581
54	402.20044443815294	0.995605
55	398.29190479914706	1.0018253
56	394.3833651601411	0.99756956
57	390.4748255210849	0.99748904
58	386.566285882079	0.99217784
59	382.65774624307306	0.9955261
60	378.7492066040672	0.9926732
61	374.84066696506125	0.99373674
62	370.9321273260553	0.99133235
63	367.0235876870494	1.0010967
64	363.1150480480435	1.001238
65	359.20650840903755	0.99562055
66	355.2979687700317	0.9809476
67	351.38942913102574	1.0101564
68	347.48088949201986	1.0061122
69	343.5723498530139	0.9902808
70	339.663810214008	0.9914236
71	335.7552705750021	1.0063756
72	331.84673093599616	1.0039186
73	327.9381912969903	1.0113424
74	324.02965165798435	0.9941885
75	320.1211120189784	1.0121292
76	316.2125723799725	0.9968981
77	312.3040327409666	1.0070617
78	308.3954931019607	1.0044792
79	304.4869534629548	1.0101138
80	300.57841382394884	1.0035037
81	296.66987418494296	0.9956215
82	292.761334545937	0.9932486
83	288.8527949069311	0.9989407
84	284.9442552679252	0.9986129
85	281.03571562891926	0.98712826
86	277.1271759899133	0.9969459
87	273.2186363509074	1.0020593
88	269.3100967119015	0.99480665
89	265.40155707289557	0.9928219
90	261.4930174338897	1.0068853
91	257.58447779488375	0.99365187
92	253.67593815587784	0.9939781
93	249.76739851687194	0.9957378
94	245.858858877866	1.0085092
95	241.9503192388601	1.0010326
96	238.04177959985418	0.9958901
97	234.13323996084827	1.0051235
98	230.22470032184233	1.0034618
99	226.31616068283643	0.9963771
100	222.40762104383052	1.0076007
101	218.4990814048246	0.9947556
102	214.5905417658187	0.98976105
103	210.68200212681276	0.99503344
104	206.77346248780685	1.0016252
105	202.86492284880094	1.0006776
106	198.95638320979504	0.9915092
107	195.0478435707891	1.0109814
108	191.1393039317832	0.9993409
109	187.23076429277728	1.0098517
110	183.32222465377137	1.0035679
111	179.41368501476546	0.98584396
112	175.50514537575953	1.010746
113	171.59660573675362	1.0001742
114	167.6880660977477	1.0109535
115	163.7795264587418	0.99905145
116	159.87098681973586	1.0044348
117	155.96244718072995	1.0029198
118	152.05390754172404	1.000417
119	148.14536790271814	1.005859
120	144.2368282637122	0.98844135
121	140.3282886247063	1.0019761
122	136.41974898570038	0.99960744
123	132.51120934669444	0.9906529
124	128.60266970768853	1.0059668
125	124.69413006868261	0.992075
126	120.78559042967669	0.992505
127	116.87705079067078	1.0071554
128	112.96851115166486	1.0026659
129	109.05997151265895	0.99710536
130	105.15143187365301	0.99952286
131	101.2428922346471	1.0125682
132	97.33435259564118	1.0000448
133	93.42581295663527	0.9984955
134	89.51727331762936	0.99574697
135	85.60873367862344	0.99214023
136	81.70019403961753	1.0026352
137	77.7916544006116	1.0000894
138	73.8831147616057	0.99558794
139	69.97457512259977	1.0051087
140	66.06603548359386	0.99628305
141	62.157495844587956	0.9940743
142	58.24895620558204	0.98890007
143	54.34041656657612	0.9968598
144	50.4318769275702	0.98454237
145	46.523337288564285	1.0028741
146	42.61479764955837	0.99569017
147	38.70625801055245	1.0036848
148	34.797718371546544	1.0020154
149	30.88917873254062	0.9899892
150	26.980639093534702	0.99730027
151	23.07209945452879	1.0069517
152	19.163559815522873	0.9963998
153	15.255020176516956	1.0108631
154	11.346480537511042	1.0189147
155	7.437940898505126	0.95202464
156	3.529401259499209	0.7369761
157	-0.3791383795067074	0.84731466
158	-4.287678018512624	0.98746544
159	-8.19621765751854	1.0010527
160	-12.104757296524456	1.0035021
161	-16.01329693553037	0.9914004
162	-19.921836574536286	0.8584477
163	-23.830376213542205	0.9691462
164	-27.73891585254812	0.9913117
165	-31.647455491554037	1.0021403
166	-35.55599513055995	1.0127395
167	-39.464534769565866	1.0086715
168	-43.37307440857178	1.0003647
169	-47.28161404762802	0.99966997
170	-51.190153686633934	0.9916172
171	-55.09869332563985	0.9961011
172	-59.00723296464577	1.0010965
173	-62.91577260365169	1.0180668
174	-66.82431224265761	0.99330395
175	-70.73285188166352	0.9980447
176	-74.64139152066943	1.010425
177	-78.54993115967537	0.9875231
178	-82.45847079868128	1.0129585
179	-86.3670104376872	0.9998217
180	-90.27555007669311	0.99526405
181	-94.18408971569902	0.9878005
182	-98.09262935470494	0.9985788
183	-102.00116899371085	1.0099528
184	-105.90970863271677	1.0052431
185	-109.81824827172268	0.99721736
186	-113.7267879107286	1.004
187	-117.63532754973451	0.99880403
188	-121.54386718874044	1.003525
189	-125.45240682774634	1.0043787
190	-129.36094646675224	0.99934775
191	-133.26948610575815	1.0037348
192	-137.17802574476408	1.008294
193	-141.08656538377	0.9931232
194	-144.99510502277593	1.0108104
195	-148.90364466178184	0.9973687
196	-152.81218430078775	1.0028073
197	-156.72072393979366	0.99514776
198	-160.6292635787996	0.99583215
199	-164.5378032178055	1.0185535
200	-168.4463428568114	0.984054
201	-172.35488249581732	0.99305665
202	-176.26342213482323	1.0022748
203	-180.17196177382917	0.9988201
204	-184.08050141283508	1.0039167
205	-187.98904105184099	1.0054178
206	-191.8975806908469	1.0175542
207	-195.80612032985283	0.9921215
208	-199.71465996885874	0.99338055
209	-203.62319960786465	0.9957111
210	-207.53173924687056	0.99577075
211	-211.44027888587647	0.9882827
212	-215.3488185248824	0.9992575
213	-219.2573581638883	1.0060803
214	-223.16589780289422	0.9942253
215	-227.07443744190013	0.99402374
216	-230.98297708090607	0.9923838
217	-234.89151671991198	1.0029476
218	-238.80005635891789	0.9992673
219	-242.7085959979238	1.0041243
220	-246.61713563692976	1.008131
221	-250.52567527593567	0.9984194
222	-254.43421491494158	0.99438787
223	-258.3427545539475	1.001084
224	-262.2512941929534	0.9869615
225	-266.1598338319593	1.0016453
226	-270.06837347096524	1.0116997
227	-273.9769131099712	1.0111041
228	-277.88545274897706	0.99730563
229	-281.793992387983	1.0178254
230	-285.7025320269889	1.0087205
231	-289.6110716659948	1.0102226
232	-293.5196113050007	1.0123161
233	-297.42815094400663	0.98788047
234	-301.3366905830125	1.0055752
235	-305.24523022201845	1.011346
236	-309.1537698610244	1.0127215
237	-313.06230950003027	1.0023488
238	-316.97084913903626	0.9966496
239	-320.87938877804214	1.0030186
240	-324.7879284170481	0.99745595
241	-328.696468056054	1.0162686
242	-332.6050076950599	0.9988587
243	-336.51354733406583	1.0
244	-340.42208697307177	1.0
245	-344.33062661207765	1.0
246	-348.2391662510836	1.0
247	-352.14770589008947	1.0
248	-356.0562455290954	1.0
249	-359.96478516810134	1.0
250	-363.8733248071072	1.0
251	-367.78186444611316	1.0
252	-371.69040408511904	1.0
253	-375.598943724125	1.0
254	-379.5074833631309	1.0
255	-383.4160230021368	1.0
256	-387.32456264114273	1.0
257	-391.2331022801486	1.0
258	-395.14164191915455	1.0
259	-399.0501815581605	1.0
260	-402.95872119716637	1.0
261	-406.8672608361723	1.0
262	-410.77580047517824	1.0
263	-414.6843401141841	1.0
264	-418.59287975319006	1.0
265	-422.50141939219594	1.0
266	-426.4099590312019	1.0
267	-430.3184986702078	1.0
268	-434.2270383092137	1.0
269	-438.13557794821963	1.0
