	velocity	Amplitude
0	613.9956981923187	1.0274078
1	610.0871585533127	0.9838904
2	606.178618914307	0.9805626
3	602.270079275301	0.9591406
4	598.3615396362951	0.9605957
5	594.4529999972891	1.0081439
6	590.5444603582831	1.022783
7	586.6359207192774	1.0130161
8	582.7273810802714	0.9969929
9	578.8188414412655	1.0075178
10	574.9103018022596	0.99637693
11	571.0017621632536	1.0211709
12	567.0932225242477	1.0121388
13	563.1846828852418	1.0183214
14	559.2761432462358	1.0422876
15	555.36760360723	0.98283994
16	551.4590639682241	1.0274705
17	547.5505243292182	0.9978076
18	543.6419846902122	1.0455846
19	539.7334450512063	1.0380696
20	535.8249054122005	0.9782189
21	531.9163657731945	0.99961805
22	528.0078261341886	1.0378755
23	524.0992864951827	0.9932189
24	520.1907468561767	1.007298
25	516.2822072171708	1.0023745
26	512.3736675781649	0.99479115
27	508.46512793915906	1.0683181
28	504.5565883001531	0.9860003
29	500.64804866114724	1.0044576
30	496.7395090221413	1.0128418
31	492.8309693831354	0.9664017
32	488.9224297441295	0.9959184
33	485.01389010512355	0.968264
34	481.10535046611767	0.9802622
35	477.19681082711173	1.004765
36	473.28827118810585	1.0038843
37	469.3797315490999	1.0449202
38	465.471191910094	1.023796
39	461.5626522710881	1.0092102
40	457.6541126320821	1.0051713
41	453.74557299307617	0.99313724
42	449.8370333540703	0.97881526
43	445.92849371506435	0.94060534
44	442.0199540760584	1.0147046
45	438.11141443705253	0.99184203
46	434.2028747980466	0.9624771
47	430.2943351590407	1.0107914
48	426.3857955200348	1.0063394
49	422.47725588102884	1.0223489
50	418.56871624202296	1.0296907
51	414.660176603017	1.0009642
52	410.75163696401114	1.0060138
53	406.8430973250052	1.0443327
54	402.93455768599927	1.0110943
55	399.0260180469934	0.9964
56	395.11747840798745	0.9887332
57	391.2089387689312	0.96942544
58	387.3003991299253	1.0115818
59	383.3918594909194	1.0126897
60	379.4833198519135	1.0104015
61	375.57478021290757	0.9949844
62	371.66624057390163	0.9901107
63	367.75770093489575	0.9992514
64	363.8491612958898	1.0050073
65	359.9406216568839	0.9810444
66	356.032082017878	1.0605673
67	352.12354237887206	1.0231668
68	348.2150027398662	0.9995794
69	344.30646310086024	0.9940923
70	340.3979234618543	1.0272698
71	336.4893838228484	0.9923282
72	332.5808441838425	0.9925241
73	328.6723045448366	0.9683665
74	324.76376490583067	1.0125138
75	320.85522526682473	0.92323667
76	316.94668562781885	1.0282515
77	313.0381459888129	1.0199453
78	309.12960634980703	1.0338058
79	305.2210667108011	0.94385016
80	301.31252707179516	0.97619575
81	297.4039874327893	0.9847775
82	293.49544779378334	0.98712313
83	289.5869081547774	1.0018471
84	285.6783685157715	1.0098176
85	281.7698288767656	0.99825275
86	277.86128923775965	1.0309079
87	273.9527495987537	0.9991587
88	270.04420995974783	1.0711857
89	266.1356703207419	0.9712841
90	262.227130681736	0.98770034
91	258.3185910427301	0.9783196
92	254.41005140372414	1.0429237
93	250.50151176471823	1.0375235
94	246.5929721257123	0.97361815
95	242.68443248670638	0.9959929
96	238.77589284770048	0.99341935
97	234.86735320869457	1.0049137
98	230.95881356968863	1.0884087
99	227.05027393068272	0.9624964
100	223.1417342916768	1.045968
101	219.2331946526709	1.0016775
102	215.324655013665	0.9962655
103	211.41611537465906	0.9835411
104	207.50757573565315	1.0074774
105	203.59903609664724	1.0109794
106	199.69049645764133	1.0135787
107	195.7819568186354	1.0073136
108	191.87341717962948	1.0349641
109	187.96487754062358	1.0209116
110	184.05633790161767	0.9927395
111	180.14779826261176	1.0277275
112	176.23925862360582	0.9972992
113	172.3307189845999	0.93773276
114	168.422179345594	1.038381
115	164.5136397065881	0.9818974
116	160.60510006758216	1.031031
117	156.69656042857625	1.038069
118	152.78802078957034	0.9814265
119	148.87948115056443	0.9364789
120	144.9709415115585	1.018111
121	141.06240187255258	0.9890837
122	137.15386223354668	1.0270463
123	133.24532259454074	1.0060691
124	129.33678295553483	1.0234817
125	125.42824331652892	0.9954158
126	121.519703677523	0.96950865
127	117.61116403851709	1.0369604
128	113.70262439951117	0.9988501
129	109.79408476050526	0.9446897
130	105.88554512149932	0.9646757
131	101.97700548249341	1.035102
132	98.06846584348749	0.94739205
133	94.15992620448158	0.99628955
134	90.25138656547567	1.0219904
135	86.34284692646975	1.0145077
136	82.43430728746384	0.9778514
137	78.52576764845792	0.9783614
138	74.617228009452	1.0395114
139	70.70868837044608	0.968756
140	66.80014873144017	0.9953637
141	62.891609092434265	0.9765822
142	58.98306945342835	0.99473184
143	55.07452981442243	1.0213027
144	51.16599017541651	0.9677458
145	47.257450536410595	1.0284454
146	43.34891089740468	1.0255865
147	39.44037125839876	0.97010803
148	35.531831619392854	0.9963929
149	31.62329198038693	1.0815948
150	27.71475234138101	0.91766447
151	23.8062127023751	1.0134281
152	19.897673063369183	1.0265063
153	15.989133424363267	1.0003492
154	12.080593785357351	1.0102254
155	8.172054146351435	1.006807
156	4.263514507345519	0.90447164
157	0.3549748683396025	0.7485179
158	-3.5535647706663136	0.87366587
159	-7.4621044096722295	0.99211967
160	-11.370644048678145	1.0056025
161	-15.27918368768406	1.0116227
162	-19.187723326689976	0.9769586
163	-23.096262965695896	0.98724335
164	-27.004802604701812	0.9997634
165	-30.913342243707728	0.97998345
166	-34.82188188271364	0.9930603
167	-38.730421521719556	0.9824881
168	-42.63896116072547	0.9920955
169	-46.54750079978171	1.017536
170	-50.456040438787625	1.0668293
171	-54.36458007779354	1.0371827
172	-58.273119716799464	0.99030787
173	-62.18165935580538	0.9810477
174	-66.0901989948113	1.0195494
175	-69.99873863381721	0.9278395
176	-73.90727827282312	1.0076828
177	-77.81581791182906	1.0166448
178	-81.72435755083497	1.0310168
179	-85.63289718984089	0.98500884
180	-89.5414368288468	0.9791375
181	-93.44997646785271	1.0506365
182	-97.35851610685863	0.94996214
183	-101.26705574586454	1.0001674
184	-105.17559538487046	0.9402986
185	-109.08413502387637	1.0095038
186	-112.9926746628823	1.0277786
187	-116.9012143018882	1.0681531
188	-120.80975394089413	0.98150796
189	-124.71829357990003	0.98205525
190	-128.62683321890594	0.9985977
191	-132.53537285791185	0.95517236
192	-136.4439124969178	0.9777758
193	-140.3524521359237	0.99266803
194	-144.26099177492964	0.99000674
195	-148.16953141393554	0.9739601
196	-152.07807105294145	1.0204808
197	-155.98661069194736	0.9842242
198	-159.8951503309533	0.9499909
199	-163.8036899699592	1.0249943
200	-167.71222960896512	1.0701492
201	-171.62076924797103	1.017478
202	-175.52930888697693	1.0006436
203	-179.43784852598287	0.98979867
204	-183.34638816498878	0.97833556
205	-187.2549278039947	0.95550895
206	-191.1634674430006	1.0356104
207	-195.07200708200654	1.0099385
208	-198.98054672101244	0.9747907
209	-202.88908636001835	0.95947313
210	-206.79762599902426	1.0276065
211	-210.70616563803017	1.0341728
212	-214.6147052770361	1.0063894
213	-218.52324491604202	0.9967226
214	-222.43178455504793	1.0357169
215	-226.34032419405384	0.9682022
216	-230.24886383305977	1.0239943
217	-234.15740347206568	1.0039185
218	-238.0659431110716	1.0145292
219	-241.9744827500775	0.9495795
220	-245.88302238908346	0.9871338
221	-249.79156202808937	0.97041
222	-253.70010166709528	1.0004774
223	-257.60864130610116	1.0127676
224	-261.5171809451071	0.9795609
225	-265.425720584113	0.9881396
226	-269.3342602231189	1.0074307
227	-273.24279986212485	1.0088627
228	-277.15133950113074	1.0233318
229	-281.0598791401367	1.0241088
230	-284.96841877914255	0.9931637
231	-288.8769584181485	0.97188526
232	-292.78549805715437	1.0452466
233	-296.6940376961603	1.0381705
234	-300.6025773351662	1.0246593
235	-304.5111169741721	1.0324366
236	-308.41965661317806	1.0153668
237	-312.32819625218394	0.9689683
238	-316.23673589118994	0.9972634
239	-320.1452755301958	1.0036795
240	-324.05381516920175	1.0039446
241	-327.9623548082077	0.9747861
242	-331.8708944472136	0.97195905
243	-335.7794340862195	1.0
244	-339.68797372522545	1.0
245	-343.5965133642313	1.0
246	-347.50505300323726	1.0
247	-351.41359264224315	1.0
248	-355.3221322812491	1.0
249	-359.230671920255	1.0
250	-363.1392115592609	1.0
251	-367.04775119826684	1.0
252	-370.9562908372727	1.0
253	-374.86483047627866	1.0
254	-378.7733701152846	1.0
255	-382.6819097542905	1.0
256	-386.5904493932964	1.0
257	-390.4989890323023	1.0
258	-394.4075286713082	1.0
259	-398.31606831031417	1.0
260	-402.22460794932005	1.0
261	-406.133147588326	1.0
262	-410.0416872273319	1.0
263	-413.9502268663378	1.0
264	-417.85876650534374	1.0
265	-421.7673061443496	1.0
266	-425.67584578335556	1.0
267	-429.5843854223615	1.0
268	-433.4929250613674	1.0
269	-437.4014647003733	1.0
