	velocity	Amplitude
0	613.3696106574977	0.97515583
1	609.4610710184917	1.0118372
2	605.5525313794859	0.9964704
3	601.6439917404799	1.0102646
4	597.735452101474	1.026818
5	593.826912462468	1.0127158
6	589.918372823462	1.0054418
7	586.0098331844563	1.0117782
8	582.1012935454503	1.0239903
9	578.1927539064444	1.0028758
10	574.2842142674385	0.9809268
11	570.3756746284325	1.0028955
12	566.4671349894267	1.0417368
13	562.5585953504208	0.9770153
14	558.6500557114148	1.0180646
15	554.7415160724089	0.9832611
16	550.832976433403	0.99953705
17	546.9244367943971	0.9849055
18	543.0158971553911	1.0015734
19	539.1073575163853	1.0194441
20	535.1988178773794	1.0167964
21	531.2902782383734	1.0366809
22	527.3817385993675	0.9742959
23	523.4731989603616	1.0297346
24	519.5646593213556	1.0063568
25	515.6561196823498	0.96988344
26	511.7475800433439	1.0263407
27	507.83904040433794	0.99332523
28	503.930500765332	0.9977635
29	500.0219611263261	0.9881393
30	496.1134214873202	1.0030099
31	492.2048818483143	1.0521843
32	488.29634220930836	0.9934268
33	484.3878025703024	1.0188434
34	480.47926293129655	0.96700805
35	476.5707232922906	0.9950212
36	472.6621836532847	0.95703596
37	468.7536440142788	0.976547
38	464.84510437527285	0.95400757
39	460.936564736267	0.9633435
40	457.028025097261	0.9802048
41	453.11948545825504	0.99541533
42	449.21094581924916	0.9870598
43	445.3024061802432	1.0130321
44	441.3938665412373	0.9661374
45	437.4853269022314	1.0311646
46	433.57678726322547	1.0081064
47	429.6682476242196	0.9694921
48	425.75970798521365	0.9659936
49	421.8511683462077	0.9912295
50	417.94262870720183	1.0381737
51	414.0340890681959	0.9919354
52	410.12554942919	0.98181
53	406.2170097901841	0.9913964
54	402.30847015117814	1.006117
55	398.39993051217226	0.99008965
56	394.4913908731663	0.98479205
57	390.5828512341101	0.99325967
58	386.6743115951042	0.99318075
59	382.76577195609826	0.9794368
60	378.8572323170924	1.0322447
61	374.94869267808645	1.0010647
62	371.0401530390805	1.0159465
63	367.1316134000746	1.0070424
64	363.2230737610687	1.0287286
65	359.31453412206275	1.0011925
66	355.4059944830569	0.96958476
67	351.49745484405094	1.0049013
68	347.58891520504505	1.0103934
69	343.6803755660391	1.0404451
70	339.7718359270332	0.99386525
71	335.8632962880273	1.0277636
72	331.95475664902136	0.995398
73	328.0462170100155	0.96614665
74	324.13767737100954	0.9983361
75	320.2291377320036	1.0200019
76	316.3205980929977	0.9693029
77	312.4120584539918	0.9983236
78	308.5035188149859	1.0389357
79	304.59497917598	1.0028447
80	300.68643953697404	1.010408
81	296.77789989796815	1.0253614
82	292.8693602589622	0.9805436
83	288.9608206199563	0.9916261
84	285.0522809809504	1.0105294
85	281.14374134194446	1.0049798
86	277.2352017029385	0.982662
87	273.3266620639326	0.98414284
88	269.4181224249267	0.9961118
89	265.50958278592077	0.99662334
90	261.6010431469149	0.92803967
91	257.69250350790895	0.980064
92	253.78396386890304	0.99111325
93	249.87542422989713	0.97343886
94	245.9668845908912	1.0060552
95	242.0583449518853	0.99068946
96	238.14980531287938	0.98972964
97	234.24126567387347	0.97920716
98	230.33272603486753	1.0077314
99	226.42418639586162	1.0457281
100	222.51564675685572	0.99736834
101	218.6071071178498	0.99660933
102	214.6985674788439	1.0183495
103	210.79002783983796	0.9596413
104	206.88148820083205	1.0724409
105	202.97294856182614	1.0212569
106	199.06440892282023	1.0247904
107	195.1558692838143	1.000093
108	191.2473296448084	1.0064338
109	187.33879000580248	0.95700336
110	183.43025036679657	1.0302579
111	179.52171072779066	1.0293453
112	175.61317108878472	0.9898973
113	171.70463144977882	1.011637
114	167.7960918107729	1.0022149
115	163.887552171767	0.9295624
116	159.97901253276106	1.0330696
117	156.07047289375515	0.9955791
118	152.16193325474924	1.0375316
119	148.25339361574333	1.009235
120	144.3448539767374	1.0352129
121	140.4363143377315	0.9987581
122	136.52777469872558	1.0533153
123	132.61923505971964	0.98045623
124	128.71069542071373	0.98511636
125	124.80215578170781	0.970247
126	120.89361614270189	1.0333697
127	116.98507650369598	0.9949918
128	113.07653686469006	1.0045763
129	109.16799722568415	0.963657
130	105.25945758667821	1.0223342
131	101.3509179476723	0.99667215
132	97.44237830866638	1.0294867
133	93.53383866966047	0.9959943
134	89.62529903065456	0.9822687
135	85.71675939164864	1.0570453
136	81.80821975264273	1.0337994
137	77.8996801136368	1.0454692
138	73.9911404746309	0.9940944
139	70.08260083562497	1.0016905
140	66.17406119661906	0.9918942
141	62.265521557613155	1.0095067
142	58.35698191860724	1.0212144
143	54.448442279601316	1.0069594
144	50.5399026405954	0.9873325
145	46.631363001589484	0.989685
146	42.72282336258357	0.98423046
147	38.81428372357765	1.023595
148	34.905744084571744	0.98697305
149	30.99720444556582	0.96078193
150	27.0886648065599	1.0450356
151	23.18012516755399	1.026666
152	19.271585528548073	0.9825344
153	15.363045889542155	1.051143
154	11.454506250536241	1.0167629
155	7.545966611530324	0.9202052
156	3.637426972524408	0.6529453
157	-0.2711126664815083	0.91669095
158	-4.179652305487425	0.99842775
159	-8.08819194449334	0.9824135
160	-11.996731583499257	1.017278
161	-15.905271222505172	0.94488674
162	-19.813810861511087	0.9780561
163	-23.722350500517006	0.99326074
164	-27.630890139522922	0.98660696
165	-31.539429778528838	1.0115976
166	-35.44796941753475	1.0157691
167	-39.356509056540666	1.0142895
168	-43.26504869554658	1.046502
169	-47.17358833460282	0.9970185
170	-51.082127973608735	1.0418544
171	-54.99066761261465	1.0005918
172	-58.899207251620574	0.9941273
173	-62.80774689062649	1.0366176
174	-66.71628652963241	1.0269167
175	-70.62482616863832	0.9857891
176	-74.53336580764423	1.0003527
177	-78.44190544665017	1.0160826
178	-82.35044508565608	1.0016999
179	-86.258984724662	0.9889333
180	-90.16752436366791	0.97291195
181	-94.07606400267382	0.9877584
182	-97.98460364167974	0.9895391
183	-101.89314328068565	1.0207466
184	-105.80168291969157	0.9657833
185	-109.71022255869748	1.0152706
186	-113.6187621977034	1.0189904
187	-117.52730183670931	1.0518106
188	-121.43584147571524	0.9921951
189	-125.34438111472114	1.0227993
190	-129.25292075372704	1.0056688
191	-133.16146039273295	1.0027832
192	-137.07000003173889	0.9697933
193	-140.9785396707448	0.9884453
194	-144.88707930975073	1.0128129
195	-148.79561894875664	0.9910166
196	-152.70415858776255	0.9500173
197	-156.61269822676846	0.9706696
198	-160.5212378657744	0.9936823
199	-164.4297775047803	1.0034534
200	-168.3383171437862	1.0013449
201	-172.24685678279212	0.9668025
202	-176.15539642179803	0.99955577
203	-180.06393606080397	0.9935295
204	-183.97247569980988	1.0054357
205	-187.88101533881579	0.97332513
206	-191.7895549778217	1.0299786
207	-195.69809461682763	1.0277623
208	-199.60663425583354	1.0063772
209	-203.51517389483945	0.97902423
210	-207.42371353384536	1.033521
211	-211.33225317285127	0.9847841
212	-215.2407928118572	0.99613994
213	-219.1493324508631	1.0347688
214	-223.05787208986902	0.9983193
215	-226.96641172887493	1.0072585
216	-230.87495136788087	0.9868802
217	-234.78349100688678	1.0021136
218	-238.6920306458927	0.97628224
219	-242.6005702848986	1.0347905
220	-246.50910992390456	0.9812106
221	-250.41764956291047	1.01295
222	-254.32618920191638	0.9877199
223	-258.2347288409223	0.99420196
224	-262.1432684799282	1.0077362
225	-266.0518081189341	1.0311838
226	-269.96034775794004	1.0023249
227	-273.868887396946	0.9283628
228	-277.77742703595186	1.0050906
229	-281.6859666749578	1.0191348
230	-285.5945063139637	0.9790749
231	-289.5030459529696	1.0298477
232	-293.4115855919755	0.9964904
233	-297.32012523098143	0.9724227
234	-301.2286648699873	0.9885686
235	-305.13720450899325	0.9950893
236	-309.0457441479992	0.9810745
237	-312.95428378700507	1.0078273
238	-316.86282342601106	1.0490663
239	-320.77136306501694	0.9891432
240	-324.6799027040229	1.018006
241	-328.5884423430288	1.0017129
242	-332.4969819820347	1.0606912
243	-336.40552162104063	1.0
244	-340.31406126004657	1.0
245	-344.22260089905245	1.0
246	-348.1311405380584	1.0
247	-352.03968017706427	1.0
248	-355.9482198160702	1.0
249	-359.85675945507614	1.0
250	-363.765299094082	1.0
251	-367.67383873308796	1.0
252	-371.58237837209384	1.0
253	-375.4909180110998	1.0
254	-379.3994576501057	1.0
255	-383.3079972891116	1.0
256	-387.21653692811753	1.0
257	-391.1250765671234	1.0
258	-395.03361620612935	1.0
259	-398.9421558451353	1.0
260	-402.85069548414117	1.0
261	-406.7592351231471	1.0
262	-410.66777476215304	1.0
263	-414.5763144011589	1.0
264	-418.48485404016486	1.0
265	-422.39339367917074	1.0
266	-426.3019333181767	1.0
267	-430.2104729571826	1.0
268	-434.1190125961885	1.0
269	-438.02755223519443	1.0
