	velocity	Amplitude
0	613.4081294531525	1.0678692
1	609.4995898141465	1.0029746
2	605.5910501751407	1.0057471
3	601.6825105361347	1.0337585
4	597.7739708971288	0.98247236
5	593.8654312581228	0.9854368
6	589.9568916191168	0.9658443
7	586.0483519801111	1.0529035
8	582.1398123411051	1.0554327
9	578.2312727020992	0.99653316
10	574.3227330630933	1.0645486
11	570.4141934240873	1.0255835
12	566.5056537850814	1.0158339
13	562.5971141460756	0.982088
14	558.6885745070696	0.96317744
15	554.7800348680637	1.0029016
16	550.8714952290578	0.97409624
17	546.9629555900519	0.965475
18	543.0544159510459	0.9550757
19	539.1458763120401	0.9842797
20	535.2373366730342	0.95359814
21	531.3287970340282	0.9771783
22	527.4202573950223	1.0294365
23	523.5117177560164	0.9807538
24	519.6031781170104	0.93607676
25	515.6946384780045	1.0584234
26	511.78609883899867	0.9994336
27	507.87755919999273	1.0661215
28	503.9690195609868	0.9860111
29	500.0604799219809	0.9497061
30	496.151940282975	1.0552697
31	492.2434006439691	1.0347186
32	488.33486100496316	1.029448
33	484.4263213659572	1.0712373
34	480.51778172695134	0.9619674
35	476.6092420879454	1.0168328
36	472.7007024489395	0.964696
37	468.7921628099336	0.98392457
38	464.88362317092765	1.0070316
39	460.97508353192177	0.9880412
40	457.0665438929158	0.93724436
41	453.15800425390984	1.011304
42	449.24946461490396	0.9552113
43	445.340924975898	1.0247915
44	441.4323853368921	1.0059824
45	437.5238456978862	0.9687355
46	433.61530605888026	0.98532826
47	429.7067664198744	0.97909707
48	425.79822678086845	1.022206
49	421.8896871418625	1.0046812
50	417.98114750285663	0.9525676
51	414.0726078638507	0.99036074
52	410.1640682248448	0.96914375
53	406.2555285858389	1.022939
54	402.34698894683294	0.9832839
55	398.43844930782706	0.9836634
56	394.5299096688211	1.059705
57	390.6213700297649	1.0113475
58	386.712830390759	1.0046165
59	382.80429075175306	1.0214587
60	378.8957511127472	0.9800812
61	374.98721147374124	0.9255392
62	371.0786718347353	1.0188314
63	367.1701321957294	1.0188428
64	363.2615925567235	0.9834192
65	359.35305291771755	1.0470067
66	355.44451327871167	0.9967534
67	351.53597363970573	1.0832615
68	347.62743400069985	0.9971197
69	343.7188943616939	1.0749724
70	339.810354722688	0.9901688
71	335.9018150836821	1.0125457
72	331.99327544467616	1.0437949
73	328.0847358056703	0.88342726
74	324.17619616666434	1.0291578
75	320.2676565276584	0.9936285
76	316.3591168886525	1.0754544
77	312.4505772496466	0.9938234
78	308.5420376106407	1.0690541
79	304.63349797163477	1.0416155
80	300.72495833262883	1.0096958
81	296.81641869362295	1.015557
82	292.907879054617	0.9944527
83	288.9993394156111	1.0540965
84	285.0907997766052	1.040491
85	281.18226013759926	1.0011921
86	277.2737204985933	0.98406965
87	273.3651808595874	0.9794152
88	269.4566412205815	1.0081197
89	265.54810158157557	1.0166047
90	261.6395619425697	0.93046886
91	257.73102230356375	1.0431577
92	253.82248266455784	0.9932812
93	249.91394302555193	1.0550932
94	246.005403386546	0.95925224
95	242.09686374754008	0.98772794
96	238.18832410853418	0.98398423
97	234.27978446952827	0.9693073
98	230.37124483052233	1.0473057
99	226.46270519151642	0.9943715
100	222.5541655525105	0.9824302
101	218.6456259135046	1.0241634
102	214.7370862744987	0.99559003
103	210.82854663549276	1.0261227
104	206.92000699648685	0.9622174
105	203.01146735748094	0.96902674
106	199.10292771847503	0.9712435
107	195.1943880794691	1.005153
108	191.28584844046318	0.99772036
109	187.37730880145727	0.9458708
110	183.46876916245137	0.9177311
111	179.56022952344546	0.9202784
112	175.65168988443952	0.9752197
113	171.7431502454336	0.9609713
114	167.8346106064277	0.97892785
115	163.9260709674218	0.9241521
116	160.01753132841586	0.94911546
117	156.10899168940995	0.94625837
118	152.20045205040404	1.0150527
119	148.29191241139813	0.95655274
120	144.3833727723922	0.9266871
121	140.47483313338628	1.026618
122	136.56629349438037	1.0373535
123	132.65775385537444	1.0397065
124	128.74921421636853	1.004051
125	124.84067457736262	1.0187632
126	120.9321349383567	0.9479807
127	117.02359529935079	0.94456416
128	113.11505566034486	0.97580475
129	109.20651602133896	0.91188586
130	105.29797638233302	1.0249571
131	101.38943674332711	1.0327482
132	97.48089710432119	0.95956504
133	93.57235746531528	1.0690324
134	89.66381782630937	1.0069607
135	85.75527818730345	1.0331062
136	81.84673854829754	1.0293099
137	77.93819890929161	1.0272629
138	74.0296592702857	1.0245131
139	70.12111963127978	1.0709592
140	66.21257999227387	0.994652
141	62.30404035326795	0.98733425
142	58.395500714262035	1.0232601
143	54.48696107525611	1.0131782
144	50.578421436250196	0.954192
145	46.66988179724428	0.9574315
146	42.761342158238364	0.94350827
147	38.85280251923245	1.0618849
148	34.94426288022654	0.99040276
149	31.03572324122062	1.0132536
150	27.1271836022147	0.96886975
151	23.218643963208788	1.032614
152	19.31010432420287	1.0256686
153	15.401564685196956	1.0123547
154	11.493025046191041	1.0243104
155	7.584485407185124	0.90327716
156	3.675945768179208	0.5814386
157	-0.23259387082670863	0.9973404
158	-4.141133509832625	0.95171934
159	-8.04967314883854	0.985417
160	-11.958212787844456	0.85610294
161	-15.866752426850372	1.0005251
162	-19.775292065856288	0.9808721
163	-23.683831704862207	1.0910542
164	-27.592371343868123	0.9959577
165	-31.50091098287404	1.0276933
166	-35.409450621879955	1.061657
167	-39.31799026088587	0.9825322
168	-43.22652989989179	1.0096885
169	-47.135069538948024	0.9902281
170	-51.04360917795394	1.0086527
171	-54.952148816959856	0.9495226
172	-58.86068845596578	0.9756029
173	-62.769228094971695	0.97450966
174	-66.6777677339776	1.0307504
175	-70.58630737298351	1.049906
176	-74.49484701198942	1.049731
177	-78.40338665099536	0.9717794
178	-82.31192629000127	1.0245078
179	-86.22046592900719	1.0139643
180	-90.1290055680131	1.0044036
181	-94.03754520701901	0.9834277
182	-97.94608484602493	1.0240736
183	-101.85462448503084	0.99084747
184	-105.76316412403676	1.0261745
185	-109.67170376304267	1.0247598
186	-113.5802434020486	1.008123
187	-117.4887830410545	0.9883983
188	-121.39732268006043	1.0496849
189	-125.30586231906634	1.0107777
190	-129.21440195807224	0.9942482
191	-133.12294159707815	1.0200256
192	-137.0314812360841	0.9942198
193	-140.94002087509	1.0359584
194	-144.84856051409594	0.9932113
195	-148.75710015310185	0.99525297
196	-152.66563979210775	1.0419196
197	-156.57417943111366	0.9986726
198	-160.4827190701196	0.9920498
199	-164.3912587091255	0.9651929
200	-168.29979834813142	1.0044626
201	-172.20833798713733	0.9595254
202	-176.11687762614324	0.9370053
203	-180.02541726514917	1.0072154
204	-183.93395690415508	0.9873698
205	-187.842496543161	1.0267975
206	-191.7510361821669	1.01676
207	-195.65957582117284	1.0071377
208	-199.56811546017875	0.9934798
209	-203.47665509918465	1.0014929
210	-207.38519473819056	1.0757772
211	-211.29373437719647	1.0413791
212	-215.2022740162024	1.0112108
213	-219.11081365520832	1.05845
214	-223.01935329421423	0.9827785
215	-226.92789293322014	1.0232527
216	-230.83643257222607	1.0673221
217	-234.74497221123198	0.9603667
218	-238.6535118502379	0.97858286
219	-242.5620514892438	0.98455
220	-246.47059112824977	1.082756
221	-250.37913076725567	0.92194676
222	-254.28767040626158	0.9654466
223	-258.1962100452675	0.93825275
224	-262.10474968427343	1.0084554
225	-266.0132893232793	0.97194123
226	-269.92182896228525	0.9895999
227	-273.8303686012912	0.9961878
228	-277.73890824029706	0.98785007
229	-281.647447879303	1.0361288
230	-285.5559875183089	1.0279156
231	-289.4645271573148	1.0041519
232	-293.3730667963207	1.004276
233	-297.28160643532664	0.9923596
234	-301.1901460743325	0.9968087
235	-305.09868571333845	1.0543295
236	-309.0072253523444	1.0030814
237	-312.9157649913503	1.068257
238	-316.82430463035627	1.0212932
239	-320.73284426936215	1.0706873
240	-324.6413839083681	0.99755114
241	-328.549923547374	0.95612246
242	-332.4584631863799	0.95885426
243	-336.36700282538584	1.0
244	-340.2755424643918	1.0
245	-344.18408210339766	1.0
246	-348.0926217424036	1.0
247	-352.0011613814095	1.0
248	-355.9097010204154	1.0
249	-359.81824065942135	1.0
250	-363.72678029842723	1.0
251	-367.63531993743317	1.0
252	-371.54385957643905	1.0
253	-375.452399215445	1.0
254	-379.3609388544509	1.0
255	-383.2694784934568	1.0
256	-387.17801813246274	1.0
257	-391.0865577714686	1.0
258	-394.99509741047456	1.0
259	-398.9036370494805	1.0
260	-402.8121766884864	1.0
261	-406.7207163274923	1.0
262	-410.62925596649825	1.0
263	-414.53779560550413	1.0
264	-418.44633524451007	1.0
265	-422.35487488351595	1.0
266	-426.2634145225219	1.0
267	-430.1719541615278	1.0
268	-434.0804938005337	1.0
269	-437.98903343953964	1.0
