	velocity	Amplitude
0	614.4949159517448	1.002886
1	610.5863763127388	0.97176236
2	606.677836673733	0.9754981
3	602.7692970347271	0.99585056
4	598.8607573957212	0.9955499
5	594.9522177567152	1.0159627
6	591.0436781177092	0.99338686
7	587.1351384787034	1.0241845
8	583.2265988396974	1.0117875
9	579.3180592006916	1.0134283
10	575.4095195616857	1.0096629
11	571.5009799226797	1.0087442
12	567.5924402836738	0.98607755
13	563.6839006446679	1.0006794
14	559.7753610056619	1.0064847
15	555.866821366656	0.9966326
16	551.9582817276502	0.9926154
17	548.0497420886443	1.0140635
18	544.1412024496383	0.9943285
19	540.2326628106324	1.0002837
20	536.3241231716265	1.0075986
21	532.4155835326205	1.0055214
22	528.5070438936147	0.98736995
23	524.5985042546088	1.008667
24	520.6899646156028	0.9910339
25	516.7814249765969	0.9967077
26	512.872885337591	0.9557117
27	508.96434569858513	0.99558246
28	505.0558060595792	0.9894421
29	501.1472664205733	1.0065802
30	497.2387267815674	1.0093509
31	493.3301871425615	1.0114164
32	489.42164750355556	1.0183206
33	485.5131078645496	0.96284074
34	481.60456822554374	1.0011171
35	477.6960285865378	0.99213976
36	473.7874889475319	0.9766482
37	469.878949308526	0.98823225
38	465.97040966952005	1.0045422
39	462.06187003051417	0.9877853
40	458.1533303915082	1.0169239
41	454.24479075250224	1.0067444
42	450.33625111349636	0.99539334
43	446.4277114744904	0.96817136
44	442.5191718354845	1.0413395
45	438.6106321964786	1.0081242
46	434.70209255747267	1.0064971
47	430.7935529184668	1.0092391
48	426.88501327946085	0.9924003
49	422.9764736404549	0.99408096
50	419.06793400144903	0.9927452
51	415.1593943624431	0.9946838
52	411.2508547234372	0.9809698
53	407.3423150844313	0.9925332
54	403.43377544542534	1.002917
55	399.52523580641946	1.0128547
56	395.6166961674135	1.0192584
57	391.7081565283573	0.9983566
58	387.7996168893514	1.0115231
59	383.89107725034546	0.9712747
60	379.9825376113396	0.9912757
61	376.07399797233364	1.010563
62	372.1654583333277	1.0027031
63	368.2569186943218	1.0137748
64	364.3483790553159	1.0065969
65	360.43983941630995	1.0174292
66	356.53129977730407	1.0050216
67	352.62276013829813	0.99921626
68	348.71422049929225	1.0082363
69	344.8056808602863	0.9921718
70	340.8971412212804	0.99302673
71	336.9886015822745	0.9968672
72	333.08006194326856	0.99559844
73	329.1715223042627	1.005269
74	325.26298266525674	0.98520064
75	321.3544430262508	1.002156
76	317.4459033872449	1.0092152
77	313.537363748239	1.0045749
78	309.6288241092331	0.9827
79	305.72028447022717	1.0179696
80	301.81174483122123	0.9968431
81	297.90320519221535	1.0106916
82	293.9946655532094	0.9971295
83	290.0861259142035	0.98561645
84	286.1775862751976	1.0030999
85	282.26904663619166	0.998724
86	278.3605069971857	0.9941195
87	274.4519673581798	1.0147734
88	270.5434277191739	0.99386346
89	266.63488808016797	0.98948175
90	262.7263484411621	0.99869907
91	258.81780880215615	1.0020071
92	254.90926916315024	1.0049206
93	251.00072952414433	1.0095868
94	247.0921898851384	0.9739104
95	243.1836502461325	1.0039498
96	239.27511060712658	0.99879014
97	235.36657096812067	1.0103894
98	231.45803132911473	1.0036471
99	227.54949169010882	1.0107675
100	223.64095205110291	1.0205976
101	219.732412412097	1.0001975
102	215.8238727730911	1.0024512
103	211.91533313408516	1.0143138
104	208.00679349507925	1.0101385
105	204.09825385607334	1.0013431
106	200.18971421706743	1.0202459
107	196.2811745780615	1.0023423
108	192.3726349390556	0.97712415
109	188.46409530004968	1.0024167
110	184.55555566104377	0.9997512
111	180.64701602203786	0.9838453
112	176.73847638303192	1.0100737
113	172.829936744026	0.9880058
114	168.9213971050201	0.9922165
115	165.0128574660142	1.0049942
116	161.10431782700826	1.003311
117	157.19577818800235	1.0046493
118	153.28723854899644	1.0291616
119	149.37869890999053	0.9824654
120	145.4701592709846	1.0216559
121	141.5616196319787	1.0139059
122	137.65307999297278	1.0009696
123	133.74454035396684	1.0368171
124	129.83600071496093	0.98415834
125	125.92746107595501	0.9803635
126	122.01892143694909	0.98993057
127	118.11038179794318	0.9925824
128	114.20184215893725	1.0147009
129	110.29330251993134	1.0042768
130	106.38476288092541	1.011077
131	102.4762232419195	0.9907489
132	98.56768360291358	0.99202013
133	94.65914396390767	1.0125551
134	90.75060432490176	0.99557745
135	86.84206468589583	1.0122185
136	82.93352504688993	0.99978447
137	79.024985407884	1.0053809
138	75.1164457688781	1.0095903
139	71.20790612987217	0.9828822
140	67.29936649086626	1.0110621
141	63.390826851860346	1.0005053
142	59.48228721285443	1.0008619
143	55.57374757384851	0.9821318
144	51.66520793484259	0.99912584
145	47.756668295836675	0.98656934
146	43.84812865683076	0.99296224
147	39.939589017824844	1.0042318
148	36.031049378818935	0.98592854
149	32.12250973981302	0.98396015
150	28.213970100807096	0.9814005
151	24.305430461801183	0.9821397
152	20.396890822795267	0.98928714
153	16.48835118378935	0.99580455
154	12.579811544783436	1.0092008
155	8.67127190577752	1.0456775
156	4.762732266771603	0.87459165
157	0.8541926277656866	0.6607561
158	-3.0543470112402296	0.970047
159	-6.962886650246146	0.99742264
160	-10.871426289252062	0.9907037
161	-14.779965928257978	1.0033231
162	-18.688505567263892	0.9943793
163	-22.59704520626981	0.9896786
164	-26.505584845275727	1.0145749
165	-30.414124484281643	0.95565
166	-34.32266412328756	0.97981125
167	-38.231203762293475	0.99081016
168	-42.13974340129939	0.9894893
169	-46.04828304035563	0.9879356
170	-49.956822679361544	0.97840697
171	-53.86536231836746	1.0113343
172	-57.77390195737338	0.98754686
173	-61.6824415963793	0.99453175
174	-65.59098123538521	1.0135437
175	-69.49952087439112	1.0066853
176	-73.40806051339703	1.0048509
177	-77.31660015240297	0.99197
178	-81.22513979140888	1.0029515
179	-85.1336794304148	1.0121715
180	-89.04221906942071	0.9927702
181	-92.95075870842662	0.9707248
182	-96.85929834743254	1.0065503
183	-100.76783798643845	0.98083776
184	-104.67637762544437	0.9807199
185	-108.58491726445028	1.0167174
186	-112.4934569034562	1.0161973
187	-116.40199654246211	0.9757975
188	-120.31053618146804	1.0130451
189	-124.21907582047395	1.0172833
190	-128.12761545947984	0.99642813
191	-132.03615509848575	0.999645
192	-135.9446947374917	0.9735214
193	-139.8532343764976	1.0067804
194	-143.76177401550353	0.96472985
195	-147.67031365450944	0.9955828
196	-151.57885329351535	1.0148627
197	-155.48739293252126	0.9986104
198	-159.3959325715272	1.0167108
199	-163.3044722105331	0.9909662
200	-167.21301184953901	1.005754
201	-171.12155148854492	0.99673384
202	-175.03009112755083	1.0028765
203	-178.93863076655677	1.0110012
204	-182.84717040556268	1.0202537
205	-186.7557100445686	0.9999292
206	-190.6642496835745	1.0055748
207	-194.57278932258043	1.0140649
208	-198.48132896158634	1.0226189
209	-202.38986860059225	1.0104299
210	-206.29840823959816	0.98174375
211	-210.20694787860407	1.0176755
212	-214.11548751761	0.994976
213	-218.02402715661592	0.985782
214	-221.93256679562182	1.0039666
215	-225.84110643462773	0.98462814
216	-229.74964607363367	1.0171614
217	-233.65818571263958	1.0209494
218	-237.5667253516455	1.0071659
219	-241.4752649906514	1.0017014
220	-245.38380462965736	0.97784525
221	-249.29234426866327	0.9932195
222	-253.20088390766918	0.9769681
223	-257.1094235466751	0.99405634
224	-261.017963185681	0.9981941
225	-264.9265028246869	1.0168853
226	-268.83504246369284	1.0011182
227	-272.7435821026988	0.9958842
228	-276.65212174170466	1.0025365
229	-280.5606613807106	0.99265325
230	-284.4692010197165	1.0049877
231	-288.3777406587224	1.0050552
232	-292.2862802977283	1.0228984
233	-296.19481993673423	1.008705
234	-300.1033595757401	0.9870907
235	-304.01189921474605	1.0060427
236	-307.920438853752	1.0105791
237	-311.82897849275787	0.9949548
238	-315.73751813176386	1.0185461
239	-319.64605777076974	1.003624
240	-323.5545974097757	1.0264844
241	-327.4631370487816	0.9871412
242	-331.3716766877875	1.0232346
243	-335.28021632679344	1.0
244	-339.1887559657994	1.0
245	-343.09729560480525	1.0
246	-347.0058352438112	1.0
247	-350.91437488281707	1.0
248	-354.822914521823	1.0
249	-358.73145416082895	1.0
250	-362.6399937998348	1.0
251	-366.54853343884076	1.0
252	-370.45707307784664	1.0
253	-374.3656127168526	1.0
254	-378.2741523558585	1.0
255	-382.1826919948644	1.0
256	-386.09123163387034	1.0
257	-389.9997712728762	1.0
258	-393.90831091188215	1.0
259	-397.8168505508881	1.0
260	-401.725390189894	1.0
261	-405.6339298288999	1.0
262	-409.54246946790585	1.0
263	-413.4510091069117	1.0
264	-417.35954874591766	1.0
265	-421.26808838492354	1.0
266	-425.1766280239295	1.0
267	-429.0851676629354	1.0
268	-432.9937073019413	1.0
269	-436.90224694094724	1.0
