	velocity	Amplitude
0	613.4573949832561	0.9884585
1	609.5488553442501	0.9924706
2	605.6403157052443	0.98704886
3	601.7317760662384	1.0408549
4	597.8232364272325	1.0302967
5	593.9146967882265	0.96165
6	590.0061571492205	1.0205015
7	586.0976175102147	0.97315687
8	582.1890778712087	0.9907088
9	578.2805382322028	0.97233176
10	574.371998593197	1.0153004
11	570.463458954191	1.0073389
12	566.5549193151851	1.029067
13	562.6463796761792	0.99411213
14	558.7378400371732	1.0157229
15	554.8293003981673	0.98258567
16	550.9207607591615	1.0163344
17	547.0122211201556	1.0009054
18	543.1036814811496	1.0209603
19	539.1951418421437	1.0079433
20	535.2866022031378	0.9805831
21	531.3780625641318	0.9374895
22	527.469522925126	1.0111932
23	523.5609832861201	1.0103958
24	519.6524436471141	0.9954207
25	515.7439040081082	0.9658421
26	511.8353643691023	0.97228956
27	507.92682473009637	1.0231285
28	504.01828509109043	1.0015655
29	500.10974545208455	0.9996326
30	496.2012058130786	0.99999607
31	492.29266617407274	1.0437125
32	488.3841265350668	1.0109901
33	484.47558689606086	1.0111403
34	480.567047257055	0.97571814
35	476.65850761804904	0.9838189
36	472.74996797904316	0.96118814
37	468.8414283400372	0.978931
38	464.9328887010313	0.9839932
39	461.0243490620254	0.9722187
40	457.1158094230194	0.9917097
41	453.2072697840135	0.9677091
42	449.2987301450076	1.0298412
43	445.39019050600166	1.0190486
44	441.4816508669957	1.0191615
45	437.57311122798984	0.97512597
46	433.6645715889839	0.9948662
47	429.756031949978	0.97988325
48	425.8474923109721	1.000275
49	421.93895267196615	1.0014504
50	418.03041303296027	1.030174
51	414.12187339395433	0.990533
52	410.21333375494845	1.0297033
53	406.3047941159425	1.0425445
54	402.3962544769366	1.0261271
55	398.4877148379307	0.97872657
56	394.57917519892476	0.9922068
57	390.6706355598685	0.9650136
58	386.76209592086263	0.97727835
59	382.8535562818567	1.0354707
60	378.9450166428508	1.0301443
61	375.0364770038449	0.98335266
62	371.12793736483894	0.9743573
63	367.21939772583306	0.9584297
64	363.3108580868271	0.97502095
65	359.4023184478212	1.0125546
66	355.4937788088153	0.9903507
67	351.58523916980937	0.9810475
68	347.6766995308035	1.0309646
69	343.76815989179755	0.9987007
70	339.8596202527916	0.9975118
71	335.95108061378573	1.0197597
72	332.0425409747798	1.0066062
73	328.1340013357739	1.0136367
74	324.225461696768	1.0038127
75	320.31692205776204	1.0056157
76	316.40838241875616	1.0428106
77	312.4998427797502	1.0060436
78	308.59130314074434	1.0024141
79	304.6827635017384	0.95859534
80	300.77422386273247	1.0201497
81	296.8656842237266	0.95711875
82	292.95714458472065	1.0083236
83	289.0486049457147	1.0022488
84	285.14006530670883	1.010971
85	281.2315256677029	1.0124097
86	277.32298602869696	0.997135
87	273.414446389691	1.0216957
88	269.50590675068514	1.0026046
89	265.5973671116792	1.0126748
90	261.6888274726733	0.98632985
91	257.7802878336674	0.9565442
92	253.87174819466148	0.9869609
93	249.96320855565557	1.0152669
94	246.05466891664963	1.017711
95	242.14612927764372	1.0013376
96	238.23758963863781	1.0074507
97	234.3290499996319	1.007644
98	230.42051036062597	1.0486555
99	226.51197072162006	1.0171944
100	222.60343108261415	1.0009878
101	218.69489144360824	1.0379184
102	214.78635180460233	1.0185515
103	210.8778121655964	1.0027428
104	206.9692725265905	0.94884014
105	203.06073288758458	1.0171288
106	199.15219324857867	1.0194249
107	195.24365360957273	1.0208436
108	191.33511397056682	1.0200422
109	187.42657433156091	0.9969874
110	183.518034692555	1.0093229
111	179.6094950535491	1.0058298
112	175.70095541454316	0.9861142
113	171.79241577553725	1.0294205
114	167.88387613653134	0.9945391
115	163.97533649752543	0.98105025
116	160.0667968585195	1.0164825
117	156.1582572195136	1.023546
118	152.24971758050768	1.0180526
119	148.34117794150177	1.0252674
120	144.43263830249583	0.9884024
121	140.52409866348992	0.97323084
122	136.615559024484	0.9734225
123	132.70701938547808	1.0244849
124	128.79847974647217	1.0288281
125	124.88994010746626	1.0160726
126	120.98140046846034	1.00466
127	117.07286082945443	0.9822035
128	113.1643211904485	0.9661622
129	109.2557815514426	0.99986535
130	105.34724191243666	1.0205714
131	101.43870227343075	0.9937335
132	97.53016263442483	1.0051527
133	93.62162299541892	1.023519
134	89.71308335641301	0.9951349
135	85.80454371740709	0.96679884
136	81.89600407840118	0.99130696
137	77.98746443939525	1.0152187
138	74.07892480038934	0.9706913
139	70.17038516138342	0.9730884
140	66.26184552237751	1.026742
141	62.35330588337159	1.0123229
142	58.444766244365674	0.9858102
143	54.53622660535975	1.0086
144	50.627686966353835	0.9656148
145	46.71914732734792	0.9452987
146	42.810607688342	1.0210172
147	38.90206804933609	0.9602287
148	34.99352841033018	0.99421996
149	31.084988771324262	1.013645
150	27.176449132318343	0.9506038
151	23.26790949331243	1.0054989
152	19.359369854306514	0.99708384
153	15.450830215300597	1.0383731
154	11.542290576294683	1.0865724
155	7.633750937288765	0.9186576
156	3.725211298282849	0.70031154
157	-0.1833283407230673	0.8465876
158	-4.091867979728983	0.9836671
159	-8.000407618734899	0.96054703
160	-11.908947257740815	0.97873086
161	-15.81748689674673	0.98711044
162	-19.726026535752645	0.9952603
163	-23.634566174758564	0.9767587
164	-27.54310581376448	0.97148603
165	-31.451645452770396	0.97694224
166	-35.360185091776316	1.0004373
167	-39.26872473078223	1.0162812
168	-43.17726436978815	1.0089978
169	-47.085804008844384	0.9999898
170	-50.9943436478503	1.0386609
171	-54.902883286856216	1.0169231
172	-58.81142292586214	0.95430875
173	-62.719962564868055	0.976726
174	-66.62850220387396	1.0245775
175	-70.53704184287987	0.98531866
176	-74.44558148188578	1.0161338
177	-78.35412112089172	0.97515357
178	-82.26266075989763	0.96533
179	-86.17120039890355	1.0073888
180	-90.07974003790946	1.0057975
181	-93.98827967691537	1.0007671
182	-97.89681931592129	1.0051726
183	-101.8053589549272	0.9966608
184	-105.71389859393312	0.9909273
185	-109.62243823293903	1.0251861
186	-113.53097787194496	1.0075442
187	-117.43951751095086	0.9712815
188	-121.34805714995679	0.990889
189	-125.2565967889627	1.0101596
190	-129.1651364279686	0.9860769
191	-133.0736760669745	1.0248208
192	-136.98221570598045	0.97051835
193	-140.89075534498636	1.0028049
194	-144.7992949839923	0.972906
195	-148.7078346229982	0.97964525
196	-152.61637426200411	1.0179216
197	-156.52491390101002	0.9815104
198	-160.43345354001596	1.0172784
199	-164.34199317902187	1.003501
200	-168.25053281802778	1.007853
201	-172.1590724570337	1.023035
202	-176.0676120960396	1.0195665
203	-179.97615173504553	0.9959099
204	-183.88469137405144	0.9891594
205	-187.79323101305735	1.0240746
206	-191.70177065206326	1.0396892
207	-195.6103102910692	0.9702912
208	-199.5188499300751	1.0176224
209	-203.42738956908101	0.98466474
210	-207.33592920808692	1.028028
211	-211.24446884709283	1.0039313
212	-215.15300848609877	1.022899
213	-219.06154812510468	1.0198071
214	-222.9700877641106	1.0175387
215	-226.8786274031165	1.0033742
216	-230.78716704212243	0.99357164
217	-234.69570668112834	0.9803177
218	-238.60424632013425	1.0081878
219	-242.51278595914016	1.0283073
220	-246.42132559814613	0.96742374
221	-250.32986523715203	0.9806922
222	-254.23840487615794	0.98290783
223	-258.14694451516385	0.9899936
224	-262.0554841541698	1.0346489
225	-265.96402379317567	0.93944776
226	-269.8725634321816	0.9810725
227	-273.78110307118754	0.9857623
228	-277.6896427101934	1.0054173
229	-281.59818234919936	1.0013218
230	-285.50672198820524	0.9833083
231	-289.4152616272112	0.99581444
232	-293.32380126621706	0.9950938
233	-297.232340905223	1.0143181
234	-301.1408805442289	1.0173279
235	-305.0494201832348	1.0113754
236	-308.95795982224075	1.0058707
237	-312.86649946124663	0.9909294
238	-316.7750391002526	0.96796036
239	-320.6835787392585	0.9833112
240	-324.59211837826444	0.9998788
241	-328.5006580172704	1.0168879
242	-332.40919765627626	1.0318999
243	-336.3177372952822	1.0
244	-340.22627693428814	1.0
245	-344.134816573294	1.0
246	-348.04335621229995	1.0
247	-351.95189585130584	1.0
248	-355.8604354903118	1.0
249	-359.7689751293177	1.0
250	-363.6775147683236	1.0
251	-367.5860544073295	1.0
252	-371.4945940463354	1.0
253	-375.40313368534134	1.0
254	-379.3116733243473	1.0
255	-383.22021296335316	1.0
256	-387.1287526023591	1.0
257	-391.037292241365	1.0
258	-394.9458318803709	1.0
259	-398.85437151937685	1.0
260	-402.76291115838274	1.0
261	-406.6714507973887	1.0
262	-410.5799904363946	1.0
263	-414.4885300754005	1.0
264	-418.3970697144064	1.0
265	-422.3056093534123	1.0
266	-426.21414899241825	1.0
267	-430.1226886314242	1.0
268	-434.03122827043006	1.0
269	-437.939767909436	1.0
