	velocity	Amplitude
0	613.5215013294726	1.0163777
1	609.6129616904666	1.0146605
2	605.7044220514608	0.9893876
3	601.7958824124548	0.9826817
4	597.887342773449	1.0568584
5	593.978803134443	1.0086726
6	590.070263495437	0.9889671
7	586.1617238564312	1.0251105
8	582.2531842174252	1.0434356
9	578.3446445784193	0.92785436
10	574.4361049394134	1.0433795
11	570.5275653004074	0.9268666
12	566.6190256614016	0.9496574
13	562.7104860223957	0.97293967
14	558.8019463833897	1.0263101
15	554.8934067443838	0.9851859
16	550.9848671053779	1.0187122
17	547.076327466372	0.9890685
18	543.167787827366	0.9852515
19	539.2592481883602	1.0258734
20	535.3507085493543	1.0082278
21	531.4421689103483	0.9936273
22	527.5336292713424	0.967969
23	523.6250896323365	1.0299764
24	519.7165499933305	0.9852083
25	515.8080103543247	0.97653675
26	511.8994707153188	1.0335791
27	507.99093107631285	1.1087505
28	504.0823914373069	1.0325947
29	500.17385179830103	0.9516785
30	496.2653121592951	1.0395192
31	492.3567725202892	1.0383284
32	488.4482328812833	0.930664
33	484.53969324227734	0.9458691
34	480.63115360327146	0.95088214
35	476.7226139642655	1.0807495
36	472.81407432525964	0.9832706
37	468.9055346862537	1.0587156
38	464.99699504724776	0.9904386
39	461.0884554082419	1.0272708
40	457.1799157692359	0.96075296
41	453.27137613022995	1.0260371
42	449.3628364912241	0.97033674
43	445.45429685221814	1.0096108
44	441.5457572132122	0.9953025
45	437.6372175742063	1.0307225
46	433.7286779352004	1.0325812
47	429.8201382961945	0.9256799
48	425.91159865718856	1.0420629
49	422.0030590181826	1.0033822
50	418.09451937917675	0.9797218
51	414.1859797401708	1.0042294
52	410.2774401011649	0.9978488
53	406.368900462159	1.0388852
54	402.46036082315305	1.0008938
55	398.5518211841472	1.0159634
56	394.64328154514124	1.0014181
57	390.734741906085	0.99047554
58	386.8262022670791	0.96251386
59	382.9176626280732	0.99758327
60	379.0091229890673	1.0335417
61	375.10058335006136	0.97129583
62	371.1920437110554	0.9435372
63	367.28350407204954	1.0188841
64	363.3749644330436	1.0243942
65	359.46642479403766	1.0244569
66	355.5578851550318	1.0742493
67	351.64934551602585	1.013427
68	347.74080587701997	0.9916059
69	343.83226623801403	0.97973067
70	339.9237265990081	0.96518594
71	336.0151869600022	1.0271177
72	332.1066473209963	0.9396128
73	328.1981076819904	1.032099
74	324.28956804298446	1.0325493
75	320.3810284039785	0.94792
76	316.47248876497264	1.0293214
77	312.5639491259667	1.0076582
78	308.6554094869608	1.0371506
79	304.7468698479549	0.9995017
80	300.83833020894895	1.014684
81	296.92979056994307	0.9951329
82	293.02125093093713	1.0262953
83	289.1127112919312	1.021844
84	285.2041716529253	0.9588478
85	281.2956320139194	0.9289713
86	277.38709237491344	1.0444196
87	273.4785527359075	1.0586342
88	269.5700130969016	1.0056895
89	265.6614734578957	1.0478528
90	261.7529338188898	1.0240669
91	257.84439417988386	1.1160545
92	253.93585454087793	0.9498539
93	250.02731490187202	1.0647987
94	246.11877526286608	0.9454748
95	242.21023562386017	0.9975158
96	238.30169598485426	0.9954947
97	234.39315634584835	1.0002226
98	230.48461670684242	0.94851816
99	226.5760770678365	0.9629285
100	222.6675374288306	0.9744905
101	218.7589977898247	1.1221418
102	214.85045815081878	1.041723
103	210.94191851181284	0.8998164
104	207.03337887280694	1.0250441
105	203.12483923380103	0.97003186
106	199.21629959479512	1.0063276
107	195.30775995578918	0.9663602
108	191.39922031678327	0.94839084
109	187.49068067777736	0.9923967
110	183.58214103877145	0.9814376
111	179.67360139976554	1.0131366
112	175.7650617607596	1.0175272
113	171.8565221217537	0.980186
114	167.9479824827478	0.9682159
115	164.03944284374188	0.97754717
116	160.13090320473594	1.01057
117	156.22236356573003	1.0290321
118	152.31382392672413	1.012328
119	148.40528428771822	0.98005766
120	144.49674464871228	1.029069
121	140.58820500970637	1.0360004
122	136.67966537070046	1.0123364
123	132.77112573169453	1.0417567
124	128.86258609268862	1.0000359
125	124.95404645368272	1.0282979
126	121.0455068146768	1.0702816
127	117.13696717567089	1.0022116
128	113.22842753666497	1.0183583
129	109.31988789765906	1.0416169
130	105.41134825865312	1.0098876
131	101.50280861964721	0.9801152
132	97.59426898064129	0.9472042
133	93.68572934163538	0.9627971
134	89.77718970262947	0.9904865
135	85.86865006362355	0.9888127
136	81.96011042461764	1.0206301
137	78.05157078561172	0.87467307
138	74.14303114660581	0.96305937
139	70.23449150759988	1.0386827
140	66.32595186859398	0.93565655
141	62.41741222958806	0.95861137
142	58.50887259058214	1.0157249
143	54.60033295157622	1.0386698
144	50.691793312570304	0.91929525
145	46.78325367356439	0.9091741
146	42.87471403455847	0.9283553
147	38.96617439555256	0.9765866
148	35.05763475654665	1.0292773
149	31.149095117540725	1.0108609
150	27.240555478534805	1.0108209
151	23.332015839528893	1.0926223
152	19.423476200522977	0.9666559
153	15.514936561517061	0.98658556
154	11.606396922511147	1.0657989
155	7.697857283505229	0.96469605
156	3.789317644499313	0.78459823
157	-0.11922199450660337	0.8812922
158	-4.02776163351252	1.0357627
159	-7.936301272518436	1.0231502
160	-11.84484091152435	1.032074
161	-15.753380550530267	1.0071287
162	-19.661920189536183	0.974741
163	-23.570459828542102	1.0296502
164	-27.478999467548018	0.97987354
165	-31.387539106553934	1.0146906
166	-35.296078745559846	0.98236585
167	-39.20461838456576	1.0219523
168	-43.11315802357168	1.0131215
169	-47.021697662627915	1.106557
170	-50.93023730163383	0.9387166
171	-54.83877694063975	0.9868767
172	-58.74731657964567	0.9977123
173	-62.655856218651586	0.91548306
174	-66.5643958576575	1.0076481
175	-70.47293549666341	1.008972
176	-74.38147513566932	1.0346303
177	-78.29001477467526	0.97179246
178	-82.19855441368117	1.0057098
179	-86.10709405268709	1.0332106
180	-90.015633691693	0.9682726
181	-93.9241733306989	1.0247494
182	-97.83271296970483	1.0820663
183	-101.74125260871074	1.0101235
184	-105.64979224771666	1.0549407
185	-109.55833188672257	0.97999877
186	-113.4668715257285	0.98510724
187	-117.3754111647344	1.0192496
188	-121.28395080374032	0.9949684
189	-125.19249044274623	1.0327425
190	-129.10103008175216	1.0686172
191	-133.00956972075807	0.9585119
192	-136.918109359764	1.0120177
193	-140.8266489987699	0.9728558
194	-144.73518863777585	1.0816485
195	-148.64372827678176	1.0696096
196	-152.55226791578767	0.9582315
197	-156.46080755479358	1.0048369
198	-160.3693471937995	0.963576
199	-164.27788683280542	0.9571267
200	-168.18642647181133	1.0063629
201	-172.09496611081724	0.9282769
202	-176.00350574982315	1.0549178
203	-179.91204538882909	0.99884295
204	-183.820585027835	0.96794474
205	-187.7291246668409	0.9982296
206	-191.6376643058468	0.93988734
207	-195.54620394485275	1.0203359
208	-199.45474358385866	0.92115426
209	-203.36328322286457	1.000843
210	-207.27182286187048	0.9869408
211	-211.18036250087638	0.93608326
212	-215.08890213988232	1.055416
213	-218.99744177888823	0.99286306
214	-222.90598141789414	1.0122857
215	-226.81452105690005	0.97875446
216	-230.72306069590599	0.9383411
217	-234.6316003349119	1.0662086
218	-238.5401399739178	1.0362707
219	-242.4486796129237	0.96527123
220	-246.35721925192968	1.0098541
221	-250.2657588909356	0.9802693
222	-254.1742985299415	1.0248322
223	-258.0828381689474	1.0558151
224	-261.9913778079533	1.0409796
225	-265.8999174469592	0.970383
226	-269.80845708596513	1.0459995
227	-273.71699672497107	0.93492275
228	-277.62553636397695	1.0443114
229	-281.5340760029829	0.94616705
230	-285.44261564198877	0.96737397
231	-289.3511552809947	0.9684795
232	-293.2596949200006	0.9936942
233	-297.1682345590065	1.083191
234	-301.0767741980124	0.9461494
235	-304.98531383701834	0.9806794
236	-308.8938534760243	0.9854773
237	-312.80239311503016	1.0369223
238	-316.71093275403615	1.0167645
239	-320.61947239304203	1.014847
240	-324.52801203204797	0.92153776
241	-328.4365516710539	1.0125834
242	-332.3450913100598	0.99141836
243	-336.2536309490657	1.0
244	-340.16217058807166	1.0
245	-344.07071022707754	1.0
246	-347.9792498660835	1.0
247	-351.88778950508936	1.0
248	-355.7963291440953	1.0
249	-359.70486878310123	1.0
250	-363.6134084221071	1.0
251	-367.52194806111305	1.0
252	-371.43048770011893	1.0
253	-375.33902733912487	1.0
254	-379.2475669781308	1.0
255	-383.1561066171367	1.0
256	-387.0646462561426	1.0
257	-390.9731858951485	1.0
258	-394.88172553415444	1.0
259	-398.7902651731604	1.0
260	-402.69880481216626	1.0
261	-406.6073444511722	1.0
262	-410.51588409017813	1.0
263	-414.424423729184	1.0
264	-418.33296336818995	1.0
265	-422.24150300719583	1.0
266	-426.15004264620177	1.0
267	-430.0585822852077	1.0
268	-433.9671219242136	1.0
269	-437.8756615632195	1.0
