	velocity	Amplitude
0	613.248963813399	0.87874836
1	609.340424174393	1.0417565
2	605.4318845353872	1.1174496
3	601.5233448963812	1.0138224
4	597.6148052573753	0.9261754
5	593.7062656183693	0.9745682
6	589.7977259793633	0.9549935
7	585.8891863403576	0.93070185
8	581.9806467013516	1.043948
9	578.0721070623457	0.9603526
10	574.1635674233398	0.9556351
11	570.2550277843338	0.96922696
12	566.346488145328	0.94428563
13	562.4379485063221	0.9982912
14	558.5294088673161	1.0183955
15	554.6208692283102	1.0498444
16	550.7123295893043	0.9883973
17	546.8037899502984	1.0725316
18	542.8952503112924	1.0640543
19	538.9867106722866	1.0482337
20	535.0781710332807	1.0934753
21	531.1696313942747	1.001658
22	527.2610917552688	0.9286656
23	523.3525521162629	0.9855529
24	519.4440124772569	0.9866798
25	515.535472838251	0.9795585
26	511.6269331992451	1.0114864
27	507.7183935602392	0.9058819
28	503.80985392123324	0.9829252
29	499.90131428222736	1.1327599
30	495.9927746432214	0.99302953
31	492.08423500421554	0.92302257
32	488.1756953652096	1.0578719
33	484.26715572620367	0.99348515
34	480.3586160871978	0.9778121
35	476.45007644819185	1.0198833
36	472.54153680918597	1.0557605
37	468.63299717018003	1.0091102
38	464.7244575311741	1.0519373
39	460.8159178921682	1.1023089
40	456.9073782531622	1.0243597
41	452.9988386141563	0.9922119
42	449.0902989751504	1.0075115
43	445.18175933614447	0.92400074
44	441.27321969713853	1.0340456
45	437.36468005813265	0.96833277
46	433.4561404191267	1.051801
47	429.54760078012083	0.965838
48	425.6390611411149	0.9388434
49	421.73052150210896	0.8956934
50	417.8219818631031	1.0607524
51	413.91344222409714	1.0809287
52	410.00490258509126	0.9595815
53	406.0963629460853	0.9627051
54	402.1878233070794	1.0132753
55	398.2792836680735	0.9068874
56	394.37074402906757	0.9897203
57	390.4622043900113	0.9907054
58	386.55366475100544	0.95035154
59	382.6451251119995	0.976909
60	378.7365854729936	1.0731926
61	374.8280458339877	0.9853955
62	370.91950619498175	1.0744386
63	367.01096655597587	0.9580879
64	363.10242691696993	1.1137742
65	359.193887277964	1.004045
66	355.2853476389581	1.0278833
67	351.3768079999522	1.0789312
68	347.4682683609463	1.0340457
69	343.55972872194036	1.0028234
70	339.6511890829344	0.9865835
71	335.74264944392854	1.0244676
72	331.8341098049226	0.9058694
73	327.9255701659167	0.93947667
74	324.0170305269108	0.9654959
75	320.10849088790485	0.9915723
76	316.19995124889897	0.99850535
77	312.29141160989303	0.9549686
78	308.38287197088715	1.0044372
79	304.4743323318812	0.92454594
80	300.5657926928753	1.0690223
81	296.6572530538694	0.9127492
82	292.74871341486346	1.0101709
83	288.8401737758575	0.98121566
84	284.93163413685164	1.0761375
85	281.0230944978457	0.86609703
86	277.11455485883977	1.0064504
87	273.20601521983383	0.9038195
88	269.29747558082795	0.9851098
89	265.388935941822	1.0694641
90	261.48039630281613	0.96749
91	257.5718566638102	1.017793
92	253.6633170248043	1.0443054
93	249.75477738579838	1.0347856
94	245.84623774679244	1.0037938
95	241.93769810778653	0.93464303
96	238.02915846878062	0.95599
97	234.1206188297747	1.0055057
98	230.21207919076878	0.87630904
99	226.30353955176287	1.0717541
100	222.39499991275696	1.0323061
101	218.48646027375105	0.9574437
102	214.57792063474514	0.9303307
103	210.6693809957392	1.0231465
104	206.7608413567333	0.98523486
105	202.85230171772739	1.0122986
106	198.94376207872148	0.9431629
107	195.03522243971554	1.1161664
108	191.12668280070963	1.0935361
109	187.21814316170372	1.0831918
110	183.3096035226978	1.0243489
111	179.4010638836919	1.148852
112	175.49252424468597	1.0012758
113	171.58398460568006	0.9754596
114	167.67544496667415	1.0136617
115	163.76690532766824	1.1324759
116	159.8583656886623	1.0576487
117	155.9498260496564	1.0373547
118	152.04128641065049	1.0097826
119	148.13274677164458	1.0562005
120	144.22420713263864	0.9939989
121	140.31566749363273	1.0028002
122	136.40712785462682	0.9655355
123	132.49858821562088	0.95494753
124	128.59004857661498	1.0178442
125	124.68150893760907	0.9822513
126	120.77296929860314	1.0343384
127	116.86442965959723	0.96922684
128	112.95589002059131	1.0637708
129	109.0473503815854	1.0773292
130	105.13881074257947	0.9680979
131	101.23027110357356	0.96618456
132	97.32173146456763	0.96196526
133	93.41319182556173	1.0081116
134	89.50465218655582	0.9654586
135	85.5961125475499	0.98309946
136	81.68757290854398	0.9318617
137	77.77903326953806	0.9812844
138	73.87049363053215	0.93793243
139	69.96195399152623	1.0638174
140	66.05341435252032	0.95925885
141	62.144874713514405	0.9799733
142	58.23633507450849	0.9906403
143	54.327795435502566	1.0477041
144	50.41925579649665	1.0197008
145	46.510716157490734	0.9408324
146	42.60217651848482	1.0154905
147	38.6936368794789	1.0492094
148	34.78509724047299	0.9419437
149	30.876557601467074	0.9928856
150	26.968017962461154	1.063663
151	23.05947832345524	1.0357972
152	19.150938684449326	0.99365485
153	15.242399045443408	1.0625288
154	11.333859406437494	1.0570873
155	7.425319767431578	0.88231784
156	3.516780128425661	0.41968983
157	-0.391759510580255	0.9367002
158	-4.300299149586171	0.9782358
159	-8.208838788592088	1.1394777
160	-12.117378427598004	1.0876389
161	-16.025918066603918	0.93781227
162	-19.934457705609834	0.9094832
163	-23.842997344615753	1.0660797
164	-27.75153698362167	1.0215156
165	-31.660076622627585	1.0577406
166	-35.5686162616335	1.0541061
167	-39.47715590063942	0.9950019
168	-43.38569553964533	1.0461046
169	-47.29423517870157	0.932002
170	-51.202774817707486	1.0102941
171	-55.1113144567134	0.9172807
172	-59.019854095719325	1.0372579
173	-62.92839373472524	0.9565342
174	-66.83693337373116	1.0155631
175	-70.74547301273707	1.1174468
176	-74.65401265174297	0.84790653
177	-78.56255229074891	0.9378383
178	-82.47109192975482	1.051047
179	-86.37963156876074	0.9160861
180	-90.28817120776665	1.0192077
181	-94.19671084677256	1.0779061
182	-98.10525048577848	1.030795
183	-102.01379012478439	0.97485274
184	-105.92232976379032	1.0360024
185	-109.83086940279622	1.0532328
186	-113.73940904180215	1.0588928
187	-117.64794868080806	0.9779194
188	-121.55648831981398	1.0451316
189	-125.46502795881989	1.013465
190	-129.3735675978258	0.98789227
191	-133.2821072368317	1.1099373
192	-137.19064687583764	1.0258323
193	-141.09918651484355	1.0831525
194	-145.0077261538495	0.9501976
195	-148.9162657928554	0.91162324
196	-152.8248054318613	0.97643155
197	-156.73334507086722	1.1150432
198	-160.64188470987315	1.0203623
199	-164.55042434887906	1.0083967
200	-168.45896398788497	0.95584095
201	-172.36750362689088	0.9349014
202	-176.2760432658968	1.0203395
203	-180.18458290490273	1.0208732
204	-184.09312254390863	1.0040923
205	-188.00166218291454	0.94221956
206	-191.91020182192045	1.0360507
207	-195.8187414609264	1.0120337
208	-199.7272810999323	1.0459772
209	-203.6358207389382	0.9774766
210	-207.54436037794412	1.0295428
211	-211.45290001695003	1.0156229
212	-215.36143965595596	1.0191729
213	-219.26997929496187	1.0044981
214	-223.17851893396778	1.0016243
215	-227.0870585729737	1.0935413
216	-230.99559821197963	1.0229499
217	-234.90413785098553	1.0025191
218	-238.81267748999144	0.9304698
219	-242.72121712899735	0.9239549
220	-246.62975676800332	0.9830645
221	-250.53829640700923	1.0842302
222	-254.44683604601514	0.9059843
223	-258.35537568502104	1.0151589
224	-262.263915324027	0.94109625
225	-266.17245496303286	0.93766314
226	-270.0809946020388	0.9928352
227	-273.98953424104474	0.9607772
228	-277.8980738800506	0.8892788
229	-281.80661351905655	0.9522755
230	-285.71515315806244	1.0029854
231	-289.6236927970684	0.96505964
232	-293.53223243607425	0.95718807
233	-297.4407720750802	1.04621
234	-301.34931171408607	0.9547165
235	-305.257851353092	0.9866804
236	-309.16639099209794	0.9346875
237	-313.0749306311038	0.9299085
238	-316.9834702701098	0.93610716
239	-320.8920099091157	1.0858036
240	-324.80054954812164	0.93568754
241	-328.7090891871276	0.91645783
242	-332.61762882613345	0.9742193
243	-336.5261684651394	1.0
244	-340.43470810414533	1.0
245	-344.3432477431512	1.0
246	-348.25178738215715	1.0
247	-352.160327021163	1.0
248	-356.06886666016896	1.0
249	-359.9774062991749	1.0
250	-363.8859459381808	1.0
251	-367.7944855771867	1.0
252	-371.7030252161926	1.0
253	-375.61156485519854	1.0
254	-379.5201044942045	1.0
255	-383.42864413321035	1.0
256	-387.3371837722163	1.0
257	-391.2457234112222	1.0
258	-395.1542630502281	1.0
259	-399.06280268923405	1.0
260	-402.9713423282399	1.0
261	-406.87988196724586	1.0
262	-410.7884216062518	1.0
263	-414.6969612452577	1.0
264	-418.6055008842636	1.0
265	-422.5140405232695	1.0
266	-426.42258016227544	1.0
267	-430.3311198012814	1.0
268	-434.23965944028726	1.0
269	-438.1481990792932	1.0
