	velocity	Amplitude
0	613.1952995208051	1.0012636
1	609.2867598817991	0.86197144
2	605.3782202427933	1.0975945
3	601.4696806037873	0.86989415
4	597.5611409647814	1.0302945
5	593.6526013257754	0.9819474
6	589.7440616867694	1.0549729
7	585.8355220477637	0.97120774
8	581.9269824087577	1.1410815
9	578.0184427697518	0.9997857
10	574.1099031307459	1.0591997
11	570.2013634917399	0.89429724
12	566.292823852734	0.8198887
13	562.3842842137282	0.85189086
14	558.4757445747222	0.94753766
15	554.5672049357163	1.1070809
16	550.6586652967104	0.99108297
17	546.7501256577045	1.0399411
18	542.8415860186985	0.9142372
19	538.9330463796927	1.2169548
20	535.0245067406868	1.0190393
21	531.1159671016808	0.90896344
22	527.2074274626749	0.6164324
23	523.298887823669	0.99801177
24	519.390348184663	1.1005077
25	515.4818085456571	0.9330406
26	511.57326890665126	0.82506377
27	507.6647292676453	0.97529453
28	503.7561896286394	0.91866
29	499.8476499896335	1.110479
30	495.9391103506276	0.93412834
31	492.0305707116217	1.1305963
32	488.12203107261575	0.96359223
33	484.2134914336098	0.9642148
34	480.30495179460394	1.1227093
35	476.396412155598	1.042756
36	472.4878725165921	1.073186
37	468.5793328775862	1.0127676
38	464.67079323858025	0.96510506
39	460.76225359957436	1.082813
40	456.85371396056837	0.95200074
41	452.94517432156243	0.9147517
42	449.03663468255655	1.1289972
43	445.1280950435506	1.0605389
44	441.2195554045447	1.0880352
45	437.3110157655388	1.022242
46	433.40247612653286	0.989946
47	429.493936487527	1.0038184
48	425.58539684852104	0.9462667
49	421.6768572095151	0.9575299
50	417.7683175705092	1.0030478
51	413.8597779315033	0.8944986
52	409.9512382924974	1.0315201
53	406.04269865349147	0.94089586
54	402.13415901448553	1.0596217
55	398.22561937547965	0.9685702
56	394.3170797364737	1.030309
57	390.4085400974175	0.8515283
58	386.5000004584116	1.0439665
59	382.59146081940565	1.0292434
60	378.6829211803998	0.86869717
61	374.77438154139384	1.1217481
62	370.8658419023879	1.0334061
63	366.957302263382	0.82898283
64	363.0487626243761	0.9120332
65	359.14022298537014	1.078033
66	355.23168334636426	1.0613391
67	351.3231437073583	0.8085168
68	347.41460406835245	1.126637
69	343.5060644293465	0.85520303
70	339.5975247903406	1.010637
71	335.6889851513347	1.1104517
72	331.78044551232875	0.8270686
73	327.8719058733229	1.0407435
74	323.96336623431694	1.0374993
75	320.054826595311	0.9942886
76	316.1462869563051	1.1128818
77	312.2377473172992	0.8459392
78	308.3292076782933	0.89487964
79	304.42066803928736	1.0951291
80	300.5121284002814	0.9680121
81	296.60358876127555	0.985434
82	292.6950491222696	1.1379923
83	288.78650948326367	0.8713067
84	284.8779698442578	0.99520177
85	280.96943020525185	0.93854856
86	277.0608905662459	0.99710554
87	273.15235092724	1.0395235
88	269.2438112882341	1.04127
89	265.33527164922816	0.88179016
90	261.4267320102223	1.1824989
91	257.51819237121634	1.1600682
92	253.6096527322104	0.96822184
93	249.7011130932045	0.9698707
94	245.79257345419856	1.0643245
95	241.88403381519265	1.0408949
96	237.97549417618674	1.0144907
97	234.06695453718083	1.0972086
98	230.1584148981749	0.827601
99	226.249875259169	1.0185533
100	222.34133562016308	0.9323738
101	218.43279598115717	0.7755414
102	214.52425634215126	0.99352926
103	210.61571670314532	0.9298173
104	206.70717706413942	0.9545618
105	202.7986374251335	1.0435784
106	198.8900977861276	1.0249302
107	194.98155814712166	0.90867794
108	191.07301850811575	0.98233235
109	187.16447886910984	0.9905078
110	183.25593923010393	0.913031
111	179.34739959109802	1.0705143
112	175.4388599520921	0.9924686
113	171.53032031308618	0.9880649
114	167.62178067408027	0.99162626
115	163.71324103507436	1.0165076
116	159.80470139606842	1.0503653
117	155.89616175706252	1.0856485
118	151.9876221180566	1.0582553
119	148.0790824790507	0.96394014
120	144.17054284004476	0.9828681
121	140.26200320103885	1.0096959
122	136.35346356203294	1.0283012
123	132.444923923027	1.0098194
124	128.5363842840211	1.168285
125	124.62784464501519	0.9807593
126	120.71930500600926	0.93375254
127	116.81076536700336	0.92354614
128	112.90222572799743	1.0500054
129	108.99368608899152	0.986382
130	105.08514644998559	0.99015343
131	101.17660681097968	1.066683
132	97.26806717197375	1.1501373
133	93.35952753296785	0.8483115
134	89.45098789396194	1.0408614
135	85.54244825495601	0.9927808
136	81.6339086159501	1.0050019
137	77.72536897694418	1.0000912
138	73.81682933793827	0.8832159
139	69.90828969893235	1.0863165
140	65.99975005992644	1.0799139
141	62.09121042092053	1.0255579
142	58.18267078191462	1.0911485
143	54.27413114290869	1.1931707
144	50.36559150390278	1.0401672
145	46.45705186489686	1.1932056
146	42.548512225890946	1.0305758
147	38.63997258688503	1.0638652
148	34.73143294787912	0.92742264
149	30.8228933088732	0.8585066
150	26.914353669867282	1.1184942
151	23.00581403086137	0.9368301
152	19.097274391855454	0.84513897
153	15.188734752849534	0.73847765
154	11.28019511384362	0.9262321
155	7.371655474837704	1.0925051
156	3.463115835831787	0.49205703
157	-0.44542380317412894	0.9835306
158	-4.353963442180045	1.2293845
159	-8.262503081185962	1.0608919
160	-12.171042720191878	0.90908957
161	-16.079582359197794	0.90870714
162	-19.988121998203706	1.1247584
163	-23.896661637209625	0.93078923
164	-27.80520127621554	0.92069256
165	-31.713740915221457	1.0783057
166	-35.62228055422737	0.88083583
167	-39.53082019323329	0.88228387
168	-43.439359832239205	1.0265878
169	-47.34789947129544	0.9508257
170	-51.25643911030136	1.0881504
171	-55.164978749307274	0.9514096
172	-59.0735183883132	0.96366435
173	-62.98205802731911	0.91530865
174	-66.89059766632504	1.1337736
175	-70.79913730533094	1.0530525
176	-74.70767694433685	1.0150436
177	-78.61621658334279	1.1101756
178	-82.5247562223487	0.9254208
179	-86.43329586135462	1.0743182
180	-90.34183550036053	0.9503686
181	-94.25037513936644	0.9463908
182	-98.15891477837236	0.9125588
183	-102.06745441737827	0.8032278
184	-105.9759940563842	0.94783396
185	-109.8845336953901	0.82612234
186	-113.79307333439603	1.1818523
187	-117.70161297340194	0.89487875
188	-121.61015261240786	1.0342928
189	-125.51869225141377	1.071343
190	-129.42723189041968	1.050697
191	-133.33577152942559	1.0061316
192	-137.24431116843152	0.937803
193	-141.15285080743743	0.9430122
194	-145.06139044644337	1.0691365
195	-148.96993008544928	1.075234
196	-152.8784697244552	0.7833518
197	-156.7870093634611	1.0881836
198	-160.69554900246703	1.0005034
199	-164.60408864147294	1.0959542
200	-168.51262828047885	0.95865667
201	-172.42116791948476	1.0659007
202	-176.32970755849067	0.97933686
203	-180.2382471974966	1.0797626
204	-184.1467868365025	0.9615052
205	-188.05532647550842	0.94275326
206	-191.96386611451433	0.95905215
207	-195.87240575352027	0.8799948
208	-199.78094539252618	0.9049846
209	-203.6894850315321	1.0020018
210	-207.598024670538	0.8382121
211	-211.5065643095439	0.89594805
212	-215.41510394854984	1.056677
213	-219.32364358755575	1.0098292
214	-223.23218322656166	1.0319786
215	-227.14072286556757	0.9971791
216	-231.0492625045735	0.9780273
217	-234.9578021435794	0.8720194
218	-238.86634178258532	0.88711387
219	-242.77488142159123	0.9916327
220	-246.6834210605972	0.73983306
221	-250.5919606996031	1.0297062
222	-254.50050033860902	1.1384376
223	-258.4090399776149	0.9562418
224	-262.31757961662083	0.89105785
225	-266.2261192556267	1.1206845
226	-270.13465889463265	0.94215906
227	-274.0431985336386	0.8350638
228	-277.95173817264447	0.8066782
229	-281.8602778116504	1.0385602
230	-285.7688174506563	1.0245595
231	-289.6773570896622	1.025421
232	-293.5858967286681	0.89608306
233	-297.49443636767404	1.133254
234	-301.4029760066799	1.0196996
235	-305.31151564568586	1.1390259
236	-309.2200552846918	1.0699203
237	-313.1285949236977	0.93772584
238	-317.03713456270367	0.96920764
239	-320.94567420170955	1.0003692
240	-324.8542138407155	0.98917544
241	-328.7627534797214	0.891311
242	-332.6712931187273	0.87590355
243	-336.57983275773324	1.0
244	-340.4883723967392	1.0
245	-344.39691203574506	1.0
246	-348.305451674751	1.0
247	-352.2139913137569	1.0
248	-356.1225309527628	1.0
249	-360.03107059176875	1.0
250	-363.93961023077463	1.0
251	-367.84814986978057	1.0
252	-371.75668950878645	1.0
253	-375.6652291477924	1.0
254	-379.5737687867983	1.0
255	-383.4823084258042	1.0
256	-387.39084806481014	1.0
257	-391.299387703816	1.0
258	-395.20792734282196	1.0
259	-399.1164669818279	1.0
260	-403.0250066208338	1.0
261	-406.9335462598397	1.0
262	-410.84208589884565	1.0
263	-414.75062553785153	1.0
264	-418.65916517685747	1.0
265	-422.56770481586335	1.0
266	-426.4762444548693	1.0
267	-430.3847840938752	1.0
268	-434.2933237328811	1.0
269	-438.20186337188704	1.0
