	velocity	Amplitude
0	613.540795349271	0.9974945
1	609.632255710265	1.0022314
2	605.7237160712592	1.0024556
3	601.8151764322532	1.0139341
4	597.9066367932473	1.0077322
5	593.9980971542413	0.99277145
6	590.0895575152354	1.0132945
7	586.1810178762296	1.006858
8	582.2724782372236	1.0054632
9	578.3639385982177	1.0028983
10	574.4553989592118	1.0070536
11	570.5468593202058	0.9809993
12	566.6383196812	1.0166893
13	562.7297800421941	0.98991483
14	558.8212404031881	1.0139047
15	554.9127007641822	0.99773335
16	551.0041611251763	1.0051174
17	547.0956214861704	1.014134
18	543.1870818471644	1.0020264
19	539.2785422081586	1.0081433
20	535.3700025691527	0.9991169
21	531.4614629301467	0.987357
22	527.5529232911408	1.0099658
23	523.6443836521349	0.9995734
24	519.7358440131289	0.9983038
25	515.8273043741231	1.0246776
26	511.91876473511724	0.9932526
27	508.0102250961113	0.98536825
28	504.10168545710536	0.9872672
29	500.1931458180995	0.9925558
30	496.28460617909354	0.99635464
31	492.37606654008766	1.0027916
32	488.4675269010817	0.96964127
33	484.5589872620758	0.9907827
34	480.6504476230699	1.0157993
35	476.74190798406397	0.9912219
36	472.8333683450581	1.0009061
37	468.92482870605215	0.99443036
38	465.0162890670462	1.0224471
39	461.10774942804034	1.0124382
40	457.19920978903434	0.991452
41	453.2906701500284	1.0134904
42	449.3821305110225	1.0091015
43	445.4735908720166	0.986271
44	441.56505123301065	0.99139494
45	437.65651159400477	0.9757939
46	433.74797195499883	0.9873055
47	429.83943231599295	0.98816496
48	425.930892676987	1.0010378
49	422.0223530379811	0.99560183
50	418.1138133989752	1.000262
51	414.20527375996926	1.0059427
52	410.2967341209634	0.9924008
53	406.38819448195744	0.99493515
54	402.4796548429515	1.0090914
55	398.5711152039456	0.9963439
56	394.6625755649397	1.0077286
57	390.75403592588344	0.9950198
58	386.84549628687756	0.99921906
59	382.9369566478716	0.9911731
60	379.02841700886574	1.016428
61	375.1198773698598	1.0039835
62	371.21133773085387	0.9959185
63	367.302798091848	1.0104085
64	363.39425845284205	1.0208361
65	359.4857188138361	1.0101097
66	355.57717917483023	1.0254004
67	351.6686395358243	1.0000355
68	347.7600998968184	1.0019348
69	343.8515602578125	0.984837
70	339.94302061880654	0.9952589
71	336.03448097980066	1.0124967
72	332.1259413407947	0.9961154
73	328.21740170178884	0.9726835
74	324.3088620627829	1.0008229
75	320.40032242377697	0.99533117
76	316.4917827847711	0.9905594
77	312.58324314576515	0.9967544
78	308.6747035067593	1.0040569
79	304.76616386775333	0.9972348
80	300.8576242287474	0.99145144
81	296.9490845897415	1.0096682
82	293.0405449507356	0.97182184
83	289.13200531172964	1.017968
84	285.22346567272376	1.0053561
85	281.3149260337178	1.0058964
86	277.4063863947119	0.99583143
87	273.49784675570595	1.000595
88	269.58930711670007	0.9949671
89	265.68076747769413	0.9985013
90	261.77222783868825	0.9993084
91	257.8636881996823	0.99725014
92	253.95514856067638	1.0021001
93	250.04660892167047	1.003064
94	246.13806928266453	0.9972178
95	242.22952964365862	0.9925369
96	238.3209900046527	1.0194215
97	234.4124503656468	0.99802035
98	230.50391072664087	0.9755656
99	226.59537108763496	0.992649
100	222.68683144862905	0.98814696
101	218.77829180962314	0.9947887
102	214.86975217061723	0.9833413
103	210.9612125316113	1.0015099
104	207.0526728926054	0.9971349
105	203.14413325359948	0.9909874
106	199.23559361459357	1.0077055
107	195.32705397558763	1.0099701
108	191.41851433658172	1.0183666
109	187.5099746975758	1.0110627
110	183.6014350585699	0.9949006
111	179.692895419564	1.0053815
112	175.78435578055806	0.9936405
113	171.87581614155215	1.0050273
114	167.96727650254624	0.99073386
115	164.05873686354033	0.9898794
116	160.1501972245344	0.99949586
117	156.2416575855285	1.0035299
118	152.33311794652258	0.9964799
119	148.42457830751667	1.0005212
120	144.51603866851073	0.99833167
121	140.60749902950482	1.0067916
122	136.6989593904989	0.981339
123	132.79041975149298	0.98609143
124	128.88188011248707	1.0201037
125	124.97334047348116	1.0009003
126	121.06480083447524	0.9938252
127	117.15626119546933	0.9915842
128	113.2477215564634	0.9822525
129	109.3391819174575	1.000352
130	105.43064227845156	1.0020298
131	101.52210263944565	1.0103384
132	97.61356300043973	1.0014589
133	93.70502336143382	1.0189495
134	89.79648372242791	1.0053505
135	85.88794408342198	0.9988382
136	81.97940444441608	0.998425
137	78.07086480541015	1.0030938
138	74.16232516640424	1.0159494
139	70.25378552739832	0.9970131
140	66.34524588839241	1.0071672
141	62.4367062493865	1.0118418
142	58.52816661038059	1.002821
143	54.619626971374664	0.99963003
144	50.71108733236875	1.001536
145	46.80254769336283	0.9987017
146	42.89400805435692	0.97241825
147	38.985468415351	1.0003018
148	35.07692877634509	0.9777295
149	31.168389137339172	0.9975842
150	27.259849498333253	0.98240405
151	23.35130985932734	0.9928952
152	19.442770220321425	1.0060787
153	15.534230581315507	1.0173696
154	11.625690942309593	1.0239416
155	7.717151303303675	0.9833784
156	3.808611664297759	0.7462856
157	-0.09992797470815723	0.9668609
158	-4.008467613714073	0.9875807
159	-7.917007252719989	1.0070413
160	-11.825546891725905	1.0249068
161	-15.73408653073182	0.99345845
162	-19.642626169737735	0.9982961
163	-23.551165808743654	1.0077765
164	-27.45970544774957	0.9984049
165	-31.368245086755486	0.99488455
166	-35.2767847257614	1.0026246
167	-39.18532436476732	1.004662
168	-43.093864003773234	1.0015761
169	-47.00240364282947	0.9855604
170	-50.91094328183539	1.000342
171	-54.8194829208413	0.997605
172	-58.728022559847226	0.97477955
173	-62.63656219885314	1.0050573
174	-66.54510183785906	0.9991285
175	-70.45364147686497	1.0061748
176	-74.36218111587088	0.9932086
177	-78.27072075487682	1.0017477
178	-82.17926039388273	0.99031335
179	-86.08780003288865	1.0021298
180	-89.99633967189456	0.9967948
181	-93.90487931090047	1.0050305
182	-97.81341894990639	0.98664993
183	-101.7219585889123	0.9814645
184	-105.63049822791822	1.0068959
185	-109.53903786692413	0.9968643
186	-113.44757750593006	1.0062263
187	-117.35611714493596	1.0192858
188	-121.26465678394189	0.99587023
189	-125.1731964229478	1.0000923
190	-129.0817360619537	1.0001112
191	-132.99027570095961	0.9985356
192	-136.89881533996555	0.97788066
193	-140.80735497897146	1.0103571
194	-144.7158946179774	1.0078181
195	-148.6244342569833	1.0089053
196	-152.53297389598922	1.0102712
197	-156.44151353499512	1.0074894
198	-160.35005317400106	0.98288816
199	-164.25859281300697	1.0174673
200	-168.16713245201288	0.9973681
201	-172.0756720910188	0.9863058
202	-175.9842117300247	1.0109761
203	-179.89275136903063	1.0168693
204	-183.80129100803654	1.0072278
205	-187.70983064704245	1.0081201
206	-191.61837028604836	1.0009905
207	-195.5269099250543	1.022364
208	-199.4354495640602	0.9849832
209	-203.34398920306612	0.9898061
210	-207.25252884207202	0.9969076
211	-211.16106848107793	1.0002223
212	-215.06960812008387	0.98394674
213	-218.97814775908978	1.0063999
214	-222.8866873980957	1.0036625
215	-226.7952270371016	1.0059477
216	-230.70376667610753	1.0100424
217	-234.61230631511344	1.0116323
218	-238.52084595411935	1.0138068
219	-242.42938559312526	1.0144646
220	-246.33792523213123	1.0032177
221	-250.24646487113714	0.98877144
222	-254.15500451014304	1.0093961
223	-258.0635441491489	1.0024085
224	-261.97208378815486	1.0021353
225	-265.88062342716074	0.9988891
226	-269.7891630661667	1.0063765
227	-273.6977027051726	0.999063
228	-277.6062423441785	0.9966086
229	-281.51478198318443	0.992255
230	-285.4233216221903	0.9989836
231	-289.33186126119625	1.0074644
232	-293.24040090020213	1.0007179
233	-297.14894053920807	1.0154681
234	-301.05748017821395	0.9823265
235	-304.9660198172199	1.004007
236	-308.8745594562258	1.0049403
237	-312.7830990952317	1.0001547
238	-316.6916387342377	0.9983343
239	-320.6001783732436	0.9887079
240	-324.5087180122495	0.9957063
241	-328.41725765125545	0.98994434
242	-332.32579729026133	0.98461664
243	-336.2343369292673	1.0
244	-340.1428765682732	1.0
245	-344.0514162072791	1.0
246	-347.959955846285	1.0
247	-351.8684954852909	1.0
248	-355.77703512429684	1.0
249	-359.6855747633028	1.0
250	-363.59411440230866	1.0
251	-367.5026540413146	1.0
252	-371.4111936803205	1.0
253	-375.3197333193264	1.0
254	-379.22827295833235	1.0
255	-383.13681259733823	1.0
256	-387.0453522363442	1.0
257	-390.95389187535005	1.0
258	-394.862431514356	1.0
259	-398.7709711533619	1.0
260	-402.6795107923678	1.0
261	-406.58805043137374	1.0
262	-410.4965900703797	1.0
263	-414.40512970938556	1.0
264	-418.3136693483915	1.0
265	-422.2222089873974	1.0
266	-426.1307486264033	1.0
267	-430.03928826540925	1.0
268	-433.94782790441513	1.0
269	-437.8563675434211	1.0
