	velocity	Amplitude
0	605.5220733360941	0.99861604
1	601.6135336970881	0.99967515
2	597.7049940580823	1.001226
3	593.7964544190763	0.99823326
4	589.8879147800704	1.0009551
5	585.9793751410645	0.9989773
6	582.0708355020585	0.9988125
7	578.1622958630527	0.9992974
8	574.2537562240467	1.0007222
9	570.3452165850408	0.9996782
10	566.4366769460349	0.99581796
11	562.5281373070289	0.99892986
12	558.6195976680231	1.0014894
13	554.7110580290172	0.9996813
14	550.8025183900112	0.9972521
15	546.8939787510053	1.0013975
16	542.9854391119994	1.0045464
17	539.0768994729935	0.99972725
18	535.1683598339876	1.0051179
19	531.2598201949817	1.0039502
20	527.3512805559758	0.9974285
21	523.4427409169698	0.99711996
22	519.5342012779639	1.0030487
23	515.625661638958	0.9986811
24	511.71712199995204	0.9991302
25	507.80858236094616	1.0037622
26	503.9000427219403	1.0015293
27	499.99150308293434	1.0046687
28	496.0829634439284	1.0009611
29	492.1744238049225	1.0025487
30	488.2658841659166	0.998269
31	484.3573445269107	0.99794745
32	480.44880488790477	1.0013738
33	476.54026524889883	1.0021496
34	472.63172560989295	1.001242
35	468.723185970887	0.99780786
36	464.81464633188114	1.0031619
37	460.9061066928752	0.99969393
38	456.99756705386926	0.9981268
39	453.0890274148634	1.0021213
40	449.1804877758574	0.99883807
41	445.27194813685145	1.0055777
42	441.36340849784557	1.0020964
43	437.45486885883963	0.9978293
44	433.5463292198337	1.0004462
45	429.6377895808278	0.99618423
46	425.7292499418219	1.005336
47	421.820710302816	1.0029237
48	417.91217066381006	0.99747944
49	414.0036310248041	0.9978857
50	410.09509138579824	1.0000114
51	406.1865517467923	0.9990371
52	402.2780121077864	1.0017579
53	398.3694724687805	0.9999868
54	394.46093282977455	0.9977142
55	390.55239319076867	1.0008283
56	386.64385355176273	1.0012279
57	382.7353139127065	0.99606097
58	378.8267742737006	0.99636525
59	374.91823463469467	1.0004854
60	371.0096949956888	0.997465
61	367.10115535668285	0.9980213
62	363.1926157176769	1.0050076
63	359.28407607867103	0.9970163
64	355.3755364396651	0.9998685
65	351.46699680065916	0.9956252
66	347.5584571616533	1.0038793
67	343.64991752264734	1.0005382
68	339.74137788364146	0.99867433
69	335.8328382446355	1.0013888
70	331.9242986056296	0.9951647
71	328.0157589666237	0.99854505
72	324.10721932761777	1.0008006
73	320.1986796886119	0.9962142
74	316.29014004960595	1.0022751
75	312.3816004106	0.99845487
76	308.47306077159413	1.0021775
77	304.5645211325882	0.99645597
78	300.6559814935823	0.9962671
79	296.7474418545764	0.99861616
80	292.83890221557044	0.99718595
81	288.93036257656456	0.99774534
82	285.0218229375586	0.9992366
83	281.1132832985527	1.0029432
84	277.2047436595468	0.99628806
85	273.29620402054087	0.99967134
86	269.38766438153493	1.0040953
87	265.479124742529	0.99989384
88	261.5705851035231	1.0006441
89	257.6620454645172	0.9988064
90	253.7535058255113	0.99703836
91	249.84496618650536	0.9994555
92	245.93642654749945	1.00157
93	242.02788690849354	1.0039579
94	238.1193472694876	1.0014391
95	234.2108076304817	0.99776006
96	230.3022679914758	1.0057327
97	226.39372835246988	1.0016525
98	222.48518871346394	1.0002459
99	218.57664907445803	0.99998
100	214.66810943545212	0.9991781
101	210.75956979644621	0.9996447
102	206.8510301574403	1.0014822
103	202.94249051843437	1.0068611
104	199.03395087942846	1.0005724
105	195.12541124042255	1.0030453
106	191.21687160141664	0.9999169
107	187.3083319624107	1.0000137
108	183.3997923234048	0.99676293
109	179.4912526843989	1.0030112
110	175.58271304539298	0.99888533
111	171.67417340638707	0.9973637
112	167.76563376738113	0.9987822
113	163.85709412837522	0.9996395
114	159.94855448936931	0.99598485
115	156.0400148503634	1.0000573
116	152.13147521135747	0.9985628
117	148.22293557235156	1.0010602
118	144.31439593334565	0.9991928
119	140.40585629433974	0.9998557
120	136.4973166553338	0.99787116
121	132.5887770163279	0.996952
122	128.680237377322	0.99563974
123	124.77169773831605	0.9950754
124	120.86315809931014	0.9941893
125	116.95461846030423	1.0015414
126	113.04607882129831	0.99627703
127	109.1375391822924	0.9992343
128	105.22899954328648	0.99891394
129	101.32045990428057	0.9951643
130	97.41192026527463	1.000078
131	93.50338062626872	0.99749875
132	89.5948409872628	0.99887294
133	85.68630134825689	0.9978143
134	81.77776170925098	1.0011451
135	77.86922207024506	0.9953773
136	73.96068243123915	1.0069027
137	70.05214279223323	1.0030744
138	66.14360315322732	1.0069135
139	62.235063514221395	1.0059962
140	58.326523875215486	1.002745
141	54.41798423620958	1.0050645
142	50.509444597203654	1.0086784
143	46.60090495819773	1.0045407
144	42.69236531919182	1.0104579
145	38.7838256801859	1.0100919
146	34.87528604117999	1.009022
147	30.96674640217407	1.0032643
148	27.05820676316816	1.0063801
149	23.149667124162242	1.0103344
150	19.241127485156323	1.0070766
151	15.33258784615041	1.0048349
152	11.424048207144494	1.0078094
153	7.515508568138577	0.9970004
154	3.6069689291326625	0.9833855
155	-0.3015707098732543	0.970362
156	-4.210110348879171	0.9971182
157	-8.118649987885087	0.99077404
158	-12.027189626891003	1.0000283
159	-15.935729265896919	0.99675095
160	-19.844268904902833	0.9959634
161	-23.75280854390875	0.9987136
162	-27.661348182914665	1.0006247
163	-31.569887821920585	0.99536544
164	-35.4784274609265	0.9958098
165	-39.38696709993242	1.0000482
166	-43.29550673893833	1.0041769
167	-47.20404637794425	1.0021539
168	-51.11258601695016	1.0012399
169	-55.021125656006404	0.99988025
170	-58.92966529501231	1.0030872
171	-62.838204934018236	0.9935833
172	-66.74674457302416	1.0001564
173	-70.65528421203007	0.99918354
174	-74.56382385103599	1.003362
175	-78.4723634900419	0.9999912
176	-82.38090312904781	1.0012503
177	-86.28944276805375	0.99929947
178	-90.19798240705965	1.0026503
179	-94.10652204606558	1.0015736
180	-98.01506168507149	0.998742
181	-101.9236013240774	1.003135
182	-105.83214096308332	0.99895275
183	-109.74068060208923	1.0022923
184	-113.64922024109515	0.99941766
185	-117.55775988010106	1.0034763
186	-121.46629951910698	1.0046892
187	-125.37483915811289	0.9928073
188	-129.28337879711881	0.9932849
189	-133.19191843612472	0.99699354
190	-137.10045807513063	0.9951321
191	-141.00899771413654	1.0053269
192	-144.91753735314248	0.9984764
193	-148.8260769921484	0.9976695
194	-152.73461663115432	1.005073
195	-156.64315627016023	0.99810725
196	-160.55169590916614	0.99789643
197	-164.46023554817205	1.0021092
198	-168.368775187178	1.0002416
199	-172.2773148261839	1.0002092
200	-176.1858544651898	1.0004829
201	-180.09439410419571	1.0022147
202	-184.00293374320162	0.9991307
203	-187.91147338220756	0.99594563
204	-191.82001302121347	0.99871224
205	-195.72855266021938	0.9991545
206	-199.6370922992253	1.0037172
207	-203.54563193823122	0.99983007
208	-207.45417157723713	1.0023816
209	-211.36271121624304	1.0025994
210	-215.27125085524895	1.0001947
211	-219.17979049425486	1.0003976
212	-223.0883301332608	0.9967974
213	-226.9968697722667	1.001178
214	-230.90540941127261	1.0029705
215	-234.81394905027852	1.0018082
216	-238.72248868928446	0.9997249
217	-242.63102832829037	0.9985463
218	-246.53956796729628	0.99833316
219	-250.4481076063022	1.0030785
220	-254.35664724530815	0.9979403
221	-258.26518688431406	1.002749
222	-262.17372652331994	1.0036072
223	-266.0822661623259	0.99828744
224	-269.9908058013318	1.0057387
225	-273.8993454403377	0.9941869
226	-277.80788507934363	1.0022117
227	-281.7164247183496	1.0012491
228	-285.62496435735545	1.0028607
229	-289.5335039963614	1.0015
230	-293.44204363536727	0.9996004
231	-297.3505832743732	0.99734944
232	-301.2591229133791	1.0016898
233	-305.167662552385	1.0009027
234	-309.0762021913909	1.0001445
235	-312.98474183039684	0.99997383
236	-316.8932814694028	0.99609745
237	-320.80182110840866	1.0054023
238	-324.71036074741465	1.0
239	-328.61890038642053	1.0
240	-332.5274400254265	1.0
241	-336.4359796644324	1.0
242	-340.3445193034383	1.0
243	-344.2530589424442	1.0
244	-348.16159858145016	1.0
245	-352.07013822045604	1.0
246	-355.978677859462	1.0
247	-359.88721749846786	1.0
248	-363.7957571374738	1.0
249	-367.70429677647974	1.0
250	-371.6128364154856	1.0
251	-375.52137605449155	1.0
252	-379.42991569349743	1.0
253	-383.3384553325034	1.0
254	-387.2469949715093	1.0
255	-391.1555346105152	1.0
256	-395.0640742495211	1.0
257	-398.972613888527	1.0
258	-402.88115352753294	1.0
259	-406.7896931665389	1.0
260	-410.69823280554476	1.0
261	-414.6067724445507	1.0
262	-418.51531208355664	1.0
263	-422.4238517225625	1.0
264	-426.33239136156845	1.0
265	-430.24093100057434	1.0
266	-434.1494706395803	1.0
267	-438.0580102785862	1.0
268	-441.9665499175921	1.0
269	-445.875089556598	1.0
