	velocity	Amplitude
0	606.2161393287806	0.95900476
1	602.3075996897746	0.98227745
2	598.3990600507689	1.0056968
3	594.4905204117629	1.0167727
4	590.581980772757	0.9990619
5	586.673441133751	0.98775065
6	582.764901494745	0.95383346
7	578.8563618557392	1.0060538
8	574.9478222167332	0.9908803
9	571.0392825777274	0.99575377
10	567.1307429387215	0.96213216
11	563.2222032997155	0.99566066
12	559.3136636607096	1.0611144
13	555.4051240217037	1.0208774
14	551.4965843826977	1.0365839
15	547.5880447436919	0.9966837
16	543.679505104686	0.9665761
17	539.7709654656801	0.98702747
18	535.8624258266741	1.037888
19	531.9538861876682	0.98918146
20	528.0453465486623	0.9913213
21	524.1368069096563	1.0536278
22	520.2282672706505	0.99542236
23	516.3197276316446	1.0044309
24	512.4111879926386	1.0274751
25	508.50264835363276	0.97378117
26	504.5941087146269	0.9405033
27	500.68556907562095	0.96797466
28	496.777029436615	1.0140344
29	492.86848979760913	0.9790914
30	488.9599501586032	1.0346609
31	485.0514105195973	0.9588171
32	481.1428708805914	1.0442007
33	477.23433124158544	1.007284
34	473.32579160257956	0.9415704
35	469.4172519635736	0.9967363
36	465.50871232456774	0.9618438
37	461.6001726855618	1.011615
38	457.69163304655586	1.0159917
39	453.78309340755	0.999896
40	449.874553768544	1.0015459
41	445.96601412953805	0.9722167
42	442.0574744905322	1.0163766
43	438.14893485152623	1.0756373
44	434.2403952125203	0.9902281
45	430.3318555735144	1.0241606
46	426.4233159345085	0.9762553
47	422.5147762955026	0.9647964
48	418.60623665649666	1.0035032
49	414.6976970174907	0.98970765
50	410.78915737848484	1.0637254
51	406.8806177394789	1.0232962
52	402.972078100473	1.0114398
53	399.0635384614671	1.0141413
54	395.15499882246115	0.98077905
55	391.2464591834553	0.9968639
56	387.33791954444933	1.0379386
57	383.4293799053931	1.0196488
58	379.5208402663872	0.9572281
59	375.6123006273813	1.0034091
60	371.7037609883754	1.0442382
61	367.79522134936946	1.0536461
62	363.8866817103635	1.0592837
63	359.97814207135764	0.9917397
64	356.0696024323517	1.0401216
65	352.16106279334576	0.9731831
66	348.2525231543399	0.9768964
67	344.34398351533395	0.97068024
68	340.43544387632807	0.98476285
69	336.5269042373221	0.98596936
70	332.6183645983162	1.0080066
71	328.7098249593103	0.984528
72	324.8012853203044	1.0036644
73	320.8927456812985	1.0314664
74	316.98420604229256	1.0411752
75	313.0756664032866	0.9832973
76	309.16712676428074	0.97308725
77	305.2585871252748	1.0236344
78	301.3500474862689	1.0409297
79	297.441507847263	1.0568599
80	293.53296820825705	0.9879231
81	289.62442856925117	0.996466
82	285.7158889302452	0.9517617
83	281.8073492912393	1.0433638
84	277.8988096522334	0.9804359
85	273.9902700132275	0.9891371
86	270.08173037422154	1.0140429
87	266.1731907352156	1.0040708
88	262.2646510962097	1.0655427
89	258.3561114572038	1.0775508
90	254.44757181819787	0.97317237
91	250.53903217919193	0.94306463
92	246.63049254018603	1.0198686
93	242.72195290118012	0.91857076
94	238.81341326217418	0.9695767
95	234.90487362316827	1.0670274
96	230.99633398416236	1.0486939
97	227.08779434515645	0.9263693
98	223.17925470615052	0.97131056
99	219.2707150671446	1.0177438
100	215.3621754281387	0.9786919
101	211.4536357891328	0.95710266
102	207.54509615012688	0.998
103	203.63655651112094	0.9569446
104	199.72801687211503	1.0219191
105	195.81947723310913	1.0191345
106	191.91093759410322	0.92738897
107	188.00239795509728	1.0163181
108	184.09385831609137	1.0073982
109	180.18531867708546	0.97937274
110	176.27677903807955	0.96920854
111	172.36823939907364	0.9590675
112	168.4596997600677	0.9419363
113	164.5511601210618	1.0387166
114	160.6426204820559	1.0195663
115	156.73408084304998	0.88635683
116	152.82554120404404	1.0750546
117	148.91700156503813	1.0321395
118	145.00846192603223	1.0423485
119	141.09992228702632	1.0093769
120	137.19138264802038	0.94892585
121	133.28284300901447	0.971802
122	129.37430337000856	1.0155227
123	125.46576373100262	0.9403483
124	121.55722409199672	0.96354836
125	117.6486844529908	0.9861529
126	113.74014481398488	0.98415685
127	109.83160517497898	1.0017204
128	105.92306553597305	0.9905376
129	102.01452589696714	0.9879772
130	98.1059862579612	0.98909456
131	94.1974466189553	0.9599394
132	90.28890697994937	1.0436118
133	86.38036734094347	1.038823
134	82.47182770193756	1.0561739
135	78.56328806293163	1.0144566
136	74.65474842392572	0.96764123
137	70.7462087849198	0.9918343
138	66.83766914591389	1.0057582
139	62.92912950690798	1.0533981
140	59.02058986790207	1.04211
141	55.11205022889615	0.9816701
142	51.203510589890236	0.9208359
143	47.29497095088431	0.9286478
144	43.3864313118784	0.95975727
145	39.47789167287248	0.9540902
146	35.569352033866565	1.0009673
147	31.66081239486065	1.0400189
148	27.75227275585474	1.0070125
149	23.843733116848817	1.0069628
150	19.9351934778429	1.0427868
151	16.026653838836985	1.0382333
152	12.118114199831071	0.97767186
153	8.209574560825153	1.0080003
154	4.301034921819239	0.94143265
155	0.39249528281332235	0.93521875
156	-3.516044356192594	0.7485401
157	-7.42458399519851	0.93470275
158	-11.333123634204426	0.9118542
159	-15.241663273210342	1.0144513
160	-19.15020291221626	0.9903073
161	-23.058742551222174	1.0432414
162	-26.96728219022809	1.0223155
163	-30.875821829234006	1.0263674
164	-34.78436146823992	1.0230283
165	-38.69290110724584	0.9814821
166	-42.601440746251754	1.0124356
167	-46.50998038525767	0.97951674
168	-50.418520024263586	0.99786705
169	-54.32705966331982	1.039138
170	-58.23559930232574	0.99115133
171	-62.144138941331654	1.0131584
172	-66.05267858033758	0.9861231
173	-69.9612182193435	1.0098324
174	-73.86975785834942	0.9904002
175	-77.77829749735533	0.9493497
176	-81.68683713636123	0.9770785
177	-85.59537677536717	0.9839729
178	-89.50391641437308	1.0664053
179	-93.412456053379	1.0803049
180	-97.32099569238491	0.9747445
181	-101.22953533139082	1.0085245
182	-105.13807497039674	0.99786204
183	-109.04661460940265	1.0430645
184	-112.95515424840858	0.98338515
185	-116.86369388741448	0.97447115
186	-120.77223352642041	0.92560095
187	-124.68077316542632	1.0206664
188	-128.58931280443224	0.98856
189	-132.49785244343815	0.9941939
190	-136.40639208244406	0.9973411
191	-140.31493172144997	1.0285432
192	-144.2234713604559	0.96431357
193	-148.1320109994618	1.009925
194	-152.04055063846775	0.98343474
195	-155.94909027747366	1.0493236
196	-159.85762991647957	0.98000485
197	-163.76616955548548	1.0545489
198	-167.6747091944914	1.0250041
199	-171.58324883349732	0.9867914
200	-175.49178847250323	0.9547122
201	-179.40032811150914	0.9549431
202	-183.30886775051505	0.9796215
203	-187.217407389521	1.014214
204	-191.1259470285269	0.982869
205	-195.0344866675328	1.0381309
206	-198.9430263065387	1.0353795
207	-202.85156594554465	0.9848543
208	-206.76010558455056	0.990764
209	-210.66864522355647	0.9908175
210	-214.57718486256238	1.0307854
211	-218.48572450156828	0.952102
212	-222.39426414057422	1.009418
213	-226.30280377958013	0.99671555
214	-230.21134341858604	1.0394846
215	-234.11988305759195	1.0228117
216	-238.0284226965979	0.9871731
217	-241.9369623356038	1.0798924
218	-245.8455019746097	1.0167973
219	-249.7540416136156	1.024425
220	-253.66258125262158	0.9670679
221	-257.57112089162746	1.041893
222	-261.4796605306334	0.937295
223	-265.3882001696393	0.98300195
224	-269.2967398086452	0.97977835
225	-273.2052794476511	1.0549971
226	-277.11381908665703	0.98183084
227	-281.02235872566297	1.0044585
228	-284.93089836466885	1.0305825
229	-288.8394380036748	0.9780931
230	-292.74797764268067	0.9940013
231	-296.6565172816866	1.0123447
232	-300.5650569206925	1.0086435
233	-304.4735965596984	0.99307436
234	-308.3821361987043	1.0100459
235	-312.29067583771024	1.0471932
236	-316.1992154767162	0.98137385
237	-320.10775511572206	1.0030785
238	-324.01629475472805	1.0
239	-327.92483439373393	1.0
240	-331.83337403273987	1.0
241	-335.7419136717458	1.0
242	-339.6504533107517	1.0
243	-343.5589929497576	1.0
244	-347.46753258876356	1.0
245	-351.37607222776944	1.0
246	-355.2846118667754	1.0
247	-359.19315150578126	1.0
248	-363.1016911447872	1.0
249	-367.01023078379313	1.0
250	-370.918770422799	1.0
251	-374.82731006180495	1.0
252	-378.73584970081083	1.0
253	-382.64438933981677	1.0
254	-386.5529289788227	1.0
255	-390.4614686178286	1.0
256	-394.3700082568345	1.0
257	-398.2785478958404	1.0
258	-402.18708753484634	1.0
259	-406.0956271738523	1.0
260	-410.00416681285816	1.0
261	-413.9127064518641	1.0
262	-417.82124609087003	1.0
263	-421.7297857298759	1.0
264	-425.63832536888185	1.0
265	-429.54686500788773	1.0
266	-433.45540464689367	1.0
267	-437.3639442858996	1.0
268	-441.2724839249055	1.0
269	-445.1810235639114	1.0
