	velocity	Amplitude
0	-147.05995899799998	0.041231796
1	-146.85384917397	0.03537828
2	-146.64773934993997	0.026709415
3	-146.44162952590997	0.07578434
4	-146.23551970188	0.025843276
5	-146.02940987785	0.041270692
6	-145.82330005382	0.022084929
7	-145.61719022979	0.033306986
8	-145.41108040575998	0.043048054
9	-145.20497058172998	0.036512967
10	-144.9988607577	0.049499422
11	-144.79275093366996	0.047222704
12	-144.58664110963997	0.0249412
13	-144.38053128561	0.020938788
14	-144.17442146158	0.07155797
15	-143.96831163755	0.05244046
16	-143.76220181352	0.018342007
17	-143.55609198949	0.024743238
18	-143.34998216545998	0.029011402
19	-143.14387234142998	0.039997727
20	-142.9377625174	0.01656495
21	-142.73165269336997	0.039212525
22	-142.52554286934	0.05259464
23	-142.31943304531	0.027703904
24	-142.11332322127998	0.051103182
25	-141.90721339725	0.056408312
26	-141.70110357322	0.04413818
27	-141.49499374918997	0.06290108
28	-141.28888392515998	0.06606896
29	-141.08277410112998	0.051463634
30	-140.87666427709996	0.068275295
31	-140.67055445307	0.047055077
32	-140.46444462904	0.058490835
33	-140.25833480500998	0.012773788
34	-140.05222498098	0.034718394
35	-139.84611515695	0.022194711
36	-139.64000533292	0.024775654
37	-139.43389550888998	0.015409019
38	-139.22778568485998	0.033492252
39	-139.02167586083	0.064267874
40	-138.8155660368	0.0591622
41	-138.60945621277	0.05027493
42	-138.40334638874	0.035793595
43	-138.19723656470998	0.019146152
44	-137.99112674068	0.044671334
45	-137.78501691665	0.04079003
46	-137.57890709261997	0.03646049
47	-137.37279726858998	0.02986335
48	-137.16668744455998	0.04922717
49	-136.96057762053	0.036289424
50	-136.7544677965	0.031583145
51	-136.54835797247	0.074699126
52	-136.34224814843998	0.0597951
53	-136.13613832440998	0.025174972
54	-135.93002850038	0.016066477
55	-135.72391867634997	0.01564048
56	-135.51780885231997	0.029609442
57	-135.31169902828998	0.059509344
58	-135.10558920425999	0.033492036
59	-134.89947938023	0.030403778
60	-134.6933695562	0.0711088
61	-134.48725973216997	0.043956134
62	-134.28114990813998	0.04934412
63	-134.07504008411	0.045940567
64	-133.86893026008	0.038930133
65	-133.66282043604997	0.036862023
66	-133.45671061202	0.03706492
67	-133.25060078799	0.044008635
68	-133.04449096396	0.029017495
69	-132.83838113993	0.03833452
70	-132.6322713159	0.045982495
71	-132.42616149186998	0.035616983
72	-132.22005166783998	0.029818486
73	-132.01394184381	0.04848653
74	-131.80783201977997	0.048144992
75	-131.60172219575	0.015726037
76	-131.39561237172	0.023465334
77	-131.18950254768998	0.04927999
78	-130.98339272366	0.041702136
79	-130.77728289963	0.05031383
80	-130.5711730756	0.06986129
81	-130.36506325156998	0.04272955
82	-130.15895342753998	0.037619226
83	-129.95284360351	0.04214261
84	-129.74673377948	0.046591036
85	-129.54062395545	0.031274132
86	-129.33451413141998	0.020743473
87	-129.12840430738999	0.052949633
88	-128.92229448336	0.090781376
89	-128.71618465933	0.04479679
90	-128.51007483529997	0.037738383
91	-128.30396501126998	0.0405421
92	-128.09785518724	0.04892828
93	-127.89174536320998	0.048675932
94	-127.68563553917998	0.048738483
95	-127.47952571514999	0.04005321
96	-127.27341589112	0.03932593
97	-127.06730606708999	0.06116032
98	-126.86119624306	0.03408166
99	-126.65508641902998	0.028930798
100	-126.44897659499999	0.04491825
101	-126.24286677097	0.043425146
102	-126.03675694693999	0.027422853
103	-125.83064712290998	0.0051766634
104	-125.62453729888	0.06450634
105	-125.41842747484999	0.049601182
106	-125.21231765081998	0.039066825
107	-125.00620782678999	0.05105286
108	-124.80009800275998	0.016509997
109	-124.59398817872999	0.015896901
110	-124.38787835469999	0.026958164
111	-124.18176853066998	0.0562006
112	-123.97565870663998	0.050695337
113	-123.76954888261	0.04169359
114	-123.56343905857999	0.02545827
115	-123.35732923454998	0.02846843
116	-123.15121941051999	0.022063147
117	-122.94510958648998	0.029114023
118	-122.73899976246	0.0289926
119	-122.53288993842999	0.009150241
120	-122.32678011439998	0.04463973
121	-122.12067029036999	0.06476243
122	-121.91456046633999	0.030356038
123	-121.70845064231	0.045666058
124	-121.50234081827999	0.032697193
125	-121.29623099424998	0.035860475
126	-121.09012117021999	0.03754823
127	-120.88401134619	0.04176815
128	-120.67790152215998	0.04551015
129	-120.47179169812999	0.04438778
130	-120.26568187409998	0.030966058
131	-120.05957205006999	0.038873468
132	-119.85346222604	0.029256985
133	-119.64735240200999	0.03063521
134	-119.44124257797998	0.041030735
135	-119.23513275395	0.024718743
136	-119.02902292991999	0.045099843
137	-118.82291310588998	0.027364826
138	-118.61680328185999	0.023013743
139	-118.41069345782998	0.024808303
140	-118.20458363379998	0.031764448
141	-117.99847380976999	0.03702224
142	-117.79236398573998	0.026410487
143	-117.58625416170999	0.039246935
144	-117.38014433768	0.039767906
145	-117.17403451365	0.043800246
146	-116.96792468961999	0.019070484
147	-116.76181486558998	0.04762737
148	-116.55570504155999	0.026329966
149	-116.34959521753	0.044823896
150	-116.14348539349999	0.04793507
151	-115.93737556946999	0.038475133
152	-115.73126574543998	0.04492025
153	-115.52515592140999	0.03453386
154	-115.31904609738	0.021158643
155	-115.11293627334999	0.018030707
156	-114.90682644931998	0.031112596
157	-114.70071662528999	0.04623457
158	-114.49460680125999	0.012139082
159	-114.28849697722998	0.02665034
160	-114.08238715319999	0.021284733
161	-113.87627732916998	0.05743342
162	-113.67016750513999	0.021362528
163	-113.46405768110999	0.01803732
164	-113.25794785708	0.049295172
165	-113.05183803304998	0.0068634897
166	-112.84572820901998	0.052983455
167	-112.63961838499	0.06912206
168	-112.43350856095998	0.04965018
169	-112.22739873692998	0.040529337
170	-112.02128891289999	0.037794672
171	-111.81517908887	0.055396266
172	-111.60906926483999	0.034322295
173	-111.40295944081	0.022158366
174	-111.19684961677999	0.061383884
175	-110.99073979274998	0.059689306
176	-110.78462996872	0.046529457
177	-110.57852014468999	0.020424958
178	-110.37241032065998	0.023313303
179	-110.16630049662999	0.041455332
180	-109.96019067259999	0.039010406
181	-109.75408084856998	0.037205886
182	-109.54797102453999	0.021378048
183	-109.34186120050998	0.047975354
184	-109.13575137647999	-0.0050602313
185	-108.92964155245	0.01624041
186	-108.72353172841999	0.03214336
187	-108.51742190438998	0.026533026
188	-108.31131208035998	0.04501976
189	-108.10520225633	0.046774145
190	-107.89909243229998	0.07205585
191	-107.69298260826999	0.03811952
192	-107.48687278423999	0.04496572
193	-107.28076296020998	0.025959052
194	-107.07465313617999	0.06453765
195	-106.86854331215	0.029288543
196	-106.66243348811999	0.049180917
197	-106.45632366408998	0.019782271
198	-106.25021384006	0.056918126
199	-106.04410401602999	0.034399472
200	-105.83799419199998	0.024305735
201	-105.63188436796999	0.036834277
202	-105.42577454394	0.036324743
203	-105.21966471990999	0.059307538
204	-105.01355489587999	0.0583769
205	-104.80744507184998	0.030405277
206	-104.60133524781997	0.035111934
207	-104.39522542379	0.038157772
208	-104.18911559975999	0.046287704
209	-103.98300577572998	0.020346295
210	-103.77689595169998	0.025857447
211	-103.57078612766999	0.0056931265
212	-103.36467630363998	0.025830783
213	-103.15856647960999	0.065565735
214	-102.95245665558	0.08103425
215	-102.74634683154997	0.03983304
216	-102.54023700751999	0.0547141
217	-102.33412718349	0.0066592656
218	-102.12801735945999	0.062101454
219	-101.92190753542998	0.015035801
220	-101.7157977114	0.017607521
221	-101.50968788736999	0.055880986
222	-101.30357806333998	0.011448132
223	-101.09746823930999	0.048715286
224	-100.89135841528	0.064303964
225	-100.68524859124999	0.059990413
226	-100.47913876722	0.047192786
227	-100.27302894318998	0.037950672
228	-100.06691911915998	0.046910413
229	-99.86080929513	0.053221863
230	-99.65469947109999	0.03042366
231	-99.44858964706998	0.0584118
232	-99.24247982303999	0.039459046
233	-99.03636999900999	0.064694226
234	-98.83026017497998	0.03107163
235	-98.62415035094999	0.014863417
236	-98.41804052692	0.04960987
237	-98.21193070288997	0.02450057
238	-98.00582087885999	0.02929511
239	-97.79971105483	0.027596805
240	-97.59360123079998	0.03801185
241	-97.38749140676998	0.05046752
242	-97.18138158274	0.038419295
243	-96.97527175871	0.047448374
244	-96.76916193467999	0.015141638
245	-96.56305211064999	0.05297596
246	-96.35694228661998	0.021610778
247	-96.15083246258999	0.057492528
248	-95.94472263856	0.08715834
249	-95.73861281452999	0.05144418
250	-95.53250299049998	0.028851436
251	-95.32639316647	0.034989223
252	-95.12028334243999	0.025778884
253	-94.91417351840998	0.019173075
254	-94.70806369437999	0.068555094
255	-94.50195387034998	0.030121991
256	-94.29584404631998	0.034269124
257	-94.08973422228999	0.017998882
258	-93.88362439825998	0.044293962
259	-93.67751457422997	0.04568173
260	-93.4714047502	0.06575531
261	-93.26529492617	0.010127343
262	-93.05918510213998	0.025588488
263	-92.85307527810998	0.030677987
264	-92.64696545408	0.024811773
265	-92.44085563005	0.004641342
266	-92.23474580601999	0.026552476
267	-92.02863598198999	0.063163295
268	-91.82252615795998	0.046739176
269	-91.61641633392999	0.021246273
270	-91.4103065099	0.038031437
271	-91.20419668586999	0.03669376
272	-90.99808686183998	0.025641164
273	-90.79197703781	0.031509377
274	-90.58586721377999	0.046688013
275	-90.37975738974998	0.030289099
276	-90.17364756571999	0.032708064
277	-89.96753774168998	0.033030216
278	-89.76142791765999	0.027600791
279	-89.55531809362999	0.025664426
280	-89.34920826959998	0.054414615
281	-89.14309844556998	0.044532143
282	-88.93698862154	0.011572819
283	-88.73087879751	0.056629404
284	-88.52476897347998	0.054315295
285	-88.31865914944999	0.023828227
286	-88.11254932541999	0.031882964
287	-87.90643950138998	0.020100564
288	-87.70032967735999	0.03416276
289	-87.49421985333	0.041124914
290	-87.28811002929999	0.04408808
291	-87.08200020526999	0.030883484
292	-86.87589038124	0.04826507
293	-86.66978055720999	0.043311864
294	-86.46367073317998	0.01987834
295	-86.25756090914999	0.011888046
296	-86.05145108512	0.018092558
297	-85.84534126108998	0.04364337
298	-85.63923143705999	0.02288045
299	-85.43312161302998	0.03726624
300	-85.22701178899999	0.04002742
301	-85.02090196497	0.062502466
302	-84.81479214093999	0.01945144
303	-84.60868231690998	0.03313131
304	-84.40257249287998	0.025832787
305	-84.19646266884999	0.02908504
306	-83.99035284481998	0.043588802
307	-83.78424302078999	0.04527494
308	-83.57813319675999	0.039508782
309	-83.37202337272998	0.04772136
310	-83.16591354869999	0.029346308
311	-82.95980372467	0.049968183
312	-82.75369390063997	0.059753492
313	-82.54758407660998	0.046559438
314	-82.34147425258	0.038221456
315	-82.13536442854999	0.043580286
316	-81.92925460451998	0.039015613
317	-81.72314478048999	0.05132866
318	-81.51703495646	0.069992416
319	-81.31092513242999	0.023276418
320	-81.10481530839999	0.031540044
321	-80.89870548436998	0.013394456
322	-80.69259566033999	0.020097837
323	-80.48648583631	0.050610997
324	-80.28037601227999	0.025785148
325	-80.07426618824998	0.010472279
326	-79.86815636421998	0.0372262
327	-79.66204654018999	0.03750072
328	-79.45593671616	0.04776716
329	-79.24982689212999	0.03320984
330	-79.04371706809998	0.027084641
331	-78.83760724407	0.041434076
332	-78.63149742003999	0.04463112
333	-78.42538759600998	0.06812625
334	-78.21927777197999	0.040041983
335	-78.01316794794998	0.030825209
336	-77.80705812391999	0.02676266
337	-77.60094829988999	0.018208813
338	-77.39483847585998	0.021778094
339	-77.18872865182998	0.036051616
340	-76.9826188278	0.041424178
341	-76.77650900376999	0.023356376
342	-76.57039917974	0.04137126
343	-76.36428935570999	0.035580847
344	-76.15817953167998	0.04543122
345	-75.95206970765	0.035736628
346	-75.74595988361999	0.044337228
347	-75.53985005958998	0.008188913
348	-75.33374023555999	0.035076298
349	-75.12763041152999	0.0500235
350	-74.92152058749998	0.009843665
351	-74.71541076346999	0.026176043
352	-74.50930093943998	0.025770985
353	-74.30319111540999	0.045918755
354	-74.09708129138	0.025920028
355	-73.89097146734998	0.025344063
356	-73.68486164331999	0.0066881794
357	-73.47875181928998	0.023222115
358	-73.27264199525999	0.04362099
359	-73.06653217123	0.023629978
360	-72.86042234719999	0.018449325
361	-72.65431252316998	0.012390414
362	-72.44820269914	0.013699586
363	-72.24209287510999	0.051646218
364	-72.03598305108	0.026484845
365	-71.82987322704999	0.03594603
366	-71.62376340301998	0.022191394
367	-71.41765357899	0.044575486
368	-71.21154375495999	0.015589583
369	-71.00543393092998	0.032741163
370	-70.79932410689999	0.03173495
371	-70.59321428287	0.028242761
372	-70.38710445883999	0.021507056
373	-70.18099463480999	0.017964447
374	-69.97488481077998	0.028770613
375	-69.76877498674997	0.016422436
376	-69.56266516272	0.005731444
377	-69.35655533868999	0.041628107
378	-69.15044551465999	0.02580496
379	-68.94433569062998	0.024832966
380	-68.73822586659999	0.028363999
381	-68.53211604257	0.03274039
382	-68.32600621853999	0.008965423
383	-68.11989639450998	0.03906408
384	-67.91378657047999	0.027855586
385	-67.70767674644999	0.037425578
386	-67.50156692241998	0.018490698
387	-67.29545709838999	0.0310617
388	-67.08934727435998	0.027783098
389	-66.88323745033	0.015237383
390	-66.67712762629999	0.028036159
391	-66.47101780226998	0.04370373
392	-66.26490797823999	0.025911741
393	-66.05879815420998	0.017482799
394	-65.85268833017999	0.067875475
395	-65.64657850615	0.023745507
396	-65.44046868211998	0.020513304
397	-65.23435885808998	0.028289067
398	-65.02824903406	0.044431362
399	-64.82213921002999	0.019942753
400	-64.616029386	0.032702103
401	-64.40991956196999	0.030802365
402	-64.20380973793998	0.060339168
403	-63.99769991390999	0.022475649
404	-63.79159008987999	0.046986528
405	-63.58548026584998	0.059615105
406	-63.379370441819994	0.018380404
407	-63.173260617789985	0.032513574
408	-62.967150793759984	0.016567577
409	-62.76104096972999	0.052706715
410	-62.55493114569999	0.025120817
411	-62.348821321669995	0.02193024
412	-62.142711497639986	0.021463905
413	-61.936601673609985	0.018127076
414	-61.73049184957999	0.051113494
415	-61.52438202554999	0.06905998
416	-61.31827220151998	0.020484932
417	-61.112162377489994	0.0022642165
418	-60.906052553459986	0.041730084
419	-60.699942729429985	0.014110379
420	-60.49383290539999	0.022305459
421	-60.28772308136999	0.031668395
422	-60.08161325733998	0.014747888
423	-59.87550343330999	0.04374909
424	-59.669393609279986	0.029979415
425	-59.46328378524999	0.046831932
426	-59.25717396121999	0.02181914
427	-59.05106413718998	0.019645374
428	-58.844954313159995	0.056083128
429	-58.63884448912999	0.010570869
430	-58.432734665099986	0.062838934
431	-58.22662484106999	0.053444806
432	-58.02051501703998	0.051835425
433	-57.81440519300998	0.015625864
434	-57.60829536897999	0.07599263
435	-57.40218554494999	0.021137862
436	-57.19607572091999	0.050476223
437	-56.98996589688999	0.01864238
438	-56.78385607285998	0.04818397
439	-56.577746248829996	0.033655435
440	-56.37163642479999	0.044579268
441	-56.16552660076998	0.004083261
442	-55.95941677673999	0.053815678
443	-55.753306952709984	0.04739606
444	-55.54719712867998	0.064457685
445	-55.34108730464999	0.051939186
446	-55.13497748061999	0.009847105
447	-54.92886765658999	0.02142936
448	-54.72275783255999	0.05744695
449	-54.516648008529984	0.04114075
450	-54.3105381845	-0.00027417392
451	-54.10442836046999	0.0049852356
452	-53.89831853643998	0.021358982
453	-53.69220871240999	0.021413848
454	-53.486098888379985	0.027737442
455	-53.279989064349984	0.019299582
456	-53.07387924031999	0.027082998
457	-52.86776941628999	0.013318578
458	-52.66165959225998	0.023378713
459	-52.45554976822999	0.044904485
460	-52.249439944199985	0.022566557
461	-52.04333012017	0.017295642
462	-51.83722029613999	0.039636564
463	-51.63111047210998	0.053291462
464	-51.425000648079994	0.032293487
465	-51.218890824049986	0.044521846
466	-51.012781000019984	0.033781845
467	-50.80667117598999	0.03800505
468	-50.60056135195999	0.034795906
469	-50.39445152792998	0.031725235
470	-50.188341703899994	0.03601297
471	-49.982231879869985	0.012916032
472	-49.77612205583999	0.012008496
473	-49.57001223180999	0.03369827
474	-49.36390240777998	0.02708391
475	-49.157792583749995	3.8586557e-05
476	-48.951682759719986	0.03757201
477	-48.745572935689985	0.0053785834
478	-48.53946311165999	0.060542263
479	-48.33335328762999	0.03227871
480	-48.12724346359998	0.002748575
481	-47.92113363956999	0.044559218
482	-47.715023815539986	0.015304435
483	-47.50891399150999	0.00923723
484	-47.30280416747999	0.05758965
485	-47.09669434344998	0.02183146
486	-46.890584519419996	0.022499502
487	-46.68447469538999	0.04565844
488	-46.478364871359986	0.02108422
489	-46.27225504732999	0.013009835
490	-46.06614522329999	0.04581487
491	-45.86003539926998	0.021763543
492	-45.65392557523999	0.0340641
493	-45.44781575120999	0.015484121
494	-45.24170592717998	0.03533081
495	-45.03559610314999	0.03420297
496	-44.82948627911998	0.007657215
497	-44.623376455089996	0.030468114
498	-44.41726663105999	0.02750811
499	-44.21115680702999	0.021898951
500	-44.00504698299999	0.06680079
501	-43.798937158969984	0.06027752
502	-43.59282733493998	0.027622085
503	-43.38671751090999	-0.0044528544
504	-43.18060768687999	0.044061627
505	-42.97449786284998	0.03146228
506	-42.76838803881999	0.06284711
507	-42.562278214789984	0.026778191
508	-42.35616839076	0.039535128
509	-42.15005856672999	0.026477594
510	-41.94394874269999	0.045892674
511	-41.73783891866999	0.03334912
512	-41.531729094639985	0.03817094
513	-41.325619270609984	0.054154478
514	-41.11950944657999	0.07867928
515	-40.91339962254999	0.047422305
516	-40.70728979851998	0.044348773
517	-40.50117997448999	0.023397753
518	-40.295070150459985	0.035157353
519	-40.08896032643	0.07329604
520	-39.88285050239999	0.035299916
521	-39.67674067836998	0.016065925
522	-39.470630854339994	0.01079005
523	-39.264521030309986	0.026103929
524	-39.058411206279985	0.022154618
525	-38.85230138224999	0.032392155
526	-38.64619155821999	0.04227787
527	-38.44008173418998	0.027366871
528	-38.233971910159994	0.049100224
529	-38.027862086129986	0.0045641176
530	-37.8217522621	0.041879967
531	-37.61564243806999	0.01763615
532	-37.40953261403998	0.07322463
533	-37.203422790009995	0.07295635
534	-36.99731296597999	0.023615964
535	-36.791203141949985	0.07432666
536	-36.58509331791999	0.024975209
537	-36.37898349388999	0.020327546
538	-36.17287366985998	0.03761672
539	-35.966763845829995	0.020479329
540	-35.760654021799986	0.016040932
541	-35.55454419776998	0.032316163
542	-35.34843437373999	0.027152386
543	-35.14232454970998	0.030301519
544	-34.936214725679996	0.013614047
545	-34.73010490164999	0.035945006
546	-34.523995077619986	0.04075238
547	-34.31788525358999	0.025307678
548	-34.11177542955999	0.035708696
549	-33.90566560552998	0.04188375
550	-33.699555781499996	0.05067993
551	-33.49344595746999	0.04198766
552	-33.28733613343998	0.028783647
553	-33.08122630940999	0.040012263
554	-32.87511648537998	0.02782023
555	-32.66900666135	0.010995198
556	-32.46289683731999	0.042407155
557	-32.25678701328999	0.003929615
558	-32.05067718925999	0.02063613
559	-31.844567365229988	0.02817545
560	-31.638457541199983	0.034619294
561	-31.432347717169993	0.06972219
562	-31.226237893139988	0.02954077
563	-31.020128069109983	0.048234418
564	-30.814018245079993	0.030276768
565	-30.607908421049984	0.06274237
566	-30.401798597019994	0.04948028
567	-30.19568877298999	0.02055661
568	-29.989578948959984	-0.01065999
569	-29.783469124929994	0.019991308
570	-29.57735930089999	0.036141977
571	-29.371249476869984	0.046203278
572	-29.165139652839994	0.040206537
573	-28.95902982880999	0.017100863
574	-28.752920004779984	0.038162302
575	-28.54681018074999	0.022847459
576	-28.340700356719985	0.02991711
577	-28.13459053268998	0.016272668
578	-27.92848070865999	0.0021736883
579	-27.722370884629985	0.020375337
580	-27.516261060599994	0.024348887
581	-27.31015123656999	0.04232087
582	-27.104041412539985	0.052732125
583	-26.897931588509994	0.011949709
584	-26.69182176447999	0.037937842
585	-26.48571194044998	0.023901206
586	-26.27960211641999	0.03140924
587	-26.073492292389986	0.0067731366
588	-25.86738246835998	0.011710227
589	-25.66127264432999	0.014226623
590	-25.455162820299986	0.012659416
591	-25.249052996269995	-0.0005880967
592	-25.04294317223999	0.06737977
593	-24.836833348209986	0.026880588
594	-24.630723524179995	0.012028448
595	-24.424613700149987	0.059914142
596	-24.218503876119982	0.014209047
597	-24.01239405208999	0.04948762
598	-23.806284228059987	0.046190463
599	-23.600174404029982	0.057755105
600	-23.39406457999999	0.031201331
601	-23.187954755969987	0.07188756
602	-22.981844931939996	0.057094958
603	-22.77573510790999	0.083044425
604	-22.569625283879983	0.012520611
605	-22.363515459849992	0.03490991
606	-22.157405635819988	0.064043224
607	-21.951295811789983	0.024319358
608	-21.745185987759992	0.061669454
609	-21.539076163729987	0.024014682
610	-21.332966339699983	0.11800207
611	-21.126856515669992	0.08880815
612	-20.920746691639987	0.040702716
613	-20.714636867609983	0.024950907
614	-20.508527043579992	0.022827312
615	-20.302417219549984	0.06324348
616	-20.096307395519993	0.010829777
617	-19.89019757148999	0.004977214
618	-19.684087747459984	0.028748177
619	-19.477977923429993	0.027311541
620	-19.27186809939999	-0.0078068753
621	-19.065758275369983	0.027414847
622	-18.859648451339993	0.017646387
623	-18.653538627309988	0.016602978
624	-18.44742880327998	-0.0033205263
625	-18.24131897924999	0.02152941
626	-18.035209155219984	0.024057854
627	-17.829099331189994	0.023578934
628	-17.62298950715999	0.017730694
629	-17.416879683129984	0.044844195
630	-17.210769859099994	0.02868613
631	-17.00466003506999	-0.0016901977
632	-16.798550211039984	0.00821199
633	-16.592440387009994	0.012173753
634	-16.386330562979985	0.026911251
635	-16.18022073894998	-0.01672148
636	-15.974110914919992	0.042186137
637	-15.76800109089	0.0012462176
638	-15.56189126685998	0.014785692
639	-15.35578144282999	0.014949605
640	-15.1496716188	0.017117493
641	-14.943561794769979	-0.006112434
642	-14.737451970739988	0.039364424
643	-14.531342146709997	0.008093253
644	-14.325232322679978	-0.0022153705
645	-14.119122498649988	0.035310015
646	-13.913012674619997	0.04115399
647	-13.706902850589977	0.050917443
648	-13.500793026559986	0.010712914
649	-13.294683202529995	-0.016004559
650	-13.088573378499976	0.047816623
651	-12.882463554469984	0.028515063
652	-12.676353730439994	0.018668294
653	-12.470243906409975	-0.01689145
654	-12.264134082379984	0.016073689
655	-12.058024258349993	-0.0099951625
656	-11.851914434320003	0.03039588
657	-11.645804610289982	-0.018817049
658	-11.439694786259992	-0.0013019517
659	-11.233584962230001	0.01815984
660	-11.027475138199982	0.018207803
661	-10.821365314169991	0.0044504926
662	-10.61525549014	0.021176398
663	-10.40914566610998	0.01912426
664	-10.20303584207999	0.015848331
665	-9.996926018049999	0.01007583
666	-9.790816194019978	0.00031340122
667	-9.584706369989988	0.035688505
668	-9.378596545959997	0.061195783
669	-9.172486721929978	0.008829284
670	-8.966376897899988	0.010189781
671	-8.760267073869997	-0.0046961084
672	-8.554157249839976	0.013283528
673	-8.348047425809986	0.0140586775
674	-8.141937601779995	0.041598663
675	-7.935827777749975	0.022494635
676	-7.729717953719985	0.016172681
677	-7.523608129689994	0.004315199
678	-7.317498305659974	0.04713536
679	-7.111388481629984	0.040759496
680	-6.905278657599992	0.013493389
681	-6.699168833570002	0.027118199
682	-6.493059009539982	0.022741264
683	-6.286949185509991	0.02536524
684	-6.080839361480001	0.040941626
685	-5.874729537449981	0.019766014
686	-5.66861971341999	0.026138559
687	-5.46250988939	0.03133873
688	-5.25640006535998	0.049338154
689	-5.050290241329989	0.0052056797
690	-4.844180417299998	0.014143139
691	-4.638070593269979	0.013347954
692	-4.431960769239987	0.039249897
693	-4.225850945209997	-0.0024159104
694	-4.019741121179977	0.010884899
695	-3.8136312971499864	0.0285822
696	-3.607521473119996	0.020468451
697	-3.401411649089976	0.03494417
698	-3.1953018250599854	0.008256681
699	-2.9891920010299944	0.02639915
700	-2.783082176999975	0.0073173344
701	-2.576972352969984	0.011691671
702	-2.3708625289399934	0.04979437
703	-2.164752704910003	0.022106593
704	-1.958642880879983	0.0023565395
705	-1.7525330568499922	0.03659927
706	-1.5464232328200014	0.005521031
707	-1.3403134087899817	0.018408211
708	-1.134203584759991	0.017620988
709	-0.9280937607300002	0.025536485
710	-0.7219839366999804	-0.012238723
711	-0.5158741126699897	0.007973939
712	-0.309764288639999	-0.015586787
713	-0.10365446460997918	-0.022130404
714	0.10245535942001152	-0.007909961
715	0.3085651834500022	-0.036265012
716	0.514675007480022	-0.0036058128
717	0.7207848315100127	-0.015136696
718	0.9268946555400034	0.006044049
719	1.1330044795700231	-0.0077703875
720	1.339114303600014	0.028113883
721	1.5452241276300047	-0.014688487
722	1.7513339516600244	-0.025333527
723	1.9574437756900152	0.000893794
724	2.163553599720006	-0.042167634
725	2.369663423750026	0.007508248
726	2.5757732477800164	0.00013255328
727	2.781883071810007	-0.003372817
728	2.987992895839998	0.016043581
729	3.194102719870018	-0.010171179
730	3.4002125439000084	-0.026918173
731	3.606322367929999	-0.011994384
732	3.812432191960019	-0.028596029
733	4.018542015990009	0.013733409
734	4.22465184002	0.0032585822
735	4.43076166405002	-0.021103842
736	4.63687148808001	-0.01413843
737	4.842981312110002	-0.0063750986
738	5.049091136140022	-0.010399424
739	5.255200960170012	0.009368692
740	5.461310784200003	-0.024164587
741	5.667420608230023	-0.030202756
742	5.873530432260013	-0.03453602
743	6.079640256290004	0.020271648
744	6.285750080320024	-0.004203989
745	6.491859904350014	0.009513959
746	6.697969728380005	0.0059058205
747	6.904079552410025	0.014945529
748	7.110189376440015	0.007905155
749	7.316299200470007	0.0076897433
750	7.522409024500027	-0.015264913
751	7.728518848530017	0.023147149
752	7.934628672560008	0.022867575
753	8.140738496589998	0.033527814
754	8.346848320620017	0.019677348
755	8.55295814465001	0.028243093
756	8.75906796868	0.030134212
757	8.96517779271002	0.048318442
758	9.17128761674001	0.024255104
759	9.37739744077	0.03748873
760	9.583507264800021	0.06684041
761	9.789617088830012	0.023545515
762	9.995726912860002	0.040742747
763	10.201836736890021	0.05986349
764	10.407946560920012	0.027562238
765	10.614056384950002	0.06554258
766	10.820166208980023	0.041206837
767	11.026276033010014	0.01853022
768	11.232385857040004	0.050736114
769	11.438495681070025	0.02147413
770	11.644605505100015	0.056295298
771	11.850715329130006	0.03336546
772	12.056825153160025	0.027770482
773	12.262934977190016	0.044600904
774	12.469044801220006	0.029325787
775	12.675154625249997	0.05533345
776	12.881264449280017	0.037512366
777	13.087374273310008	0.033637427
778	13.293484097339999	0.028436843
779	13.49959392137002	0.04750032
780	13.70570374540001	0.047473673
781	13.91181356943	0.041095212
782	14.11792339346002	0.012439558
783	14.32403321749001	0.053298198
784	14.53014304152	0.032056108
785	14.736252865550021	0.0064311735
786	14.942362689580012	0.025361463
787	15.148472513610002	0.045455907
788	15.354582337640021	0.030472657
789	15.560692161670012	0.03644596
790	15.766801985700004	0.022485133
791	15.972911809730023	0.022953616
792	16.179021633760016	0.0671853
793	16.385131457790006	0.049891196
794	16.591241281820025	0.035736937
795	16.797351105850016	0.021601014
796	17.003460929880006	0.008380108
797	17.209570753910025	0.0032263044
798	17.415680577940016	0.00610782
799	17.621790401970006	0.010752326
800	17.827900225999997	0.04258635
801	18.034010050030016	0.041751605
802	18.24011987406001	0.04486202
803	18.44622969809	0.01375304
804	18.65233952212002	0.008617252
805	18.85844934615001	0.012894515
806	19.06455917018	0.0330005
807	19.27066899421002	0.042943664
808	19.47677881824001	0.025799064
809	19.68288864227	0.025294196
810	19.88899846630002	0.046507798
811	20.09510829033001	0.034610756
812	20.301218114360005	0.029780572
813	20.507327938390024	0.025426237
814	20.713437762420014	0.016741466
815	20.919547586450005	0.019933216
816	21.125657410480024	0.028204676
817	21.331767234510014	0.04998706
818	21.537877058540005	0.036128737
819	21.743986882570024	0.043037113
820	21.950096706600014	0.029254636
821	22.156206530630005	0.027132839
822	22.362316354659995	0.02126991
823	22.568426178690018	0.034977112
824	22.77453600272001	0.061560877
825	22.98064582675	0.010216456
826	23.186755650780018	0.029309982
827	23.39286547481001	0.040103573
828	23.59897529884	-0.0003396608
829	23.805085122870018	0.030759528
830	24.01119494690001	0.03726722
831	24.21730477093	0.04438341
832	24.423414594960022	0.056452334
833	24.629524418990012	0.042089958
834	24.835634243020003	0.021489479
835	25.041744067050022	0.037053917
836	25.247853891080013	0.01577022
837	25.453963715110003	0.06427043
838	25.660073539140022	0.028284341
839	25.866183363170013	0.050557833
840	26.072293187200003	0.010158575
841	26.278403011230026	0.054587852
842	26.484512835260016	0.04303848
843	26.690622659290007	0.050692387
844	26.896732483320026	0.034115586
845	27.102842307350016	0.024157705
846	27.308952131380007	0.016301628
847	27.515061955409998	0.024741195
848	27.721171779440017	0.023270093
849	27.927281603470007	0.037161905
850	28.133391427499998	0.026426941
851	28.33950125153002	0.04108594
852	28.54561107556001	0.03047666
853	28.75172089959	0.047525734
854	28.95783072362002	0.03138896
855	29.16394054765001	0.051914953
856	29.37005037168	0.06202873
857	29.57616019571002	0.062449105
858	29.78227001974001	0.065909564
859	29.98837984377	0.053027175
860	30.19448966780002	0.010621181
861	30.400599491830015	0.037861336
862	30.606709315860005	0.028418101
863	30.812819139890024	0.03461825
864	31.018928963920015	0.069420375
865	31.225038787950005	0.04191739
866	31.431148611980024	0.026404805
867	31.637258436010015	0.040926974
868	31.843368260040005	0.029456576
869	32.049478084070024	0.037400417
870	32.25558790810002	0.015201528
871	32.461697732130006	0.03133568
872	32.66780755616	0.0074235834
873	32.873917380190015	0.019088313
874	33.08002720422001	0.043900885
875	33.286137028249996	0.033278137
876	33.49224685228002	0.043710403
877	33.69835667631001	0.027438726
878	33.90446650034	0.009209204
879	34.11057632437002	0.039082557
880	34.31668614840001	0.03323679
881	34.52279597243	0.04492385
882	34.72890579646002	0.0498936
883	34.93501562049001	0.03925748
884	35.14112544452	0.022054426
885	35.34723526855002	0.032786652
886	35.55334509258002	0.031740986
887	35.759454916610004	0.058346245
888	35.965564740640026	0.036187246
889	36.17167456467001	0.026478365
890	36.37778438870001	0.015289273
891	36.58389421273002	0.041864105
892	36.79000403676002	0.03215828
893	36.996113860790004	0.05016491
894	37.20222368482	0.04231036
895	37.40833350885002	0.012913711
896	37.61444333288001	0.03560601
897	37.82055315691	0.017927622
898	38.02666298094002	0.027136516
899	38.23277280497001	0.06104376
900	38.438882629	0.03476278
901	38.64499245303002	0.043050937
902	38.85110227706001	0.029921036
903	39.05721210109	0.019535614
904	39.26332192512002	0.02697242
905	39.46943174915001	0.047977272
906	39.675541573180006	0.037263945
907	39.88165139721002	0.051833883
908	40.087761221240015	0.024165813
909	40.29387104527	0.010015793
910	40.499980869300025	0.033736583
911	40.70609069333001	0.011403279
912	40.912200517360006	0.040718824
913	41.11831034139002	0.043404996
914	41.324420165420015	0.04478576
915	41.53052998945	0.02330598
916	41.736639813480025	0.05654787
917	41.94274963751002	0.049285658
918	42.148859461540006	0.04630192
919	42.35496928557	0.024580501
920	42.561079109600016	0.05951679
921	42.76718893363001	0.029833406
922	42.97329875766	0.05706955
923	43.17940858169002	0.027730944
924	43.385518405720006	0.032489177
925	43.59162822975	0.022578076
926	43.79773805378002	0.025521476
927	44.00384787781001	0.063361034
928	44.209957701840004	0.041864753
929	44.41606752587002	0.023199813
930	44.622177349900014	0.0105373375
931	44.82828717393	0.039426953
932	45.03439699796002	0.055974785
933	45.24050682199001	0.023101771
934	45.446616646020004	0.08969489
935	45.65272647005003	0.06647594
936	45.858836294080014	0.017514657
937	46.06494611811001	0.033365563
938	46.27105594214002	0.04079421
939	46.47716576617002	0.042406667
940	46.683275590200005	0.044926483
941	46.88938541423	0.026043098
942	47.095495238260014	0.0852968
943	47.30160506229001	0.039015144
944	47.507714886319995	0.045336023
945	47.71382471035002	0.03748317
946	47.91993453438001	0.027386554
947	48.12604435841	0.08127378
948	48.33215418244002	0.046811562
949	48.53826400647001	0.046617746
950	48.7443738305	0.054962907
951	48.95048365453002	0.032339513
952	49.15659347856001	0.026610475
953	49.36270330259	0.034145407
954	49.56881312662002	0.046476625
955	49.774922950650016	0.053052716
956	49.98103277468	0.012380488
957	50.187142598710025	0.039721068
958	50.39325242274001	0.04214687
959	50.599362246770006	0.038259625
960	50.80547207080002	0.039452504
961	51.011581894830016	0.039209854
962	51.21769171886	0.01260576
963	51.423801542890025	0.023219522
964	51.62991136692001	0.03317429
965	51.83602119095001	0.043138713
966	52.04213101498	0.036081143
967	52.248240839010016	0.042489078
968	52.45435066304001	0.022113435
969	52.66046048707	0.074389756
970	52.86657031110002	0.022114955
971	53.07268013513001	0.061078843
972	53.27878995916	0.022734802
973	53.484899783190016	0.04079266
974	53.69100960722001	0.016968226
975	53.897119431250005	0.025381483
976	54.10322925528002	0.043972746
977	54.309339079310014	0.043633603
978	54.51544890334	0.03169247
979	54.721558727370024	0.043555953
980	54.92766855140001	0.042011745
981	55.133778375430005	0.038925763
982	55.33988819946002	0.07339809
983	55.545998023490014	0.020905651
984	55.75210784752	0.027293913
985	55.958217671550024	0.025334366
986	56.16432749558002	0.05229839
987	56.370437319610005	0.043263055
988	56.57654714364003	0.043661155
989	56.782656967670015	0.021383123
990	56.98876679170001	0.037564855
991	57.194876615729996	0.03305059
992	57.40098643976002	0.056133438
993	57.607096263790005	0.06624036
994	57.81320608782	0.047283992
995	58.01931591185002	0.026859991
996	58.22542573588001	0.06676779
997	58.43153555991	0.038676463
998	58.63764538394002	0.071276635
999	58.84375520797001	0.02936463
1000	59.049865032	0.030671231
1001	59.25597485603002	0.0366468
1002	59.46208468006001	0.026404914
1003	59.66819450409	0.011779852
1004	59.874304328120026	0.027710712
1005	60.08041415215001	0.075152054
1006	60.28652397618001	0.020789366
1007	60.49263380021002	0.00781681
1008	60.69874362424002	0.041778263
1009	60.90485344827	0.00075904233
1010	61.110963272300026	0.04572536
1011	61.31707309633001	0.04698368
1012	61.52318292036001	0.030216575
1013	61.729292744389994	0.03723538
1014	61.93540256842002	0.010186382
1015	62.14151239245001	0.03946557
1016	62.34762221648	0.04876829
1017	62.55373204051002	0.02947881
1018	62.75984186454001	0.034913763
1019	62.96595168857	0.038473308
1020	63.17206151260002	0.019279657
1021	63.37817133663001	0.013312083
1022	63.58428116066	0.029407442
1023	63.79039098469002	0.025677217
1024	63.996500808720015	0.034170233
1025	64.20261063275001	0.04412757
1026	64.40872045678002	0.0468921
1027	64.61483028081001	0.040983148
1028	64.82094010484	0.051705502
1029	65.02704992887003	0.04397346
1030	65.23315975290001	0.06622032
1031	65.43926957693	0.057512373
1032	65.64537940096002	0.06944491
1033	65.85148922499002	0.030920248
1034	66.05759904902001	0.043799214
1035	66.26370887305002	0.049746647
1036	66.46981869708002	0.04071589
1037	66.67592852111001	0.029291634
1038	66.88203834514	0.04305673
1039	67.08814816917001	0.049607072
1040	67.2942579932	0.024221899
1041	67.50036781723	0.042342413
1042	67.70647764126002	0.05192332
1043	67.91258746529	0.030101605
1044	68.11869728932	0.04023153
1045	68.32480711335002	0.014550936
1046	68.53091693738001	0.03806787
1047	68.73702676141001	0.01496784
1048	68.94313658544002	0.059055965
1049	69.14924640947001	0.029056385
1050	69.3553562335	0.030561537
1051	69.56146605753003	0.045516394
1052	69.76757588156	0.0011680517
1053	69.97368570559	0.048543923
1054	70.17979552962002	0.02479925
1055	70.38590535365002	0.0604987
1056	70.59201517768001	0.056119733
1057	70.79812500171002	0.048057884
1058	71.00423482574001	0.039819293
1059	71.21034464977001	0.063962124
1060	71.4164544738	0.038037866
1061	71.62256429783001	0.037391577
1062	71.82867412186	0.041778103
1063	72.03478394589	0.068347156
1064	72.24089376992002	0.019571248
1065	72.44700359395001	0.04614399
1066	72.65311341798	0.039277658
1067	72.85922324201002	0.045532256
1068	73.06533306604001	0.019785479
1069	73.27144289007	0.021864124
1070	73.47755271410001	0.027558371
1071	73.68366253813001	0.034720633
1072	73.88977236216	0.041112054
1073	74.09588218619002	0.050674215
1074	74.30199201022002	0.060515396
1075	74.50810183425	0.04584399
1076	74.71421165828002	0.038033202
1077	74.92032148231002	0.04088965
1078	75.12643130634001	0.029758645
1079	75.33254113037002	0.037620842
1080	75.53865095440001	0.024910033
1081	75.74476077843	0.04540455
1082	75.95087060246003	0.062429674
1083	76.15698042649002	0.03101659
1084	76.36309025052	0.033808313
1085	76.56920007455	0.024864618
1086	76.77530989858002	0.03545232
1087	76.98141972261001	0.0151838735
1088	77.18752954664	0.032813866
1089	77.39363937067002	0.036724765
1090	77.59974919470001	0.024180451
1091	77.80585901873	0.059008975
1092	78.01196884276001	0.03078682
1093	78.21807866679	0.06171764
1094	78.42418849082	0.04350069
1095	78.63029831485002	0.026304718
1096	78.83640813888002	0.05457627
1097	79.04251796291	0.049691647
1098	79.24862778694002	0.06324404
1099	79.45473761097001	0.04054778
1100	79.66084743500001	0.043358088
1101	79.86695725903002	0.022435922
1102	80.07306708306001	0.024124796
1103	80.27917690709	0.030793471
1104	80.48528673112003	0.012399938
1105	80.69139655515002	0.07759239
1106	80.89750637918	0.028612774
1107	81.10361620321002	0.031849883
1108	81.30972602724002	0.02263039
1109	81.51583585127001	0.051639415
1110	81.72194567529999	0.036501214
1111	81.92805549933001	0.037855
1112	82.13416532336001	0.02871931
1113	82.34027514739	0.040309917
1114	82.54638497142003	0.030676927
1115	82.75249479545	0.038253587
1116	82.95860461948	0.05712938
1117	83.16471444351002	0.050157744
1118	83.37082426754002	0.014845956
1119	83.57693409157	0.023217222
1120	83.78304391560002	0.04716845
1121	83.98915373963001	0.04864281
1122	84.19526356366	0.058248673
1123	84.40137338769003	0.03763569
1124	84.60748321172001	0.052492008
1125	84.81359303575	0.025926754
1126	85.01970285978003	0.015133001
1127	85.22581268381002	0.054563336
1128	85.43192250784	0.025378842
1129	85.63803233187002	0.042259254
1130	85.84414215590002	0.038551472
1131	86.05025197993001	0.037990328
1132	86.25636180395999	0.038934637
1133	86.46247162799001	0.038570795
1134	86.66858145202	0.061642125
1135	86.87469127605	0.06058398
1136	87.08080110008002	0.050943818
1137	87.28691092411	0.0682579
1138	87.49302074814	0.030127581
1139	87.69913057217002	0.04266078
1140	87.90524039620001	0.058644265
1141	88.11135022023	0.008948587
1142	88.31746004426002	0.042972498
1143	88.52356986829001	0.041751795
1144	88.72967969232	0.029440187
1145	88.93578951635003	0.055947974
1146	89.14189934038001	0.043500237
1147	89.34800916441	0.050553504
1148	89.55411898844002	0.021373792
1149	89.76022881247002	0.04382316
1150	89.9663386365	0.0064280163
1151	90.17244846053002	0.043676056
1152	90.37855828456001	0.022308111
1153	90.58466810859001	0.054561064
1154	90.79077793262003	0.022618318
1155	90.99688775665001	0.031194158
1156	91.20299758068	0.04366283
1157	91.40910740471	0.03913872
1158	91.61521722874002	0.048268728
1159	91.82132705277	0.030164551
1160	92.0274368768	0.053423885
1161	92.23354670083002	0.072634764
1162	92.43965652486001	0.022964181
1163	92.64576634889	0.020188386
1164	92.85187617292002	0.019344375
1165	93.05798599695001	0.010121474
1166	93.26409582098	0.068913065
1167	93.47020564501003	0.046818174
1168	93.67631546904	0.12090236
1169	93.88242529307	0.021048967
1170	94.08853511710002	0.02863076
1171	94.29464494113002	0.06830119
1172	94.50075476516	0.039681494
1173	94.70686458919002	0.02691269
1174	94.91297441322001	0.028439224
1175	95.11908423725001	0.05269828
1176	95.32519406128003	0.03573392
1177	95.53130388531001	0.023151154
1178	95.73741370934	0.028486302
1179	95.94352353337	0.033771385
1180	96.14963335740002	0.026753955
1181	96.35574318143	0.030668367
1182	96.56185300546	0.027287474
1183	96.76796282949002	0.025702043
1184	96.97407265352001	0.01779006
1185	97.18018247755	0.03119072
1186	97.38629230158001	0.050509706
1187	97.59240212561001	0.029370394
1188	97.79851194964	0.027390659
1189	98.00462177367002	0.03682448
1190	98.2107315977	0.043353967
1191	98.41684142173	0.040469494
1192	98.62295124576002	0.073863715
1193	98.82906106979001	0.05421924
1194	99.03517089382001	0.037870694
1195	99.24128071785002	0.06571849
1196	99.44739054188001	0.0492691
1197	99.65350036591	0.03246919
1198	99.85961018994003	0.04495147
1199	100.06572001397001	0.045278776
1200	100.271829838	0.053309213
1201	100.47793966203002	0.03169282
1202	100.68404948606002	0.037633933
1203	100.89015931009001	0.0375765
1204	101.09626913411999	0.061715648
1205	101.30237895815002	0.060259573
1206	101.50848878218001	0.045265693
1207	101.71459860621	0.021192763
1208	101.92070843024001	0.043656662
1209	102.12681825427	0.01743713
1210	102.3329280783	0.019683134
1211	102.53903790233002	0.017316975
1212	102.74514772636002	0.05456355
1213	102.95125755039	0.04626988
1214	103.15736737442002	0.044549257
1215	103.36347719845001	0.049950372
1216	103.56958702248001	0.05332871
1217	103.77569684651002	0.025276005
1218	103.98180667054001	0.05714352
1219	104.18791649457	0.05920613
1220	104.39402631860003	0.020733826
1221	104.60013614263002	0.040308572
1222	104.80624596666	0.066581205
1223	105.01235579069002	0.014172416
1224	105.21846561472002	0.050779387
1225	105.42457543875001	0.032292295
1226	105.63068526278002	0.053535167
1227	105.83679508681001	0.034610648
1228	106.04290491084001	0.04500274
1229	106.24901473487	0.05834124
1230	106.45512455890001	0.020086313
1231	106.66123438293	0.02302511
1232	106.86734420696	0.016053833
1233	107.07345403099002	0.09089741
1234	107.27956385502002	0.032185737
1235	107.48567367905	0.04844973
1236	107.69178350308002	0.04862073
1237	107.89789332711001	0.031202732
1238	108.10400315114	0.018709928
1239	108.31011297517001	0.04668502
1240	108.51622279920001	0.040926192
1241	108.72233262323	0.031087607
1242	108.92844244726003	0.06411581
1243	109.13455227129002	0.028942043
1244	109.34066209532	0.019839147
1245	109.54677191935002	0.041088633
1246	109.75288174338002	0.015611834
1247	109.95899156741001	0.04589988
1248	110.16510139144002	0.040030938
1249	110.37121121547001	0.083621904
1250	110.5773210395	0.07597253
1251	110.78343086353	0.048330627
1252	110.98954068756002	0.028943628
1253	111.19565051159	0.09557575
1254	111.40176033562	0.063964374
1255	111.60787015965002	0.043949336
1256	111.81397998368001	0.034785382
1257	112.02008980771	0.02434801
1258	112.22619963174002	0.040933326
1259	112.43230945577001	0.020794466
1260	112.6384192798	0.033213485
1261	112.84452910383003	0.052585714
1262	113.05063892786	0.052979425
1263	113.25674875189	0.06476511
1264	113.46285857592002	0.036543004
1265	113.66896839995002	0.027344871
1266	113.87507822398	0.020775963
1267	114.08118804801002	0.043052606
1268	114.28729787204001	0.05017668
1269	114.49340769607001	0.024786398
1270	114.69951752010003	0.020629546
1271	114.90562734413001	0.030898148
1272	115.11173716816	0.052840102
1273	115.31784699219003	0.066462375
1274	115.52395681622	0.04460501
1275	115.73006664025	0.060446285
1276	115.93617646428002	0.04415194
1277	116.14228628830999	0.028817717
1278	116.34839611234001	0.017680397
1279	116.55450593637002	0.038940445
1280	116.76061576039999	0.035570152
1281	116.96672558443001	0.03297194
1282	117.17283540846003	0.054156657
1283	117.37894523249	0.031974427
1284	117.58505505652	0.027723735
1285	117.79116488055003	0.033494312
1286	117.99727470458	0.035721622
1287	118.20338452861002	0.039670378
1288	118.40949435264002	0.032165438
1289	118.61560417666999	0.02456306
1290	118.82171400070001	0.03875306
1291	119.02782382473004	0.014124338
1292	119.23393364876	0.030691197
1293	119.44004347279001	0.042866293
1294	119.64615329682003	0.031205468
1295	119.85226312085	0.018822152
1296	120.05837294488002	0.037053954
1297	120.26448276891003	0.023250911
1298	120.47059259294	0.054193996
1299	120.67670241697002	0.043722473
1300	120.88281224100004	0.029662393
1301	121.08892206503	0.027315715
1302	121.29503188906001	0.031932138
1303	121.50114171309004	0.033421136
1304	121.70725153712	0.03457097
1305	121.91336136115002	0.0389817
1306	122.11947118518003	0.043215275
1307	122.32558100921	0.042616155
1308	122.53169083324002	0.037177034
1309	122.73780065727004	0.05312057
1310	122.9439104813	0.038459532
1311	123.15002030533002	0.032206114
1312	123.35613012935998	0.01794441
1313	123.56223995339	0.032718237
1314	123.76834977742003	0.04488568
1315	123.97445960144998	0.036460847
1316	124.18056942548	0.02561167
1317	124.38667924951002	0.033425592
1318	124.59278907353999	0.016787577
1319	124.79889889757	0.04976841
1320	125.00500872160002	0.03693799
1321	125.21111854562999	0.03570244
1322	125.41722836966001	0.03547061
1323	125.62333819369003	0.04158352
1324	125.82944801771998	0.061848193
1325	126.03555784175	0.06316359
1326	126.24166766578003	0.045028117
1327	126.44777748981	0.020289477
1328	126.65388731384	0.032107674
1329	126.85999713787002	0.07399817
1330	127.06610696189999	0.05101575
1331	127.27221678593001	0.046104208
1332	127.47832660996004	0.014899321
1333	127.68443643398999	0.018033981
1334	127.89054625802001	0.032550503
1335	128.09665608205003	0.048995607
1336	128.30276590608	0.03328112
1337	128.50887573011002	0.03655638
1338	128.71498555414004	0.068514526
1339	128.92109537816998	0.035938397
1340	129.1272052022	0.027918918
1341	129.33331502623003	0.020866819
1342	129.53942485026	0.022864167
1343	129.74553467429	0.045536257
1344	129.95164449832004	0.06328109
1345	130.15775432235	0.057223722
1346	130.36386414638002	0.066574074
1347	130.56997397041005	0.028315865
1348	130.77608379443998	0.011802509
1349	130.98219361847	0.0544585
1350	131.18830344250003	0.04458273
1351	131.39441326653	0.04234468
1352	131.60052309056002	0.056002785
1353	131.80663291459004	0.046366055
1354	132.01274273862	0.029460616
1355	132.21885256265003	0.08665143
1356	132.42496238668005	0.011676541
1357	132.63107221071	0.023570795
1358	132.83718203474	0.040922757
1359	133.04329185876998	0.05380721
1360	133.2494016828	0.03438418
1361	133.45551150683002	0.0349497
1362	133.66162133086	0.022633158
1363	133.86773115489	0.028447043
1364	134.07384097892003	0.011469609
1365	134.27995080295	0.042035434
1366	134.48606062698	0.042583793
1367	134.69217045101	0.06368071
1368	134.89828027503998	0.019823568
1369	135.10439009907	0.03235311
1370	135.31049992310002	0.062125664
1371	135.51660974713	0.03484717
1372	135.72271957116	0.0929424
1373	135.92882939519004	0.018271968
1374	136.13493921922	0.02465995
1375	136.34104904325	0.016854478
1376	136.54715886728002	0.04293233
1377	136.75326869130998	0.040000312
1378	136.95937851534	0.03899894
1379	137.16548833937003	0.019959463
1380	137.3715981634	0.027639192
1381	137.57770798743002	0.04750684
1382	137.78381781146004	0.022613227
1383	137.98992763549	0.04415974
1384	138.19603745952	0.040572464
1385	138.40214728355002	0.034936495
1386	138.60825710758	0.034084316
1387	138.81436693161	0.035854444
1388	139.02047675564003	0.020326348
1389	139.22658657967	0.04596176
1390	139.43269640370002	0.030767111
1391	139.63880622773004	0.031404894
1392	139.84491605176	0.02465954
1393	140.05102587579	0.034600977
1394	140.25713569982003	0.06427458
1395	140.46324552385	0.04114748
1396	140.66935534788	0.014674025
1397	140.87546517191004	0.028107628
1398	141.08157499594	0.05642907
1399	141.28768481997002	0.01572731
1400	141.49379464400005	0.06881946
1401	141.69990446803	0.053115513
1402	141.90601429206	0.066066235
1403	142.11212411609003	0.038119264
1404	142.31823394012	0.02265472
1405	142.52434376415002	0.030628443
1406	142.73045358817998	0.035724606
1407	142.93656341221	0.06925137
1408	143.14267323624003	0.05101794
1409	143.34878306027	0.04946606
1410	143.55489288430002	0.033277564
1411	143.76100270833	0.060485315
1412	143.96711253235998	0.01767265
1413	144.17322235639	0.024881693
1414	144.37933218042002	0.0559917
1415	144.58544200445	0.03821201
1416	144.79155182848	0.03430414
1417	144.99766165251003	0.05155687
1418	145.20377147654	0.039289944
1419	145.40988130057002	0.026385222
1420	145.61599112460001	0.042048972
1421	145.82210094862998	0.034346767
1422	146.02821077266	0.009002799
1423	146.23432059669003	0.02969897
1424	146.44043042072	0.030054506
1425	146.64654024475	0.011732747
1426	146.85265006878004	0.060328268
1427	147.05875989281	0.0156338
1428	147.26486971684	0.050964043
1429	147.47097954087002	0.04557333
1430	147.67708936489998	0.017693518
1431	147.88319918893	0.035629205
1432	148.08930901296003	0.04900484
1433	148.29541883699	0.03542231
1434	148.50152866102002	0.038174503
1435	148.70763848505004	0.015601132
1436	148.91374830908	0.0470711
1437	149.11985813311	0.0861014
1438	149.32596795714002	0.029341202
1439	149.53207778117	0.058223713
1440	149.7381876052	0.023894679
1441	149.94429742923003	0.036660828
1442	150.15040725326	0.020658787
1443	150.35651707729002	0.042851448
1444	150.56262690132004	0.014476959
1445	150.76873672535	0.056345392
1446	150.97484654938	0.02144874
1447	151.18095637341003	0.024512127
1448	151.38706619744	0.052466117
1449	151.59317602147001	0.063411504
1450	151.79928584550004	0.03584423
1451	152.00539566953	0.029351566
1452	152.21150549356003	0.0429371
1453	152.41761531759	0.042562947
1454	152.62372514162	0.032739967
1455	152.82983496565	0.027101457
1456	153.03594478967997	0.046855483
1457	153.24205461371	0.039542165
1458	153.44816443774002	0.026230011
1459	153.65427426176998	0.032635152
1460	153.8603840858	0.033923738
1461	154.06649390983003	0.055809624
1462	154.27260373386	0.026486468
1463	154.47871355789002	0.010513999
1464	154.68482338192	0.03971253
1465	154.89093320594998	0.016151924
1466	155.09704302998	0.03220045
1467	155.30315285401002	0.0045511844
1468	155.50926267804	0.017172847
1469	155.71537250207	0.070250124
1470	155.92148232610003	0.035098664
1471	156.12759215013	0.042770945
1472	156.33370197416002	0.0406044
1473	156.53981179819002	0.038264673
1474	156.74592162221998	0.029365554
1475	156.95203144625	0.042949285
1476	157.15814127028003	0.010299016
1477	157.36425109431	0.032711275
1478	157.57036091834001	0.040101968
1479	157.77647074237004	0.048298188
1480	157.9825805664	0.06319307
1481	158.18869039043003	0.035192955
1482	158.39480021446002	0.024920234
1483	158.60091003848999	0.051223442
1484	158.80701986252	0.04727551
1485	159.01312968655003	0.0333197
1486	159.21923951058	0.026657097
1487	159.42534933461002	0.033946734
1488	159.63145915864004	0.066413134
1489	159.83756898267	0.013355497
1490	160.04367880670003	0.045028865
1491	160.24978863073002	0.03586234
1492	160.45589845476	0.025549162
1493	160.66200827879	0.033257097
1494	160.86811810282003	0.043527998
1495	161.07422792685	0.060478523
1496	161.28033775088002	0.011852868
1497	161.48644757491004	0.04624394
1498	161.69255739894	0.033302024
1499	161.89866722297003	0.04552223
