	velocity	Amplitude
0	-144.08567623300002	0.7441669
1	-143.879568452812	0.81041455
2	-143.673460672624	0.8108552
3	-143.467352892436	0.79095566
4	-143.261245112248	0.75502944
5	-143.05513733205999	0.79910946
6	-142.849029551872	0.81095505
7	-142.642921771684	0.8187474
8	-142.43681399149602	0.7830231
9	-142.23070621130802	0.8116911
10	-142.02459843112	0.79495496
11	-141.818490650932	0.8216809
12	-141.612382870744	0.8123279
13	-141.40627509055602	0.77939034
14	-141.20016731036802	0.8032903
15	-140.99405953018	0.7948495
16	-140.787951749992	0.79952985
17	-140.581843969804	0.74287695
18	-140.375736189616	0.8040119
19	-140.169628409428	0.7926309
20	-139.96352062924	0.8798186
21	-139.757412849052	0.7722659
22	-139.551305068864	0.8185356
23	-139.34519728867602	0.79783344
24	-139.139089508488	0.80608064
25	-138.9329817283	0.8171756
26	-138.726873948112	0.85486245
27	-138.52076616792402	0.75648814
28	-138.31465838773602	0.81650555
29	-138.108550607548	0.798568
30	-137.90244282736	0.80706644
31	-137.696335047172	0.84896696
32	-137.490227266984	0.79695123
33	-137.284119486796	0.84823596
34	-137.078011706608	0.8707824
35	-136.87190392642	0.7892869
36	-136.665796146232	0.80472815
37	-136.459688366044	0.8203853
38	-136.253580585856	0.8226604
39	-136.047472805668	0.79208297
40	-135.84136502548	0.78554195
41	-135.63525724529202	0.84767056
42	-135.42914946510402	0.7821946
43	-135.223041684916	0.76990336
44	-135.016933904728	0.7897365
45	-134.81082612454	0.79044956
46	-134.604718344352	0.82087135
47	-134.39861056416402	0.7728692
48	-134.192502783976	0.814254
49	-133.986395003788	0.83035374
50	-133.7802872236	0.82428324
51	-133.574179443412	0.80284995
52	-133.368071663224	0.82157445
53	-133.16196388303598	0.79334015
54	-132.95585610284803	0.8654168
55	-132.74974832266003	0.7828878
56	-132.54364054247202	0.7814318
57	-132.337532762284	0.8005551
58	-132.131424982096	0.7917093
59	-131.925317201908	0.80033195
60	-131.71920942172	0.79116946
61	-131.51310164153202	0.8050704
62	-131.306993861344	0.829641
63	-131.100886081156	0.81270665
64	-130.894778300968	0.82542956
65	-130.68867052078002	0.8119569
66	-130.48256274059202	0.82375216
67	-130.276454960404	0.7669348
68	-130.070347180216	0.78754556
69	-129.864239400028	0.8168196
70	-129.65813161984	0.8361416
71	-129.45202383965199	0.8282278
72	-129.245916059464	0.7768316
73	-129.039808279276	0.7738629
74	-128.833700499088	0.78943986
75	-128.62759271890002	0.79882336
76	-128.421484938712	0.80446386
77	-128.215377158524	0.7923697
78	-128.009269378336	0.79339725
79	-127.803161598148	0.7730231
80	-127.59705381796	0.82511675
81	-127.39094603777201	0.792403
82	-127.184838257584	0.813715
83	-126.978730477396	0.8454721
84	-126.772622697208	0.78776395
85	-126.56651491702	0.81125784
86	-126.36040713683201	0.8120359
87	-126.15429935664402	0.83819616
88	-125.94819157645601	0.78540045
89	-125.742083796268	0.8359216
90	-125.53597601608001	0.78820217
91	-125.32986823589201	0.8356737
92	-125.123760455704	0.85302573
93	-124.917652675516	0.8162435
94	-124.711544895328	0.7672357
95	-124.50543711514	0.78478765
96	-124.299329334952	0.81473356
97	-124.09322155476401	0.8328663
98	-123.88711377457601	0.78412604
99	-123.681005994388	0.79047704
100	-123.4748982142	0.8183488
101	-123.26879043401202	0.8275766
102	-123.06268265382401	0.8245319
103	-122.856574873636	0.74707794
104	-122.65046709344801	0.8027285
105	-122.44435931326001	0.78975177
106	-122.238251533072	0.83527106
107	-122.032143752884	0.814412
108	-121.826035972696	0.85990393
109	-121.619928192508	0.81832314
110	-121.41382041231999	0.8018273
111	-121.20771263213202	0.7397495
112	-121.00160485194401	0.79572713
113	-120.795497071756	0.82724196
114	-120.58938929156801	0.8490964
115	-120.38328151138	0.802469
116	-120.17717373119201	0.8348426
117	-119.97106595100401	0.7728672
118	-119.76495817081602	0.77160084
119	-119.55885039062801	0.8161942
120	-119.35274261044	0.77699935
121	-119.14663483025201	0.77947795
122	-118.940527050064	0.8176122
123	-118.734419269876	0.8296047
124	-118.528311489688	0.7869762
125	-118.3222037095	0.82477546
126	-118.11609592931201	0.77394366
127	-117.909988149124	0.7736353
128	-117.70388036893601	0.84364474
129	-117.497772588748	0.80419266
130	-117.29166480856	0.78407884
131	-117.08555702837201	0.7920263
132	-116.87944924818402	0.8229067
133	-116.67334146799601	0.80178666
134	-116.467233687808	0.8251803
135	-116.26112590762001	0.8101631
136	-116.055018127432	0.8138591
137	-115.848910347244	0.8329002
138	-115.64280256705601	0.8044683
139	-115.436694786868	0.7929285
140	-115.23058700668	0.81977195
141	-115.024479226492	0.7773529
142	-114.81837144630401	0.80735546
143	-114.61226366611601	0.82317287
144	-114.406155885928	0.7649454
145	-114.20004810574001	0.79227203
146	-113.99394032555202	0.8075235
147	-113.78783254536401	0.82767165
148	-113.581724765176	0.8088526
149	-113.37561698498801	0.80249286
150	-113.16950920480001	0.7930725
151	-112.963401424612	0.8045006
152	-112.75729364442401	0.7492877
153	-112.551185864236	0.8074489
154	-112.345078084048	0.8685098
155	-112.13897030385999	0.7722131
156	-111.93286252367201	0.78829145
157	-111.72675474348401	0.7903739
158	-111.520646963296	0.81692797
159	-111.31453918310801	0.73899585
160	-111.10843140292	0.83367246
161	-110.90232362273201	0.8007963
162	-110.69621584254402	0.80264986
163	-110.49010806235601	0.815444
164	-110.28400028216801	0.80610394
165	-110.07789250198	0.7914953
166	-109.87178472179201	0.81976235
167	-109.665676941604	0.7954652
168	-109.459569161416	0.8193689
169	-109.253461381228	0.78813857
170	-109.04735360104	0.7949053
171	-108.841245820852	0.8337354
172	-108.635138040664	0.7853035
173	-108.42903026047601	0.7575037
174	-108.222922480288	0.78950334
175	-108.0168147001	0.83668137
176	-107.81070691991202	0.7838762
177	-107.60459913972402	0.80603075
178	-107.39849135953601	0.82627654
179	-107.192383579348	0.8362775
180	-106.98627579916001	0.7933086
181	-106.780168018972	0.74642235
182	-106.574060238784	0.7677407
183	-106.36795245859601	0.82033545
184	-106.161844678408	0.7806635
185	-105.95573689822	0.7266788
186	-105.74962911803199	0.8249772
187	-105.54352133784401	0.84520584
188	-105.337413557656	0.80547845
189	-105.131305777468	0.7536368
190	-104.92519799728001	0.7931951
191	-104.71909021709202	0.8131835
192	-104.51298243690401	0.815692
193	-104.30687465671602	0.818692
194	-104.10076687652801	0.78230923
195	-103.89465909634	0.8081622
196	-103.688551316152	0.78167397
197	-103.48244353596401	0.8185608
198	-103.276335755776	0.8073347
199	-103.070227975588	0.819285
200	-102.8641201954	0.801147
201	-102.658012415212	0.82543474
202	-102.45190463502401	0.8024193
203	-102.245796854836	0.80662614
204	-102.03968907464801	0.8034172
205	-101.83358129446	0.7766156
206	-101.62747351427201	0.78903764
207	-101.42136573408402	0.80923146
208	-101.21525795389601	0.7995759
209	-101.00915017370801	0.7919535
210	-100.80304239352	0.81232446
211	-100.59693461333201	0.8477951
212	-100.390826833144	0.7963064
213	-100.184719052956	0.81309474
214	-99.978611272768	0.76886684
215	-99.77250349258	0.80091196
216	-99.566395712392	0.8029592
217	-99.36028793220402	0.7909439
218	-99.15418015201601	0.7615041
219	-98.948072371828	0.8049079
220	-98.74196459164	0.8175268
221	-98.53585681145202	0.8418471
222	-98.32974903126402	0.75696117
223	-98.12364125107601	0.7694883
224	-97.91753347088802	0.82138455
225	-97.71142569070001	0.7721723
226	-97.505317910512	0.81295806
227	-97.299210130324	0.80549514
228	-97.09310235013601	0.83614975
229	-96.886994569948	0.7990199
230	-96.68088678976	0.7973569
231	-96.474779009572	0.8444418
232	-96.26867122938401	0.7649518
233	-96.062563449196	0.8158446
234	-95.856455669008	0.76409954
235	-95.65034788882001	0.8319355
236	-95.44424010863202	0.77320755
237	-95.23813232844401	0.7850152
238	-95.03202454825602	0.81004536
239	-94.82591676806801	0.8154989
240	-94.61980898788	0.8263726
241	-94.41370120769201	0.84394383
242	-94.20759342750401	0.78518814
243	-94.001485647316	0.77074134
244	-93.795377867128	0.7823067
245	-93.58927008694	0.7491832
246	-93.383162306752	0.81048775
247	-93.177054526564	0.8069186
248	-92.97094674637601	0.7715149
249	-92.76483896618801	0.77859145
250	-92.558731186	0.7855563
251	-92.35262340581201	0.8034396
252	-92.14651562562402	0.7806847
253	-91.94040784543601	0.80739576
254	-91.73430006524801	0.76098716
255	-91.52819228506002	0.81091475
256	-91.32208450487201	0.8127629
257	-91.115976724684	0.8316115
258	-90.909868944496	0.7904867
259	-90.703761164308	0.8633212
260	-90.49765338412	0.8583591
261	-90.291545603932	0.7444688
262	-90.08543782374402	0.79136455
263	-89.87933004355601	0.81093514
264	-89.673222263368	0.8241743
265	-89.46711448318	0.788744
266	-89.26100670299202	0.8117665
267	-89.05489892280401	0.81873
268	-88.84879114261601	0.79887587
269	-88.64268336242802	0.7920778
270	-88.43657558224001	0.82042015
271	-88.230467802052	0.76226795
272	-88.02436002186401	0.78979063
273	-87.818252241676	0.7562774
274	-87.612144461488	0.8276115
275	-87.4060366813	0.7942732
276	-87.199928901112	0.8416408
277	-86.99382112092401	0.8168482
278	-86.787713340736	0.8241136
279	-86.58160556054801	0.7800049
280	-86.37549778036	0.78628933
281	-86.16939000017202	0.82008314
282	-85.96328221998401	0.7830013
283	-85.75717443979602	0.77656895
284	-85.55106665960801	0.7695256
285	-85.34495887942	0.8292031
286	-85.13885109923201	0.8109104
287	-84.93274331904401	0.8144562
288	-84.726635538856	0.78476244
289	-84.520527758668	0.80481184
290	-84.31441997848	0.7959029
291	-84.108312198292	0.823322
292	-83.902204418104	0.798052
293	-83.69609663791601	0.8208459
294	-83.48998885772801	0.79716617
295	-83.28388107754	0.76178855
296	-83.07777329735202	0.81695455
297	-82.87166551716402	0.7526855
298	-82.66555773697601	0.8174312
299	-82.459449956788	0.7844281
300	-82.25334217660001	0.787524
301	-82.04723439641201	0.81024694
302	-81.841126616224	0.80550355
303	-81.63501883603601	0.77124566
304	-81.428911055848	0.79066193
305	-81.22280327566	0.7900981
306	-81.01669549547199	0.78127575
307	-80.81058771528402	0.78178644
308	-80.60447993509601	0.78892493
309	-80.398372154908	0.79338753
310	-80.19226437472001	0.7954701
311	-79.98615659453202	0.7939433
312	-79.78004881434401	0.7682851
313	-79.57394103415601	0.8008502
314	-79.36783325396802	0.78081083
315	-79.16172547378001	0.7954261
316	-78.955617693592	0.774347
317	-78.74950991340401	0.75875324
318	-78.543402133216	0.78247404
319	-78.337294353028	0.8282778
320	-78.13118657284	0.7712039
321	-77.92507879265202	0.7799694
322	-77.71897101246401	0.7728361
323	-77.512863232276	0.82484496
324	-77.30675545208801	0.7875511
325	-77.1006476719	0.77863497
326	-76.894539891712	0.7871795
327	-76.68843211152401	0.76830244
328	-76.48232433133602	0.7696574
329	-76.27621655114801	0.8287909
330	-76.07010877096	0.82341933
331	-75.86400099077201	0.7227901
332	-75.657893210584	0.82789844
333	-75.451785430396	0.81933665
334	-75.24567765020801	0.7435035
335	-75.03956987002	0.78310937
336	-74.83346208983201	0.8026663
337	-74.627354309644	0.82661223
338	-74.42124652945601	0.7713733
339	-74.21513874926801	0.83421016
340	-74.00903096908	0.86055976
341	-73.80292318889201	0.77417105
342	-73.596815408704	0.781851
343	-73.39070762851601	0.81413305
344	-73.18459984832802	0.8404198
345	-72.97849206814001	0.8254954
346	-72.77238428795201	0.79401535
347	-72.566276507764	0.8410132
348	-72.36016872757601	0.78194875
349	-72.154060947388	0.8108833
350	-71.9479531672	0.8079371
351	-71.74184538701202	0.8301907
352	-71.53573760682401	0.7993761
353	-71.32962982663601	0.7905267
354	-71.123522046448	0.78633314
355	-70.91741426626001	0.7707306
356	-70.711306486072	0.758738
357	-70.505198705884	0.78600353
358	-70.29909092569602	0.8157653
359	-70.09298314550801	0.7711697
360	-69.88687536532001	0.79088193
361	-69.680767585132	0.78972447
362	-69.47465980494401	0.8203202
363	-69.268552024756	0.8217734
364	-69.062444244568	0.82219183
365	-68.85633646438	0.85284543
366	-68.65022868419202	0.8146028
367	-68.44412090400401	0.7628048
368	-68.238013123816	0.74134856
369	-68.03190534362801	0.8377529
370	-67.82579756344	0.7756438
371	-67.619689783252	0.8310295
372	-67.41358200306401	0.77919996
373	-67.20747422287602	0.7797176
374	-67.00136644268801	0.8139465
375	-66.79525866250002	0.78464097
376	-66.58915088231201	0.78831685
377	-66.383043102124	0.7892785
378	-66.176935321936	0.77422196
379	-65.97082754174801	0.7908115
380	-65.76471976156	0.7566937
381	-65.55861198137201	0.80293256
382	-65.35250420118402	0.81107247
383	-65.14639642099601	0.7843222
384	-64.940288640808	0.86827135
385	-64.73418086062	0.78906286
386	-64.52807308043201	0.7843443
387	-64.321965300244	0.82810426
388	-64.11585752005601	0.7817474
389	-63.90974973986801	0.80952317
390	-63.70364195968001	0.806142
391	-63.49753417949201	0.80599385
392	-63.29142639930401	0.7601391
393	-63.08531861911601	0.77979016
394	-62.879210838928	0.8023973
395	-62.673103058740004	0.81803423
396	-62.46699527855201	0.8244188
397	-62.26088749836401	0.79048175
398	-62.05477971817601	0.76187956
399	-61.84867193798801	0.79715323
400	-61.64256415780001	0.7728569
401	-61.436456377612004	0.7979058
402	-61.230348597424005	0.7665286
403	-61.02424081723601	0.77619016
404	-60.818133037048014	0.81395656
405	-60.612025256860015	0.78185934
406	-60.40591747667201	0.79525506
407	-60.19980969648401	0.8608695
408	-59.993701916296004	0.8359164
409	-59.787594136108005	0.788032
410	-59.58148635592	0.79490346
411	-59.375378575732014	0.81313056
412	-59.169270795544016	0.7942669
413	-58.96316301535601	0.7700991
414	-58.75705523516801	0.8168057
415	-58.550947454980005	0.78708315
416	-58.344839674792006	0.7977739
417	-58.138731894604	0.8242938
418	-57.932624114416015	0.80308443
419	-57.726516334228016	0.7498738
420	-57.52040855404001	0.81383306
421	-57.31430077385201	0.810849
422	-57.108192993664005	0.79050434
423	-56.902085213476006	0.81203705
424	-56.69597743328801	0.7795511
425	-56.4898696531	0.79409945
426	-56.28376187291202	0.79237264
427	-56.07765409272401	0.77795964
428	-55.87154631253601	0.7971618
429	-55.665438532348006	0.77041584
430	-55.45933075216001	0.8131451
431	-55.25322297197201	0.7966629
432	-55.047115191784	0.79434437
433	-54.84100741159602	0.83535624
434	-54.63489963140801	0.79947364
435	-54.42879185122001	0.79055244
436	-54.22268407103201	0.8358456
437	-54.01657629084401	0.7926029
438	-53.81046851065601	0.80580264
439	-53.604360730468	0.76738226
440	-53.39825295028	0.80920476
441	-53.19214517009202	0.7809294
442	-52.98603738990401	0.8085009
443	-52.779929609716014	0.77411616
444	-52.57382182952801	0.7636949
445	-52.36771404934001	0.83528686
446	-52.161606269152	0.86583513
447	-51.955498488964004	0.87808543
448	-51.74939070877602	0.8089752
449	-51.54328292858801	0.8113623
450	-51.337175148400014	0.7516966
451	-51.13106736821201	0.76118124
452	-50.92495958802401	0.809077
453	-50.718851807836	0.81401694
454	-50.512744027648004	0.81094706
455	-50.306636247460006	0.7740645
456	-50.100528467272014	0.8271991
457	-49.894420687084015	0.7869013
458	-49.68831290689601	0.79545754
459	-49.48220512670801	0.82022536
460	-49.27609734652001	0.8379468
461	-49.069989566332005	0.7707267
462	-48.863881786144006	0.84277266
463	-48.657774005956	0.79838496
464	-48.451666225768015	0.8174603
465	-48.24555844558001	0.835948
466	-48.03945066539201	0.7836984
467	-47.83334288520401	0.8239426
468	-47.627235105016005	0.7899577
469	-47.42112732482801	0.80709124
470	-47.21501954464	0.8444916
471	-47.008911764452016	0.77235025
472	-46.80280398426402	0.85567087
473	-46.59669620407601	0.7858277
474	-46.39058842388801	0.79211396
475	-46.184480643700006	0.779112
476	-45.97837286351201	0.7472234
477	-45.772265083324	0.7783092
478	-45.566157303136	0.8062367
479	-45.36004952294802	0.81514275
480	-45.15394174276001	0.78857034
481	-44.94783396257201	0.79666495
482	-44.74172618238401	0.76696986
483	-44.53561840219601	0.755928
484	-44.32951062200801	0.79454404
485	-44.12340284182	0.78389996
486	-43.91729506163202	0.7914897
487	-43.71118728144401	0.80051357
488	-43.50507950125601	0.7560403
489	-43.29897172106801	0.8099287
490	-43.09286394088001	0.79466176
491	-42.88675616069201	0.7885343
492	-42.680648380504	0.8314775
493	-42.474540600316004	0.79540926
494	-42.26843282012801	0.82902
495	-42.06232503994001	0.77072823
496	-41.856217259752015	0.79655993
497	-41.65010947956401	0.7646161
498	-41.44400169937601	0.7890402
499	-41.237893919188004	0.8421463
500	-41.031786139000005	0.79662025
501	-40.82567835881201	0.7917985
502	-40.619570578624014	0.72714263
503	-40.413462798436015	0.7304565
504	-40.20735501824801	0.7697387
505	-40.00124723806001	0.8265866
506	-39.795139457872004	0.7793106
507	-39.589031677684005	0.735869
508	-39.382923897496	0.8421349
509	-39.176816117308014	0.7742168
510	-38.970708337120016	0.8023636
511	-38.76460055693201	0.7834808
512	-38.55849277674401	0.773123
513	-38.352384996556005	0.7770504
514	-38.146277216368006	0.8041556
515	-37.94016943618001	0.79673445
516	-37.734061655992015	0.8273089
517	-37.527953875804016	0.7846096
518	-37.32184609561601	0.80599797
519	-37.11573831542801	0.78915507
520	-36.909630535240005	0.7751816
521	-36.703522755052006	0.7930277
522	-36.49741497486401	0.7690575
523	-36.291307194676	0.78393334
524	-36.08519941448802	0.79550505
525	-35.87909163430001	0.77887166
526	-35.67298385411201	0.81812924
527	-35.46687607392401	0.82184726
528	-35.26076829373601	0.7529195
529	-35.05466051354801	0.80785894
530	-34.84855273336	0.7759945
531	-34.64244495317202	0.7802284
532	-34.43633717298401	0.8501715
533	-34.23022939279601	0.7923796
534	-34.02412161260801	0.7969386
535	-33.81801383242001	0.82718444
536	-33.61190605223201	0.7921325
537	-33.405798272044	0.75377077
538	-33.199690491856	0.8092489
539	-32.99358271166802	0.7987544
540	-32.78747493148001	0.7597088
541	-32.581367151292014	0.8220668
542	-32.37525937110401	0.8128836
543	-32.16915159091601	0.8259027
544	-31.963043810728006	0.8073977
545	-31.756936030540004	0.80864227
546	-31.550828250352016	0.7925321
547	-31.344720470164013	0.7840309
548	-31.138612689976014	0.7664049
549	-30.932504909788012	0.79341084
550	-30.72639712960001	0.7562265
551	-30.520289349412007	0.7918385
552	-30.314181569224004	0.792063
553	-30.108073789036002	0.7931435
554	-29.901966008848017	0.7965711
555	-29.695858228660015	0.8597885
556	-29.489750448472012	0.7347182
557	-29.28364266828401	0.7789811
558	-29.077534888096007	0.8409262
559	-28.871427107908005	0.78139156
560	-28.665319327720006	0.7621687
561	-28.459211547532018	0.7477321
562	-28.253103767344015	0.84503114
563	-28.046995987156013	0.8130031
564	-27.84088820696801	0.78305763
565	-27.634780426780008	0.80340296
566	-27.42867264659201	0.7923475
567	-27.222564866404007	0.79977643
568	-27.016457086216004	0.8224166
569	-26.810349306028016	0.7975784
570	-26.604241525840013	0.7538813
571	-26.39813374565201	0.7861801
572	-26.192025965464012	0.7811065
573	-25.98591818527601	0.77768385
574	-25.779810405088007	0.8157958
575	-25.573702624900005	0.85135925
576	-25.367594844712002	0.8376591
577	-25.161487064524014	0.8008385
578	-24.955379284336015	0.77784115
579	-24.749271504148012	0.8028765
580	-24.54316372396001	0.7705894
581	-24.337055943772008	0.80689174
582	-24.130948163584005	0.7649076
583	-23.924840383396003	0.83885556
584	-23.718732603208018	0.76837116
585	-23.512624823020015	0.7368084
586	-23.306517042832013	0.7636994
587	-23.10040926264401	0.80911404
588	-22.894301482456008	0.831754
589	-22.688193702268006	0.8016726
590	-22.482085922080003	0.7497985
591	-22.275978141892004	0.7993022
592	-22.069870361704016	0.80821925
593	-21.863762581516013	0.76095456
594	-21.65765480132801	0.76890534
595	-21.45154702114001	0.82899874
596	-21.245439240952006	0.8360831
597	-21.039331460764007	0.7973949
598	-20.833223680576005	0.8095392
599	-20.627115900388016	0.7917952
600	-20.421008120200014	0.79383075
601	-20.21490034001201	0.7923082
602	-20.00879255982401	0.8392325
603	-19.80268477963601	0.8316942
604	-19.596576999448008	0.7825645
605	-19.390469219260005	0.8203499
606	-19.184361439072003	0.79654026
607	-18.978253658884014	0.77017933
608	-18.772145878696016	0.777468
609	-18.566038098508013	0.76026237
610	-18.35993031832001	0.7820556
611	-18.153822538132008	0.78515106
612	-17.947714757944006	0.7902248
613	-17.741606977756003	0.75669634
614	-17.53549919756802	0.78717
615	-17.329391417380016	0.7329541
616	-17.123283637192014	0.7999859
617	-16.91717585700401	0.8013977
618	-16.71106807681601	0.7634154
619	-16.504960296628006	0.8264438
620	-16.298852516440004	0.78067285
621	-16.092744736252005	0.8130474
622	-15.886636956064017	0.81633687
623	-15.680529175876014	0.784042
624	-15.474421395688012	0.7742845
625	-15.268313615500011	0.7911676
626	-15.062205835312009	0.74215204
627	-14.856098055124006	0.75131524
628	-14.649990274936004	0.8079331
629	-14.443882494748017	0.7874201
630	-14.237774714560015	0.76143163
631	-14.031666934372014	0.77097684
632	-13.825559154184011	0.78254855
633	-13.619451373996009	0.7786074
634	-13.413343593808007	0.7919356
635	-13.207235813620006	0.7884718
636	-13.001128033432003	0.74609405
637	-12.795020253244001	0.77947044
638	-12.588912473056	0.7041717
639	-12.382804692867998	0.78708005
640	-12.176696912679995	0.7714057
641	-11.970589132492023	0.7981379
642	-11.76448135230402	0.81398255
643	-11.55837357211602	0.76472354
644	-11.352265791928017	0.72722715
645	-11.146158011740015	0.7832865
646	-10.940050231552014	0.76491004
647	-10.733942451364012	0.80000234
648	-10.52783467117601	0.71459436
649	-10.321726890988007	0.7455237
650	-10.115619110800006	0.73570424
651	-9.909511330612004	0.8195
652	-9.703403550424001	0.7548376
653	-9.497295770236	0.78519756
654	-9.291187990047998	0.76419467
655	-9.085080209859996	0.7971838
656	-8.878972429672023	0.7852586
657	-8.672864649484021	0.81748873
658	-8.46675686929602	0.80023146
659	-8.260649089108018	0.7884782
660	-8.054541308920015	0.7850037
661	-7.848433528732014	0.80614716
662	-7.642325748544012	0.758938
663	-7.43621796835601	0.75620484
664	-7.230110188168008	0.7567925
665	-7.024002407980006	0.7794526
666	-6.817894627792004	0.7519115
667	-6.6117868476040025	0.69736624
668	-6.405679067416	0.77963996
669	-6.199571287227998	0.7560802
670	-5.993463507039996	0.75158757
671	-5.787355726852024	0.80929303
672	-5.581247946664021	0.7695057
673	-5.37514016647602	0.6858239
674	-5.169032386288018	0.7744078
675	-4.962924606100016	0.73028415
676	-4.756816825912014	0.7005228
677	-4.550709045724012	0.7678027
678	-4.34460126553601	0.8020102
679	-4.138493485348008	0.7163991
680	-3.932385705160006	0.7377074
681	-3.7262779249720044	0.7798589
682	-3.5201701447840024	0.8497129
683	-3.3140623645960003	0.69820654
684	-3.1079545844079983	0.7776829
685	-2.9018468042199967	0.78674084
686	-2.6957390240320236	0.7768846
687	-2.489631243844022	0.7379307
688	-2.28352346365602	0.7646837
689	-2.077415683468018	0.77070546
690	-1.871307903280016	0.6713528
691	-1.6652001230920142	0.73035926
692	-1.4590923429040121	0.69373655
693	-1.2529845627160103	0.6683841
694	-1.0468767825280083	0.60471183
695	-0.8407690023400064	0.6920419
696	-0.6346612221520045	0.63988984
697	-0.4285534419640026	0.60907674
698	-0.22244566177600064	0.56459504
699	-0.016337881587998707	0.61490786
700	0.1897698986000032	0.411366
701	0.39587767878797603	0.50870734
702	0.601985458975978	0.41635424
703	0.8080932391639799	0.45454192
704	1.0142010193519817	0.42319947
705	1.2203087995399837	0.3373346
706	1.4264165797279857	0.34097666
707	1.6325243599159875	0.30328208
708	1.8386321401039896	0.38916475
709	2.0447399202919914	0.1794569
710	2.2508477004799934	0.41006017
711	2.4569554806679954	0.37027833
712	2.6630632608559974	0.38508695
713	2.869171041043999	0.36468905
714	3.075278821232001	0.4077379
715	3.281386601420003	0.5978083
716	3.4874943816079758	0.6029885
717	3.693602161795978	0.58647954
718	3.89970994198398	0.59344757
719	4.105817722171982	0.4484533
720	4.311925502359983	0.4650479
721	4.518033282547986	0.43742344
722	4.724141062735987	0.53056383
723	4.930248842923989	0.51155996
724	5.1363566231119915	0.51393914
725	5.342464403299993	0.48219728
726	5.548572183487995	0.53728765
727	5.754679963675997	0.618037
728	5.960787743863999	0.5672838
729	6.166895524052001	0.6153884
730	6.373003304240003	0.57800895
731	6.579111084427976	0.6361565
732	6.7852188646159775	0.6866197
733	6.991326644803979	0.7224354
734	7.1974344249919815	0.72142965
735	7.403542205179983	0.7828182
736	7.6096499853679855	0.7317092
737	7.815757765555987	0.7019605
738	8.021865545743989	0.6893104
739	8.227973325931991	0.7827366
740	8.434081106119994	0.7758655
741	8.640188886307994	0.79651326
742	8.846296666495997	0.72781026
743	9.052404446684	0.76077455
744	9.258512226872	0.7608584
745	9.464620007060002	0.776471
746	9.670727787247975	0.8141657
747	9.876835567435977	0.7450961
748	10.08294334762398	0.75785357
749	10.28905112781198	0.8088597
750	10.495158907999983	0.77967894
751	10.701266688187985	0.7668011
752	10.907374468375988	0.8241186
753	11.113482248563988	0.8252242
754	11.31959002875199	0.7651035
755	11.525697808939993	0.76809555
756	11.731805589127994	0.7999518
757	11.937913369315996	0.7873346
758	12.144021149503999	0.80658597
759	12.350128929692	0.78206366
760	12.556236709880002	0.80730516
761	12.762344490067974	0.7790696
762	12.968452270255977	0.8017953
763	13.17456005044398	0.7952052
764	13.380667830631982	0.7848516
765	13.586775610819982	0.8082259
766	13.792883391007985	0.81275237
767	13.998991171195987	0.757958
768	14.205098951383988	0.77535295
769	14.41120673157199	0.7986006
770	14.617314511759993	0.7949827
771	14.823422291947994	0.79498935
772	15.029530072135996	0.7989954
773	15.235637852323999	0.8101389
774	15.441745632512	0.81749165
775	15.647853412700002	0.7937574
776	15.853961192887976	0.8034143
777	16.06006897307598	0.77231765
778	16.266176753263977	0.811345
779	16.47228453345198	0.8185692
780	16.678392313639982	0.7873544
781	16.884500093827985	0.7903799
782	17.090607874015987	0.79594994
783	17.29671565420399	0.79697716
784	17.502823434391992	0.8451216
785	17.70893121457999	0.8728383
786	17.915038994767993	0.7559623
787	18.121146774955996	0.7568883
788	18.327254555144	0.78801763
789	18.533362335332	0.8186961
790	18.739470115520003	0.75851804
791	18.945577895707974	0.7839489
792	19.151685675895976	0.7670479
793	19.35779345608398	0.7610986
794	19.56390123627198	0.7195837
795	19.770009016459984	0.7609313
796	19.976116796647986	0.7514125
797	20.182224576835985	0.7731009
798	20.388332357023987	0.773682
799	20.59444013721199	0.72181195
800	20.800547917399992	0.75459814
801	21.006655697587995	0.7187306
802	21.212763477775997	0.7439787
803	21.418871257963996	0.76764697
804	21.624979038152	0.7495921
805	21.83108681834	0.7712581
806	22.037194598527975	0.79176956
807	22.243302378715978	0.78055286
808	22.44941015890398	0.76671535
809	22.65551793909198	0.75981075
810	22.86162571927998	0.8045302
811	23.067733499467984	0.8206241
812	23.273841279655986	0.7610747
813	23.47994905984399	0.824337
814	23.68605684003199	0.77866864
815	23.89216462021999	0.8349906
816	24.098272400407993	0.79075277
817	24.304380180595995	0.77986115
818	24.510487960783998	0.8066606
819	24.716595740972	0.81555796
820	24.922703521160003	0.8231483
821	25.128811301347973	0.7831925
822	25.334919081535975	0.79419565
823	25.541026861723978	0.8133276
824	25.74713464191198	0.8260641
825	25.953242422099983	0.8058363
826	26.159350202287985	0.817251
827	26.365457982475984	0.8009456
828	26.571565762663987	0.7785597
829	26.77767354285199	0.79048425
830	26.98378132303999	0.77690387
831	27.189889103227994	0.8027747
832	27.395996883415997	0.81961554
833	27.602104663604	0.8157139
834	27.808212443791998	0.7909127
835	28.01432022398	0.8450243
836	28.220428004167974	0.8254871
837	28.426535784355977	0.81464815
838	28.63264356454398	0.7997247
839	28.83875134473198	0.7750806
840	29.04485912491998	0.77085656
841	29.250966905107983	0.83942026
842	29.457074685295986	0.8140911
843	29.663182465483988	0.7834906
844	29.86929024567199	0.82949233
845	30.07539802585999	0.8057264
846	30.281505806047992	0.80915475
847	30.487613586235994	0.7771817
848	30.693721366423997	0.784614
849	30.899829146612	0.7954288
850	31.105936926800002	0.8205815
851	31.312044706987972	0.77279055
852	31.518152487175975	0.79908264
853	31.724260267363977	0.8127697
854	31.93036804755198	0.8248494
855	32.13647582773998	0.8246767
856	32.342583607927985	0.8151351
857	32.548691388115984	0.78219455
858	32.75479916830399	0.8243559
859	32.96090694849199	0.8154913
860	33.167014728679995	0.8090569
861	33.37312250886799	0.8028315
862	33.57923028905599	0.79101026
863	33.785338069244	0.77491295
864	33.991445849432	0.7757435
865	34.19755362962	0.84688675
866	34.403661409807974	0.8018043
867	34.60976918999597	0.7865128
868	34.81587697018398	0.8658072
869	35.02198475037198	0.85207856
870	35.228092530559984	0.79611695
871	35.43420031074798	0.77371794
872	35.64030809093599	0.83468056
873	35.84641587112399	0.7470284
874	36.052523651311986	0.7750523
875	36.25863143149999	0.7753008
876	36.46473921168799	0.8384804
877	36.670846991876	0.79088813
878	36.876954772063996	0.80812323
879	37.083062552251995	0.8156244
880	37.28917033244	0.78774863
881	37.49527811262797	0.81964827
882	37.70138589281598	0.8431145
883	37.90749367300398	0.80843836
884	38.113601453191976	0.7947035
885	38.31970923337998	0.7805846
886	38.52581701356798	0.7699915
887	38.73192479375599	0.78970563
888	38.938032573943985	0.80721796
889	39.14414035413199	0.80010974
890	39.35024813431999	0.8268612
891	39.55635591450799	0.7728209
892	39.762463694695995	0.7813104
893	39.968571474883994	0.81507355
894	40.174679255072	0.8102333
895	40.38078703526	0.79870164
896	40.58689481544797	0.82913864
897	40.793002595635976	0.8380756
898	40.999110375823975	0.80243343
899	41.20521815601198	0.82916164
900	41.41132593619998	0.7726919
901	41.617433716387985	0.8093382
902	41.823541496575984	0.75100803
903	42.02964927676398	0.82115895
904	42.23575705695199	0.75633085
905	42.44186483713999	0.772666
906	42.647972617327994	0.7968765
907	42.85408039751599	0.79110914
908	43.060188177704	0.8426294
909	43.266295957892	0.82179344
910	43.47240373808	0.775692
911	43.678511518268	0.77617836
912	43.88461929845597	0.8186125
913	44.09072707864398	0.80474305
914	44.29683485883198	0.82408214
915	44.50294263901998	0.80916363
916	44.70905041920798	0.7965351
917	44.91515819939598	0.8018845
918	45.12126597958399	0.78511417
919	45.32737375977199	0.8571898
920	45.53348153995999	0.7959964
921	45.73958932014799	0.8028391
922	45.94569710033599	0.801207
923	46.151804880524	0.82633346
924	46.357912660711996	0.8342974
925	46.5640204409	0.8053288
926	46.770128221088	0.8350557
927	46.97623600127597	0.8138089
928	47.18234378146398	0.7548363
929	47.388451561651976	0.7812777
930	47.59455934183998	0.7560713
931	47.80066712202798	0.80190575
932	48.00677490221599	0.7875366
933	48.212882682403986	0.8307988
934	48.418990462591985	0.7834595
935	48.62509824277999	0.7814789
936	48.83120602296799	0.8013897
937	49.037313803155996	0.78528064
938	49.243421583343995	0.7952955
939	49.449529363532	0.76550823
940	49.65563714372	0.80506694
941	49.861744923908	0.8064035
942	50.067852704095976	0.86177146
943	50.273960484283975	0.8056941
944	50.48006826447198	0.7918965
945	50.68617604465998	0.81691396
946	50.89228382484798	0.80201906
947	51.098391605035985	0.8303884
948	51.304499385223984	0.74169743
949	51.51060716541199	0.8115983
950	51.71671494559999	0.79158694
951	51.922822725787995	0.77894497
952	52.128930505975994	0.757082
953	52.33503828616399	0.83841753
954	52.541146066352	0.77747464
955	52.74725384654	0.78522223
956	52.953361626728004	0.7495411
957	53.159469406915974	0.7595592
958	53.36557718710397	0.81488854
959	53.57168496729198	0.7998215
960	53.77779274747998	0.79467314
961	53.983900527667984	0.80416787
962	54.19000830785598	0.79775745
963	54.39611608804399	0.7784205
964	54.60222386823199	0.8395228
965	54.80833164841999	0.78856134
966	55.01443942860799	0.7936161
967	55.22054720879599	0.8009791
968	55.426654988984	0.8084604
969	55.632762769172	0.7899548
970	55.838870549359996	0.79931885
971	56.044978329548	0.7720631
972	56.25108610973597	0.8072275
973	56.45719388992398	0.82078665
974	56.66330167011198	0.78974164
975	56.86940945029998	0.766171
976	57.07551723048798	0.82435036
977	57.28162501067598	0.8038238
978	57.48773279086399	0.824038
979	57.693840571051986	0.8249131
980	57.89994835123999	0.7935389
981	58.10605613142799	0.78627354
982	58.31216391161599	0.8267648
983	58.518271691803996	0.77293795
984	58.724379471991995	0.80081075
985	58.93048725218	0.8249213
986	59.136595032368	0.80793726
987	59.34270281255597	0.8211739
988	59.548810592743976	0.7912275
989	59.754918372931975	0.8031771
990	59.96102615311998	0.7633904
991	60.16713393330798	0.7551476
992	60.373241713495986	0.7766407
993	60.579349493683985	0.8432594
994	60.785457273871984	0.7818435
995	60.99156505405999	0.8278354
996	61.19767283424799	0.8051437
997	61.403780614435995	0.8104424
998	61.609888394623994	0.7924706
999	61.815996174812	0.81422246
1000	62.022103955	0.77511173
1001	62.228211735188	0.7844485
1002	62.434319515375975	0.7692017
1003	62.640427295563974	0.8101733
1004	62.84653507575198	0.8466297
1005	63.05264285593998	0.8008076
1006	63.25875063612798	0.76335377
1007	63.464858416315984	0.8114251
1008	63.67096619650398	0.7865328
1009	63.87707397669199	0.8264597
1010	64.08318175688	0.768129
1011	64.28928953706799	0.77676344
1012	64.49539731725599	0.8407861
1013	64.701505097444	0.8122943
1014	64.90761287763199	0.86607665
1015	65.11372065782	0.8109831
1016	65.319828438008	0.7691207
1017	65.52593621819598	0.7562935
1018	65.73204399838397	0.79921544
1019	65.93815177857198	0.79719377
1020	66.14425955875998	0.77979136
1021	66.35036733894798	0.8216784
1022	66.55647511913598	0.7629765
1023	66.76258289932399	0.7601111
1024	66.96869067951198	0.78360295
1025	67.17479845969999	0.80214226
1026	67.38090623988799	0.802632
1027	67.587014020076	0.8458527
1028	67.79312180026399	0.799684
1029	67.999229580452	0.8082839
1030	68.20533736064	0.80698204
1031	68.411445140828	0.757178
1032	68.61755292101597	0.79108274
1033	68.82366070120398	0.7320395
1034	69.02976848139198	0.7626287
1035	69.23587626157997	0.81029147
1036	69.44198404176798	0.81932086
1037	69.64809182195599	0.8012313
1038	69.85419960214398	0.7847094
1039	70.06030738233198	0.77677613
1040	70.26641516251999	0.77005535
1041	70.472522942708	0.76305574
1042	70.67863072289599	0.8290795
1043	70.884738503084	0.8055765
1044	71.090846283272	0.8545041
1045	71.29695406345999	0.7818557
1046	71.503061843648	0.8397456
1047	71.70916962383598	0.7990506
1048	71.91527740402397	0.7762904
1049	72.12138518421197	0.82980245
1050	72.32749296439998	0.795382
1051	72.53360074458799	0.7952243
1052	72.73970852477598	0.8275353
1053	72.94581630496398	0.7947958
1054	73.15192408515199	0.8230418
1055	73.35803186533998	0.7999773
1056	73.56413964552799	0.76862466
1057	73.770247425716	0.80032253
1058	73.976355205904	0.78183633
1059	74.18246298609199	0.7738898
1060	74.38857076628	0.7631796
1061	74.594678546468	0.7882622
1062	74.80078632665597	0.790424
1063	75.00689410684397	0.7459389
1064	75.21300188703198	0.76954037
1065	75.41910966721998	0.80442804
1066	75.62521744740798	0.8058713
1067	75.83132522759598	0.85179377
1068	76.03743300778399	0.794024
1069	76.24354078797198	0.8086324
1070	76.44964856815999	0.78204167
1071	76.65575634834799	0.7999435
1072	76.861864128536	0.767972
1073	77.06797190872399	0.80403256
1074	77.274079688912	0.84548676
1075	77.4801874691	0.8002649
1076	77.686295249288	0.8294245
1077	77.89240302947597	0.79173285
1078	78.09851080966398	0.80244046
1079	78.30461858985197	0.79710233
1080	78.51072637003998	0.7883246
1081	78.71683415022798	0.7992874
1082	78.92294193041599	0.82280016
1083	79.12904971060398	0.8296257
1084	79.33515749079199	0.8056859
1085	79.54126527097999	0.81837463
1086	79.74737305116798	0.7867656
1087	79.95348083135599	0.7811238
1088	80.159588611544	0.92181444
1089	80.365696391732	0.7806156
1090	80.57180417192	0.8151684
1091	80.777911952108	0.8066506
1092	80.98401973229598	0.8127375
1093	81.19012751248397	0.82637274
1094	81.39623529267197	0.80588746
1095	81.60234307285998	0.78493047
1096	81.80845085304799	0.86419547
1097	82.01455863323598	0.7832669
1098	82.22066641342398	0.7518239
1099	82.42677419361199	0.80960035
1100	82.63288197379998	0.801043
1101	82.83898975398799	0.76647604
1102	83.045097534176	0.80249506
1103	83.251205314364	0.7761703
1104	83.45731309455199	0.8067666
1105	83.66342087474	0.8296767
1106	83.869528654928	0.83499587
1107	84.07563643511597	0.80926377
1108	84.28174421530397	0.8092731
1109	84.48785199549198	0.7939515
1110	84.69395977567997	0.82509434
1111	84.90006755586798	0.77834743
1112	85.10617533605598	0.7960844
1113	85.31228311624399	0.7730454
1114	85.51839089643198	0.8254446
1115	85.72449867661999	0.79036045
1116	85.930606456808	0.7726438
1117	86.13671423699599	0.8354192
1118	86.34282201718399	0.79139763
1119	86.548929797372	0.8131052
1120	86.75503757756	0.7769388
1121	86.961145357748	0.7838952
1122	87.16725313793597	0.82878363
1123	87.37336091812398	0.79220146
1124	87.57946869831197	0.81509554
1125	87.78557647849998	0.79786015
1126	87.99168425868798	0.8366772
1127	88.19779203887597	0.7986063
1128	88.40389981906398	0.83469623
1129	88.61000759925199	0.81389874
1130	88.81611537943999	0.818234
1131	89.02222315962798	0.846542
1132	89.22833093981599	0.78328276
1133	89.434438720004	0.7773817
1134	89.64054650019199	0.79418916
1135	89.84665428038	0.7838869
1136	90.052762060568	0.8342555
1137	90.25886984075598	0.7876576
1138	90.46497762094397	0.75078356
1139	90.67108540113198	0.7817155
1140	90.87719318131998	0.803522
1141	91.08330096150797	0.8313248
1142	91.28940874169598	0.8045423
1143	91.49551652188399	0.79605806
1144	91.70162430207199	0.7695213
1145	91.90773208225998	0.8186874
1146	92.11383986244799	0.8102032
1147	92.319947642636	0.8091837
1148	92.52605542282399	0.77741194
1149	92.73216320301199	0.78523254
1150	92.9382709832	0.80771595
1151	93.144378763388	0.8276779
1152	93.350486543576	0.7716886
1153	93.55659432376397	0.79619235
1154	93.76270210395198	0.7976947
1155	93.96880988413997	0.798303
1156	94.17491766432798	0.8361008
1157	94.38102544451598	0.8102958
1158	94.58713322470398	0.8042984
1159	94.79324100489198	0.78203464
1160	94.99934878507999	0.7818298
1161	95.205456565268	0.8069238
1162	95.41156434545599	0.7546338
1163	95.61767212564399	0.8042874
1164	95.823779905832	0.7057767
1165	96.02988768601999	0.7698812
1166	96.235995466208	0.8357033
1167	96.442103246396	0.83037406
1168	96.64821102658398	0.7821828
1169	96.85431880677197	0.7754782
1170	97.06042658695998	0.83080685
1171	97.26653436714798	0.79708374
1172	97.47264214733597	0.848928
1173	97.67874992752398	0.78091574
1174	97.88485770771199	0.81663996
1175	98.0909654879	0.7799287
1176	98.29707326808798	0.7943894
1177	98.50318104827599	0.8352399
1178	98.709288828464	0.8169475
1179	98.91539660865199	0.8220864
1180	99.12150438884	0.79719913
1181	99.327612169028	0.760233
1182	99.533719949216	0.82387966
1183	99.73982772940397	0.78342474
1184	99.94593550959198	0.7990499
1185	100.15204328977998	0.76437443
1186	100.35815106996797	0.7981421
1187	100.56425885015598	0.80683726
1188	100.77036663034399	0.8128932
1189	100.97647441053198	0.7831586
1190	101.18258219071998	0.8400832
1191	101.38868997090799	0.76820946
1192	101.594797751096	0.8277012
1193	101.80090553128399	0.7796217
1194	102.007013311472	0.78348845
1195	102.21312109166	0.7736435
1196	102.41922887184799	0.7835354
1197	102.625336652036	0.7926987
1198	102.83144443222398	0.847536
1199	103.03755221241198	0.84001184
1200	103.24365999259997	0.81883997
1201	103.44976777278798	0.802986
1202	103.65587555297598	0.81234175
1203	103.86198333316398	0.77506065
1204	104.06809111335198	0.7824092
1205	104.27419889353999	0.8685024
1206	104.480306673728	0.76560736
1207	104.68641445391599	0.80480903
1208	104.89252223410399	0.81521195
1209	105.098630014292	0.7859427
1210	105.30473779447999	0.85128343
1211	105.510845574668	0.7847302
1212	105.716953354856	0.79715383
1213	105.92306113504397	0.80356646
1214	106.12916891523197	0.8175198
1215	106.33527669541998	0.8187786
1216	106.54138447560798	0.8415037
1217	106.74749225579598	0.8371565
1218	106.95360003598398	0.80740464
1219	107.15970781617199	0.74112165
1220	107.36581559635998	0.83228135
1221	107.57192337654799	0.8034835
1222	107.77803115673599	0.8265071
1223	107.984138936924	0.78663176
1224	108.19024671711199	0.8081471
1225	108.3963544973	0.8244679
1226	108.602462277488	0.80487275
1227	108.808570057676	0.8141344
1228	109.01467783786397	0.7875524
1229	109.22078561805198	0.81078374
1230	109.42689339823997	0.7873177
1231	109.63300117842797	0.82777
1232	109.83910895861598	0.8113578
1233	110.04521673880399	0.8415672
1234	110.25132451899198	0.79664844
1235	110.45743229917998	0.8539925
1236	110.66354007936799	0.7884525
1237	110.86964785955598	0.8083616
1238	111.07575563974399	0.7937158
1239	111.281863419932	0.7774089
1240	111.48797120012	0.80983615
1241	111.69407898030799	0.81371975
1242	111.900186760496	0.8420797
1243	112.10629454068398	0.8259134
1244	112.31240232087197	0.8042911
1245	112.51851010105997	0.85498035
1246	112.72461788124798	0.7856529
1247	112.93072566143599	0.8018584
1248	113.13683344162398	0.79087603
1249	113.34294122181198	0.76717496
1250	113.54904900199999	0.80715334
1251	113.75515678218798	0.781736
1252	113.96126456237599	0.76066715
1253	114.167372342564	0.77840066
1254	114.373480122752	0.7906831
1255	114.57958790293999	0.7828105
1256	114.785695683128	0.8131738
1257	114.991803463316	0.7816624
1258	115.19791124350397	0.8242327
1259	115.40401902369197	0.79186636
1260	115.61012680387998	0.8146382
1261	115.81623458406797	0.8285454
1262	116.02234236425598	0.79362875
1263	116.22845014444398	0.8263635
1264	116.43455792463199	0.7937015
1265	116.64066570481998	0.7921717
1266	116.84677348500799	0.8004545
1267	117.05288126519599	0.7764446
1268	117.25898904538398	0.8248373
1269	117.46509682557199	0.7891989
1270	117.67120460576	0.8237713
1271	117.877312385948	0.79350156
1272	118.083420166136	0.79666644
1273	118.28952794632397	0.77016723
1274	118.495635726512	0.8232356
1275	118.70174350669997	0.81326854
1276	118.907851286888	0.8011976
1277	119.11395906707598	0.8423831
1278	119.32006684726402	0.81425655
1279	119.52617462745198	0.76728535
1280	119.73228240764001	0.7829094
1281	119.93839018782799	0.78459924
1282	120.14449796801595	0.7720087
1283	120.35060574820399	0.76066005
1284	120.55671352839197	0.79867965
1285	120.76282130858	0.7771839
1286	120.96892908876796	0.81694144
1287	121.175036868956	0.8093732
1288	121.38114464914398	0.7900327
1289	121.587252429332	0.8278915
1290	121.79336020951997	0.8253021
1291	121.99946798970801	0.8438444
1292	122.20557576989597	0.7811045
1293	122.411683550084	0.8185295
1294	122.61779133027198	0.8116738
1295	122.82389911046002	0.755561
1296	123.03000689064798	0.78122
1297	123.23611467083596	0.8032101
1298	123.442222451024	0.81437945
1299	123.64833023121196	0.8208259
1300	123.85443801139999	0.77889013
1301	124.06054579158797	0.8165442
1302	124.266653571776	0.783791
1303	124.47276135196397	0.81086624
1304	124.678869132152	0.81731266
1305	124.88497691233998	0.7680803
1306	125.091084692528	0.81229496
1307	125.29719247271598	0.7985404
1308	125.50330025290401	0.80266356
1309	125.70940803309199	0.8277102
1310	125.91551581328001	0.7797661
1311	126.12162359346799	0.80040866
1312	126.32773137365596	0.821659
1313	126.53383915384399	0.82973796
1314	126.73994693403196	0.7996333
1315	126.94605471422	0.8168251
1316	127.15216249440796	0.7981063
1317	127.358270274596	0.7936348
1318	127.56437805478397	0.76420176
1319	127.770485834972	0.8343709
1320	127.97659361515997	0.8210532
1321	128.182701395348	0.7638831
1322	128.38880917553598	0.789809
1323	128.59491695572402	0.7622508
1324	128.801024735912	0.83911467
1325	129.0071325161	0.83393323
1326	129.21324029628798	0.7924423
1327	129.41934807647596	0.7809291
1328	129.625455856664	0.81452143
1329	129.83156363685197	0.779409
1330	130.03767141704	0.7887525
1331	130.24377919722798	0.7595428
1332	130.44988697741599	0.7782541
1333	130.65599475760396	0.7984341
1334	130.862102537792	0.80925834
1335	131.06821031797998	0.7934326
1336	131.274318098168	0.78082484
1337	131.480425878356	0.8039825
1338	131.68653365854402	0.8222647
1339	131.89264143873197	0.7915152
1340	132.09874921892	0.7661989
1341	132.30485699910798	0.8071943
1342	132.51096477929596	0.8192683
1343	132.717072559484	0.7785946
1344	132.92318033967197	0.78988904
1345	133.12928811986	0.8097538
1346	133.33539590004796	0.7824642
1347	133.541503680236	0.7867685
1348	133.74761146042397	0.77477384
1349	133.953719240612	0.80519104
1350	134.15982702079998	0.8313462
1351	134.36593480098801	0.81501937
1352	134.57204258117596	0.80626166
1353	134.778150361364	0.8335317
1354	134.98425814155198	0.7806656
1355	135.19036592174	0.79349625
1356	135.396473701928	0.77559024
1357	135.60258148211597	0.7764844
1358	135.808689262304	0.81420887
1359	136.01479704249195	0.81760645
1360	136.22090482267998	0.81429076
1361	136.42701260286796	0.790486
1362	136.633120383056	0.8697623
1363	136.83922816324397	0.81645197
1364	137.045335943432	0.800319
1365	137.25144372361999	0.7626096
1366	137.457551503808	0.7895588
1367	137.66365928399597	0.8143847
1368	137.869767064184	0.80596036
1369	138.07587484437198	0.81259507
1370	138.28198262456002	0.7751354
1371	138.488090404748	0.80014503
1372	138.69419818493597	0.7973957
1373	138.90030596512398	0.7960414
1374	139.10641374531195	0.79359204
1375	139.3125215255	0.7875892
1376	139.51862930568797	0.7739498
1377	139.724737085876	0.8061713
1378	139.93084486606398	0.7927145
1379	140.136952646252	0.8029673
1380	140.34306042643996	0.79460126
1381	140.549168206628	0.78804326
1382	140.75527598681597	0.781483
1383	140.961383767004	0.79854333
1384	141.167491547192	0.8077723
1385	141.37359932738002	0.8343044
1386	141.579707107568	0.78269637
1387	141.78581488775595	0.8059044
1388	141.99192266794398	0.79881495
1389	142.19803044813196	0.80012864
1390	142.40413822832	0.78080934
1391	142.61024600850797	0.80125844
1392	142.816353788696	0.8034188
1393	143.02246156888398	0.82668716
1394	143.228569349072	0.8175724
1395	143.43467712925997	0.7703159
1396	143.640784909448	0.795413
1397	143.84689268963598	0.79781044
1398	144.053000469824	0.7727527
1399	144.259108250012	0.7894286
1400	144.46521603020003	0.7871718
1401	144.67132381038797	0.7864639
1402	144.87743159057595	0.80557305
1403	145.083539370764	0.74451196
1404	145.28964715095196	0.7774323
1405	145.49575493114	0.8289907
1406	145.70186271132798	0.77578914
1407	145.90797049151598	0.7726394
1408	146.11407827170396	0.79793787
1409	146.320186051892	0.7760027
1410	146.52629383207997	0.8068057
1411	146.732401612268	0.8191522
1412	146.93850939245598	0.8281359
1413	147.14461717264402	0.8259381
1414	147.35072495283197	0.8473612
1415	147.55683273302	0.8012546
1416	147.76294051320798	0.8035663
1417	147.96904829339596	0.78550786
1418	148.175156073584	0.7701704
1419	148.38126385377197	0.7817794
1420	148.58737163396	0.8123152
1421	148.79347941414795	0.8256375
1422	148.999587194336	0.78588176
1423	149.20569497452396	0.8292758
1424	149.411802754712	0.82349896
1425	149.61791053489998	0.8229176
1426	149.824018315088	0.82909435
1427	150.030126095276	0.7798581
1428	150.236233875464	0.7853062
1429	150.44234165565197	0.781778
1430	150.64844943584	0.7844373
1431	150.85455721602798	0.77387357
1432	151.06066499621596	0.7881008
1433	151.266772776404	0.8144097
1434	151.47288055659197	0.81470937
1435	151.67898833677998	0.7868169
1436	151.88509611696796	0.80095804
1437	152.091203897156	0.79813874
1438	152.29731167734397	0.79773617
1439	152.503419457532	0.7871
1440	152.70952723771998	0.762679
1441	152.91563501790802	0.811304
1442	153.12174279809597	0.7808073
1443	153.327850578284	0.8040366
1444	153.53395835847198	0.7890318
1445	153.74006613866	0.8249897
1446	153.946173918848	0.8039447
1447	154.15228169903597	0.8104887
1448	154.358389479224	0.77697045
1449	154.56449725941195	0.80100715
1450	154.77060503959999	0.8152982
1451	154.97671281978796	0.7864853
1452	155.182820599976	0.79880226
1453	155.38892838016397	0.7703726
1454	155.595036160352	0.8059828
1455	155.80114394053996	0.8118473
1456	156.007251720728	0.80283475
1457	156.21335950091597	0.7999987
1458	156.419467281104	0.75634754
1459	156.62557506129198	0.78996634
1460	156.83168284148002	0.8134842
1461	157.037790621668	0.7949121
1462	157.24389840185594	0.8025533
1463	157.45000618204398	0.7790945
1464	157.65611396223196	0.77877283
1465	157.86222174242	0.79585075
1466	158.06832952260797	0.80746686
1467	158.274437302796	0.8018259
1468	158.48054508298398	0.8180987
1469	158.686652863172	0.839442
1470	158.89276064335996	0.7911898
1471	159.098868423548	0.821576
1472	159.30497620373598	0.8006717
1473	159.511083983924	0.8212251
1474	159.717191764112	0.8256451
1475	159.92329954430002	0.78708845
1476	160.12940732448797	0.80969524
1477	160.33551510467595	0.81288534
1478	160.54162288486398	0.7917304
1479	160.74773066505196	0.81283313
1480	160.95383844524	0.80710125
1481	161.15994622542797	0.79782313
1482	161.366054005616	0.8169809
1483	161.57216178580396	0.81936574
1484	161.778269565992	0.8377597
1485	161.98437734617997	0.76648796
1486	162.190485126368	0.8003529
1487	162.39659290655598	0.77795756
1488	162.60270068674402	0.78335786
1489	162.808808466932	0.8389523
1490	163.01491624712	0.84422415
1491	163.22102402730798	0.7943899
1492	163.42713180749595	0.77705353
1493	163.633239587684	0.7439689
1494	163.83934736787197	0.8289335
1495	164.04545514806	0.78831476
1496	164.25156292824798	0.78840905
1497	164.45767070843598	0.87125504
1498	164.66377848862396	0.8505248
1499	164.869886268812	0.79244167
